<?xml version="1.0" encoding="utf-8"?>
<COLLADA xmlns="http://www.collada.org/2005/11/COLLADASchema" version="1.4.1">
  <asset>
    <contributor>
      <author>Mixamo</author>
      <authoring_tool>COLLADA Mixamo exporter</authoring_tool>
      <comments/>
    </contributor>
    <created>2024-04-04T04:21:27Z</created>
    <modified>2024-04-04T04:21:27Z</modified>
    <revision/>
    <title/>
    <unit meter="0.010000"/>
    <up_axis>Y_UP</up_axis>
  </asset>
  <library_animations>
    <animation id="Armature-anim" name="Armature">
      <source id="Armature-Matrix-animation-input">
        <float_array id="Armature-Matrix-animation-input-array" count="103">

0.000000 0.033333 0.066667 0.100000 0.133333 0.166667 0.200000 0.233333 0.266667 0.300000 0.333333 0.366667 0.400000 0.433333 0.466667 0.500000
0.533333 0.566667 0.600000 0.633333 0.666667 0.700000 0.733333 0.766667 0.800000 0.833333 0.866667 0.900000 0.933333 0.966667 1.000000 1.033333
1.066667 1.100000 1.133333 1.166667 1.200000 1.233333 1.266667 1.300000 1.333333 1.366667 1.400000 1.433333 1.466667 1.500000 1.533333 1.566667
1.600000 1.633333 1.666667 1.700000 1.733333 1.766667 1.800000 1.833333 1.866667 1.900000 1.933333 1.966667 2.000000 2.033333 2.066667 2.100000
2.133333 2.166667 2.200000 2.233333 2.266667 2.300000 2.333333 2.366667 2.400000 2.433333 2.466667 2.500000 2.533333 2.566667 2.600000 2.633333
2.666667 2.700000 2.733333 2.766667 2.800000 2.833333 2.866667 2.900000 2.933333 2.966667 3.000000 3.033333 3.066667 3.100000 3.133333 3.166667
3.200000 3.233333 3.266667 3.300000 3.333333 3.366667 3.400000</float_array>
        <technique_common>
          <accessor source="#Armature-Matrix-animation-input-array" count="103">
            <param name="TIME" type="float"/>
          </accessor>
        </technique_common>
      </source>
      <source id="Armature-Matrix-animation-output-transform">
        <float_array id="Armature-Matrix-animation-output-transform-array" count="1648">

1.000000 0.000000 0.000000 0.000000 0.000000 1.000000 0.000000 0.000000 0.000000 0.000000 1.000000 0.000000 0.000000 0.000000 0.000000 1.000000
1.000000 0.000000 0.000000 0.000000 0.000000 1.000000 0.000000 0.000000 0.000000 0.000000 1.000000 0.000000 0.000000 0.000000 0.000000 1.000000
1.000000 0.000000 0.000000 0.000000 0.000000 1.000000 0.000000 0.000000 0.000000 0.000000 1.000000 0.000000 0.000000 0.000000 0.000000 1.000000
1.000000 0.000000 0.000000 0.000000 0.000000 1.000000 0.000000 0.000000 0.000000 0.000000 1.000000 0.000000 0.000000 0.000000 0.000000 1.000000
1.000000 0.000000 0.000000 0.000000 0.000000 1.000000 0.000000 0.000000 0.000000 0.000000 1.000000 0.000000 0.000000 0.000000 0.000000 1.000000
1.000000 0.000000 0.000000 0.000000 0.000000 1.000000 0.000000 0.000000 0.000000 0.000000 1.000000 0.000000 0.000000 0.000000 0.000000 1.000000
1.000000 0.000000 0.000000 0.000000 0.000000 1.000000 0.000000 0.000000 0.000000 0.000000 1.000000 0.000000 0.000000 0.000000 0.000000 1.000000
1.000000 0.000000 0.000000 0.000000 0.000000 1.000000 0.000000 0.000000 0.000000 0.000000 1.000000 0.000000 0.000000 0.000000 0.000000 1.000000
1.000000 0.000000 0.000000 0.000000 0.000000 1.000000 0.000000 0.000000 0.000000 0.000000 1.000000 0.000000 0.000000 0.000000 0.000000 1.000000
1.000000 0.000000 0.000000 0.000000 0.000000 1.000000 0.000000 0.000000 0.000000 0.000000 1.000000 0.000000 0.000000 0.000000 0.000000 1.000000
1.000000 0.000000 0.000000 0.000000 0.000000 1.000000 0.000000 0.000000 0.000000 0.000000 1.000000 0.000000 0.000000 0.000000 0.000000 1.000000
1.000000 0.000000 0.000000 0.000000 0.000000 1.000000 0.000000 0.000000 0.000000 0.000000 1.000000 0.000000 0.000000 0.000000 0.000000 1.000000
1.000000 0.000000 0.000000 0.000000 0.000000 1.000000 0.000000 0.000000 0.000000 0.000000 1.000000 0.000000 0.000000 0.000000 0.000000 1.000000
1.000000 0.000000 0.000000 0.000000 0.000000 1.000000 0.000000 0.000000 0.000000 0.000000 1.000000 0.000000 0.000000 0.000000 0.000000 1.000000
1.000000 0.000000 0.000000 0.000000 0.000000 1.000000 0.000000 0.000000 0.000000 0.000000 1.000000 0.000000 0.000000 0.000000 0.000000 1.000000
1.000000 0.000000 0.000000 0.000000 0.000000 1.000000 0.000000 0.000000 0.000000 0.000000 1.000000 0.000000 0.000000 0.000000 0.000000 1.000000
1.000000 0.000000 0.000000 0.000000 0.000000 1.000000 0.000000 0.000000 0.000000 0.000000 1.000000 0.000000 0.000000 0.000000 0.000000 1.000000
1.000000 0.000000 0.000000 0.000000 0.000000 1.000000 0.000000 0.000000 0.000000 0.000000 1.000000 0.000000 0.000000 0.000000 0.000000 1.000000
1.000000 0.000000 0.000000 0.000000 0.000000 1.000000 0.000000 0.000000 0.000000 0.000000 1.000000 0.000000 0.000000 0.000000 0.000000 1.000000
1.000000 0.000000 0.000000 0.000000 0.000000 1.000000 0.000000 0.000000 0.000000 0.000000 1.000000 0.000000 0.000000 0.000000 0.000000 1.000000
1.000000 0.000000 0.000000 0.000000 0.000000 1.000000 0.000000 0.000000 0.000000 0.000000 1.000000 0.000000 0.000000 0.000000 0.000000 1.000000
1.000000 0.000000 0.000000 0.000000 0.000000 1.000000 0.000000 0.000000 0.000000 0.000000 1.000000 0.000000 0.000000 0.000000 0.000000 1.000000
1.000000 0.000000 0.000000 0.000000 0.000000 1.000000 0.000000 0.000000 0.000000 0.000000 1.000000 0.000000 0.000000 0.000000 0.000000 1.000000
1.000000 0.000000 0.000000 0.000000 0.000000 1.000000 0.000000 0.000000 0.000000 0.000000 1.000000 0.000000 0.000000 0.000000 0.000000 1.000000
1.000000 0.000000 0.000000 0.000000 0.000000 1.000000 0.000000 0.000000 0.000000 0.000000 1.000000 0.000000 0.000000 0.000000 0.000000 1.000000
1.000000 0.000000 0.000000 0.000000 0.000000 1.000000 0.000000 0.000000 0.000000 0.000000 1.000000 0.000000 0.000000 0.000000 0.000000 1.000000
1.000000 0.000000 0.000000 0.000000 0.000000 1.000000 0.000000 0.000000 0.000000 0.000000 1.000000 0.000000 0.000000 0.000000 0.000000 1.000000
1.000000 0.000000 0.000000 0.000000 0.000000 1.000000 0.000000 0.000000 0.000000 0.000000 1.000000 0.000000 0.000000 0.000000 0.000000 1.000000
1.000000 0.000000 0.000000 0.000000 0.000000 1.000000 0.000000 0.000000 0.000000 0.000000 1.000000 0.000000 0.000000 0.000000 0.000000 1.000000
1.000000 0.000000 0.000000 0.000000 0.000000 1.000000 0.000000 0.000000 0.000000 0.000000 1.000000 0.000000 0.000000 0.000000 0.000000 1.000000
1.000000 0.000000 0.000000 0.000000 0.000000 1.000000 0.000000 0.000000 0.000000 0.000000 1.000000 0.000000 0.000000 0.000000 0.000000 1.000000
1.000000 0.000000 0.000000 0.000000 0.000000 1.000000 0.000000 0.000000 0.000000 0.000000 1.000000 0.000000 0.000000 0.000000 0.000000 1.000000
1.000000 0.000000 0.000000 0.000000 0.000000 1.000000 0.000000 0.000000 0.000000 0.000000 1.000000 0.000000 0.000000 0.000000 0.000000 1.000000
1.000000 0.000000 0.000000 0.000000 0.000000 1.000000 0.000000 0.000000 0.000000 0.000000 1.000000 0.000000 0.000000 0.000000 0.000000 1.000000
1.000000 0.000000 0.000000 0.000000 0.000000 1.000000 0.000000 0.000000 0.000000 0.000000 1.000000 0.000000 0.000000 0.000000 0.000000 1.000000
1.000000 0.000000 0.000000 0.000000 0.000000 1.000000 0.000000 0.000000 0.000000 0.000000 1.000000 0.000000 0.000000 0.000000 0.000000 1.000000
1.000000 0.000000 0.000000 0.000000 0.000000 1.000000 0.000000 0.000000 0.000000 0.000000 1.000000 0.000000 0.000000 0.000000 0.000000 1.000000
1.000000 0.000000 0.000000 0.000000 0.000000 1.000000 0.000000 0.000000 0.000000 0.000000 1.000000 0.000000 0.000000 0.000000 0.000000 1.000000
1.000000 0.000000 0.000000 0.000000 0.000000 1.000000 0.000000 0.000000 0.000000 0.000000 1.000000 0.000000 0.000000 0.000000 0.000000 1.000000
1.000000 0.000000 0.000000 0.000000 0.000000 1.000000 0.000000 0.000000 0.000000 0.000000 1.000000 0.000000 0.000000 0.000000 0.000000 1.000000
1.000000 0.000000 0.000000 0.000000 0.000000 1.000000 0.000000 0.000000 0.000000 0.000000 1.000000 0.000000 0.000000 0.000000 0.000000 1.000000
1.000000 0.000000 0.000000 0.000000 0.000000 1.000000 0.000000 0.000000 0.000000 0.000000 1.000000 0.000000 0.000000 0.000000 0.000000 1.000000
1.000000 0.000000 0.000000 0.000000 0.000000 1.000000 0.000000 0.000000 0.000000 0.000000 1.000000 0.000000 0.000000 0.000000 0.000000 1.000000
1.000000 0.000000 0.000000 0.000000 0.000000 1.000000 0.000000 0.000000 0.000000 0.000000 1.000000 0.000000 0.000000 0.000000 0.000000 1.000000
1.000000 0.000000 0.000000 0.000000 0.000000 1.000000 0.000000 0.000000 0.000000 0.000000 1.000000 0.000000 0.000000 0.000000 0.000000 1.000000
1.000000 0.000000 0.000000 0.000000 0.000000 1.000000 0.000000 0.000000 0.000000 0.000000 1.000000 0.000000 0.000000 0.000000 0.000000 1.000000
1.000000 0.000000 0.000000 0.000000 0.000000 1.000000 0.000000 0.000000 0.000000 0.000000 1.000000 0.000000 0.000000 0.000000 0.000000 1.000000
1.000000 0.000000 0.000000 0.000000 0.000000 1.000000 0.000000 0.000000 0.000000 0.000000 1.000000 0.000000 0.000000 0.000000 0.000000 1.000000
1.000000 0.000000 0.000000 0.000000 0.000000 1.000000 0.000000 0.000000 0.000000 0.000000 1.000000 0.000000 0.000000 0.000000 0.000000 1.000000
1.000000 0.000000 0.000000 0.000000 0.000000 1.000000 0.000000 0.000000 0.000000 0.000000 1.000000 0.000000 0.000000 0.000000 0.000000 1.000000
1.000000 0.000000 0.000000 0.000000 0.000000 1.000000 0.000000 0.000000 0.000000 0.000000 1.000000 0.000000 0.000000 0.000000 0.000000 1.000000
1.000000 0.000000 0.000000 0.000000 0.000000 1.000000 0.000000 0.000000 0.000000 0.000000 1.000000 0.000000 0.000000 0.000000 0.000000 1.000000
1.000000 0.000000 0.000000 0.000000 0.000000 1.000000 0.000000 0.000000 0.000000 0.000000 1.000000 0.000000 0.000000 0.000000 0.000000 1.000000
1.000000 0.000000 0.000000 0.000000 0.000000 1.000000 0.000000 0.000000 0.000000 0.000000 1.000000 0.000000 0.000000 0.000000 0.000000 1.000000
1.000000 0.000000 0.000000 0.000000 0.000000 1.000000 0.000000 0.000000 0.000000 0.000000 1.000000 0.000000 0.000000 0.000000 0.000000 1.000000
1.000000 0.000000 0.000000 0.000000 0.000000 1.000000 0.000000 0.000000 0.000000 0.000000 1.000000 0.000000 0.000000 0.000000 0.000000 1.000000
1.000000 0.000000 0.000000 0.000000 0.000000 1.000000 0.000000 0.000000 0.000000 0.000000 1.000000 0.000000 0.000000 0.000000 0.000000 1.000000
1.000000 0.000000 0.000000 0.000000 0.000000 1.000000 0.000000 0.000000 0.000000 0.000000 1.000000 0.000000 0.000000 0.000000 0.000000 1.000000
1.000000 0.000000 0.000000 0.000000 0.000000 1.000000 0.000000 0.000000 0.000000 0.000000 1.000000 0.000000 0.000000 0.000000 0.000000 1.000000
1.000000 0.000000 0.000000 0.000000 0.000000 1.000000 0.000000 0.000000 0.000000 0.000000 1.000000 0.000000 0.000000 0.000000 0.000000 1.000000
1.000000 0.000000 0.000000 0.000000 0.000000 1.000000 0.000000 0.000000 0.000000 0.000000 1.000000 0.000000 0.000000 0.000000 0.000000 1.000000
1.000000 0.000000 0.000000 0.000000 0.000000 1.000000 0.000000 0.000000 0.000000 0.000000 1.000000 0.000000 0.000000 0.000000 0.000000 1.000000
1.000000 0.000000 0.000000 0.000000 0.000000 1.000000 0.000000 0.000000 0.000000 0.000000 1.000000 0.000000 0.000000 0.000000 0.000000 1.000000
1.000000 0.000000 0.000000 0.000000 0.000000 1.000000 0.000000 0.000000 0.000000 0.000000 1.000000 0.000000 0.000000 0.000000 0.000000 1.000000
1.000000 0.000000 0.000000 0.000000 0.000000 1.000000 0.000000 0.000000 0.000000 0.000000 1.000000 0.000000 0.000000 0.000000 0.000000 1.000000
1.000000 0.000000 0.000000 0.000000 0.000000 1.000000 0.000000 0.000000 0.000000 0.000000 1.000000 0.000000 0.000000 0.000000 0.000000 1.000000
1.000000 0.000000 0.000000 0.000000 0.000000 1.000000 0.000000 0.000000 0.000000 0.000000 1.000000 0.000000 0.000000 0.000000 0.000000 1.000000
1.000000 0.000000 0.000000 0.000000 0.000000 1.000000 0.000000 0.000000 0.000000 0.000000 1.000000 0.000000 0.000000 0.000000 0.000000 1.000000
1.000000 0.000000 0.000000 0.000000 0.000000 1.000000 0.000000 0.000000 0.000000 0.000000 1.000000 0.000000 0.000000 0.000000 0.000000 1.000000
1.000000 0.000000 0.000000 0.000000 0.000000 1.000000 0.000000 0.000000 0.000000 0.000000 1.000000 0.000000 0.000000 0.000000 0.000000 1.000000
1.000000 0.000000 0.000000 0.000000 0.000000 1.000000 0.000000 0.000000 0.000000 0.000000 1.000000 0.000000 0.000000 0.000000 0.000000 1.000000
1.000000 0.000000 0.000000 0.000000 0.000000 1.000000 0.000000 0.000000 0.000000 0.000000 1.000000 0.000000 0.000000 0.000000 0.000000 1.000000
1.000000 0.000000 0.000000 0.000000 0.000000 1.000000 0.000000 0.000000 0.000000 0.000000 1.000000 0.000000 0.000000 0.000000 0.000000 1.000000
1.000000 0.000000 0.000000 0.000000 0.000000 1.000000 0.000000 0.000000 0.000000 0.000000 1.000000 0.000000 0.000000 0.000000 0.000000 1.000000
1.000000 0.000000 0.000000 0.000000 0.000000 1.000000 0.000000 0.000000 0.000000 0.000000 1.000000 0.000000 0.000000 0.000000 0.000000 1.000000
1.000000 0.000000 0.000000 0.000000 0.000000 1.000000 0.000000 0.000000 0.000000 0.000000 1.000000 0.000000 0.000000 0.000000 0.000000 1.000000
1.000000 0.000000 0.000000 0.000000 0.000000 1.000000 0.000000 0.000000 0.000000 0.000000 1.000000 0.000000 0.000000 0.000000 0.000000 1.000000
1.000000 0.000000 0.000000 0.000000 0.000000 1.000000 0.000000 0.000000 0.000000 0.000000 1.000000 0.000000 0.000000 0.000000 0.000000 1.000000
1.000000 0.000000 0.000000 0.000000 0.000000 1.000000 0.000000 0.000000 0.000000 0.000000 1.000000 0.000000 0.000000 0.000000 0.000000 1.000000
1.000000 0.000000 0.000000 0.000000 0.000000 1.000000 0.000000 0.000000 0.000000 0.000000 1.000000 0.000000 0.000000 0.000000 0.000000 1.000000
1.000000 0.000000 0.000000 0.000000 0.000000 1.000000 0.000000 0.000000 0.000000 0.000000 1.000000 0.000000 0.000000 0.000000 0.000000 1.000000
1.000000 0.000000 0.000000 0.000000 0.000000 1.000000 0.000000 0.000000 0.000000 0.000000 1.000000 0.000000 0.000000 0.000000 0.000000 1.000000
1.000000 0.000000 0.000000 0.000000 0.000000 1.000000 0.000000 0.000000 0.000000 0.000000 1.000000 0.000000 0.000000 0.000000 0.000000 1.000000
1.000000 0.000000 0.000000 0.000000 0.000000 1.000000 0.000000 0.000000 0.000000 0.000000 1.000000 0.000000 0.000000 0.000000 0.000000 1.000000
1.000000 0.000000 0.000000 0.000000 0.000000 1.000000 0.000000 0.000000 0.000000 0.000000 1.000000 0.000000 0.000000 0.000000 0.000000 1.000000
1.000000 0.000000 0.000000 0.000000 0.000000 1.000000 0.000000 0.000000 0.000000 0.000000 1.000000 0.000000 0.000000 0.000000 0.000000 1.000000
1.000000 0.000000 0.000000 0.000000 0.000000 1.000000 0.000000 0.000000 0.000000 0.000000 1.000000 0.000000 0.000000 0.000000 0.000000 1.000000
1.000000 0.000000 0.000000 0.000000 0.000000 1.000000 0.000000 0.000000 0.000000 0.000000 1.000000 0.000000 0.000000 0.000000 0.000000 1.000000
1.000000 0.000000 0.000000 0.000000 0.000000 1.000000 0.000000 0.000000 0.000000 0.000000 1.000000 0.000000 0.000000 0.000000 0.000000 1.000000
1.000000 0.000000 0.000000 0.000000 0.000000 1.000000 0.000000 0.000000 0.000000 0.000000 1.000000 0.000000 0.000000 0.000000 0.000000 1.000000
1.000000 0.000000 0.000000 0.000000 0.000000 1.000000 0.000000 0.000000 0.000000 0.000000 1.000000 0.000000 0.000000 0.000000 0.000000 1.000000
1.000000 0.000000 0.000000 0.000000 0.000000 1.000000 0.000000 0.000000 0.000000 0.000000 1.000000 0.000000 0.000000 0.000000 0.000000 1.000000
1.000000 0.000000 0.000000 0.000000 0.000000 1.000000 0.000000 0.000000 0.000000 0.000000 1.000000 0.000000 0.000000 0.000000 0.000000 1.000000
1.000000 0.000000 0.000000 0.000000 0.000000 1.000000 0.000000 0.000000 0.000000 0.000000 1.000000 0.000000 0.000000 0.000000 0.000000 1.000000
1.000000 0.000000 0.000000 0.000000 0.000000 1.000000 0.000000 0.000000 0.000000 0.000000 1.000000 0.000000 0.000000 0.000000 0.000000 1.000000
1.000000 0.000000 0.000000 0.000000 0.000000 1.000000 0.000000 0.000000 0.000000 0.000000 1.000000 0.000000 0.000000 0.000000 0.000000 1.000000
1.000000 0.000000 0.000000 0.000000 0.000000 1.000000 0.000000 0.000000 0.000000 0.000000 1.000000 0.000000 0.000000 0.000000 0.000000 1.000000
1.000000 0.000000 0.000000 0.000000 0.000000 1.000000 0.000000 0.000000 0.000000 0.000000 1.000000 0.000000 0.000000 0.000000 0.000000 1.000000
1.000000 0.000000 0.000000 0.000000 0.000000 1.000000 0.000000 0.000000 0.000000 0.000000 1.000000 0.000000 0.000000 0.000000 0.000000 1.000000
1.000000 0.000000 0.000000 0.000000 0.000000 1.000000 0.000000 0.000000 0.000000 0.000000 1.000000 0.000000 0.000000 0.000000 0.000000 1.000000
1.000000 0.000000 0.000000 0.000000 0.000000 1.000000 0.000000 0.000000 0.000000 0.000000 1.000000 0.000000 0.000000 0.000000 0.000000 1.000000
1.000000 0.000000 0.000000 0.000000 0.000000 1.000000 0.000000 0.000000 0.000000 0.000000 1.000000 0.000000 0.000000 0.000000 0.000000 1.000000
1.000000 0.000000 0.000000 0.000000 0.000000 1.000000 0.000000 0.000000 0.000000 0.000000 1.000000 0.000000 0.000000 0.000000 0.000000 1.000000</float_array>
        <technique_common>
          <accessor source="#Armature-Matrix-animation-output-transform-array" count="103" stride="16">
            <param type="float4x4"/>
          </accessor>
        </technique_common>
      </source>
      <source id="Armature-Interpolations">
        <Name_array id="Armature-Interpolations-array" count="103">
 LINEAR LINEAR LINEAR LINEAR LINEAR LINEAR LINEAR LINEAR LINEAR LINEAR LINEAR
LINEAR LINEAR LINEAR LINEAR LINEAR LINEAR LINEAR LINEAR LINEAR LINEAR LINEAR LINEAR
LINEAR LINEAR LINEAR LINEAR LINEAR LINEAR LINEAR LINEAR LINEAR LINEAR LINEAR LINEAR
LINEAR LINEAR LINEAR LINEAR LINEAR LINEAR LINEAR LINEAR LINEAR LINEAR LINEAR LINEAR
LINEAR LINEAR LINEAR LINEAR LINEAR LINEAR LINEAR LINEAR LINEAR LINEAR LINEAR LINEAR
LINEAR LINEAR LINEAR LINEAR LINEAR LINEAR LINEAR LINEAR LINEAR LINEAR LINEAR LINEAR
LINEAR LINEAR LINEAR LINEAR LINEAR LINEAR LINEAR LINEAR LINEAR LINEAR LINEAR LINEAR
LINEAR LINEAR LINEAR LINEAR LINEAR LINEAR LINEAR LINEAR LINEAR LINEAR LINEAR LINEAR
LINEAR LINEAR LINEAR LINEAR LINEAR LINEAR LINEAR LINEAR</Name_array>
        <technique_common>
          <accessor source="#Armature-Interpolations-array" count="103">
            <param type="name"/>
          </accessor>
        </technique_common>
      </source>
      <sampler id="Armature-Matrix-animation-transform">
        <input semantic="INPUT" source="#Armature-Matrix-animation-input"/>
        <input semantic="OUTPUT" source="#Armature-Matrix-animation-output-transform"/>
        <input semantic="INTERPOLATION" source="#Armature-Interpolations"/>
      </sampler>
      <channel source="#Armature-Matrix-animation-transform" target="Armature/matrix"/>
    </animation>
    <animation id="mixamorig_Hips-anim" name="mixamorig_Hips">
      <source id="mixamorig_Hips-Matrix-animation-input">
        <float_array id="mixamorig_Hips-Matrix-animation-input-array" count="103">

0.000000 0.033333 0.066667 0.100000 0.133333 0.166667 0.200000 0.233333 0.266667 0.300000 0.333333 0.366667 0.400000 0.433333 0.466667 0.500000
0.533333 0.566667 0.600000 0.633333 0.666667 0.700000 0.733333 0.766667 0.800000 0.833333 0.866667 0.900000 0.933333 0.966667 1.000000 1.033333
1.066667 1.100000 1.133333 1.166667 1.200000 1.233333 1.266667 1.300000 1.333333 1.366667 1.400000 1.433333 1.466667 1.500000 1.533333 1.566667
1.600000 1.633333 1.666667 1.700000 1.733333 1.766667 1.800000 1.833333 1.866667 1.900000 1.933333 1.966667 2.000000 2.033333 2.066667 2.100000
2.133333 2.166667 2.200000 2.233333 2.266667 2.300000 2.333333 2.366667 2.400000 2.433333 2.466667 2.500000 2.533333 2.566667 2.600000 2.633333
2.666667 2.700000 2.733333 2.766667 2.800000 2.833333 2.866667 2.900000 2.933333 2.966667 3.000000 3.033333 3.066667 3.100000 3.133333 3.166667
3.200000 3.233333 3.266667 3.300000 3.333333 3.366667 3.400000</float_array>
        <technique_common>
          <accessor source="#mixamorig_Hips-Matrix-animation-input-array" count="103">
            <param name="TIME" type="float"/>
          </accessor>
        </technique_common>
      </source>
      <source id="mixamorig_Hips-Matrix-animation-output-transform">
        <float_array id="mixamorig_Hips-Matrix-animation-output-transform-array" count="1648">

0.939175 0.074144 0.335340 -74.209305 0.045294 0.941149 -0.334943 92.750198 -0.340439 0.329759 0.880545 -9.306211 0.000000 0.000000 0.000000 1.000000
0.920080 0.105313 0.377309 -74.919479 0.024717 0.945658 -0.324222 93.427773 -0.390951 0.307636 0.867478 -10.733482 0.000000 0.000000 0.000000 1.000000
0.899258 0.132510 0.416864 -75.487137 0.004784 0.949974 -0.312292 93.860306 -0.437392 0.282825 0.853638 -12.242851 0.000000 0.000000 0.000000 1.000000
0.877976 0.154286 0.453161 -75.988403 -0.013462 0.954222 -0.298797 93.968788 -0.478516 0.256236 0.839860 -13.802317 0.000000 0.000000 0.000000 1.000000
0.858394 0.167856 0.484751 -76.511253 -0.027397 0.958603 -0.283424 93.726051 -0.512258 0.230009 0.827458 -15.440509 0.000000 0.000000 0.000000 1.000000
0.841840 0.171572 0.511730 -77.058784 -0.034720 0.963380 -0.265883 93.077904 -0.538609 0.206064 0.816969 -17.332155 0.000000 0.000000 0.000000 1.000000
0.828811 0.164661 0.534751 -77.530960 -0.036309 0.969531 -0.242264 92.019157 -0.558349 0.181375 0.809537 -19.681885 0.000000 0.000000 0.000000 1.000000
0.820279 0.146451 0.552896 -77.919167 -0.035376 0.977803 -0.206516 90.589966 -0.570868 0.149841 0.807253 -22.506216 0.000000 0.000000 0.000000 1.000000
0.817374 0.118333 0.563824 -78.282448 -0.034587 0.986992 -0.157005 88.880463 -0.575069 0.108831 0.810834 -25.399014 0.000000 0.000000 0.000000 1.000000
0.824411 0.084566 0.559639 -78.540466 -0.035862 0.994593 -0.097463 87.023651 -0.564855 0.060280 0.822986 -27.860497 0.000000 0.000000 0.000000 1.000000
0.839288 0.060544 0.540305 -78.446693 -0.042643 0.998049 -0.045597 85.247543 -0.542012 0.015229 0.840233 -29.625284 0.000000 0.000000 0.000000 1.000000
0.854302 0.052999 0.517068 -77.898407 -0.055138 0.998415 -0.011238 83.770638 -0.516845 -0.018909 0.855870 -30.768927 0.000000 0.000000 0.000000 1.000000
0.865097 0.060782 0.497908 -76.838799 -0.071223 0.997458 0.001983 82.915398 -0.496522 -0.037178 0.867228 -31.099463 0.000000 0.000000 0.000000 1.000000
0.871300 0.079923 0.484199 -75.743927 -0.088111 0.996093 -0.005866 82.688858 -0.482777 -0.037552 0.874938 -30.882568 0.000000 0.000000 0.000000 1.000000
0.873673 0.108403 0.474283 -73.740646 -0.104875 0.993905 -0.033979 82.918922 -0.475075 -0.020054 0.879717 -29.118805 0.000000 0.000000 0.000000 1.000000
0.872785 0.143871 0.466421 -71.715927 -0.120432 0.989504 -0.079864 83.657112 -0.473015 0.013532 0.880950 -26.462303 0.000000 0.000000 0.000000 1.000000
0.870288 0.180037 0.458460 -68.624207 -0.130907 0.981872 -0.137083 84.692970 -0.474829 0.059286 0.878079 -22.564936 0.000000 0.000000 0.000000 1.000000
0.869010 0.207046 0.449393 -65.009163 -0.130355 0.971955 -0.195730 85.793610 -0.477315 0.111510 0.871628 -18.144646 0.000000 0.000000 0.000000 1.000000
0.871325 0.217424 0.439908 -61.267681 -0.116085 0.962365 -0.245719 86.702293 -0.476778 0.163034 0.863773 -13.782784 0.000000 0.000000 0.000000 1.000000
0.877274 0.211597 0.430834 -57.497978 -0.093042 0.955528 -0.279839 87.253410 -0.470887 0.205410 0.857947 -9.610972 0.000000 0.000000 0.000000 1.000000
0.885544 0.195935 0.421213 -53.760490 -0.070666 0.952966 -0.294723 87.658386 -0.459149 0.231224 0.857740 -6.350291 0.000000 0.000000 0.000000 1.000000
0.894967 0.177651 0.409237 -50.723160 -0.056082 0.954820 -0.291844 88.074112 -0.442594 0.238239 0.864495 -2.998737 0.000000 0.000000 0.000000 1.000000
0.904664 0.160963 0.394554 -47.414860 -0.049157 0.959152 -0.278587 88.706787 -0.423280 0.232633 0.875623 -0.876714 0.000000 0.000000 0.000000 1.000000
0.912766 0.145618 0.381645 -44.550461 -0.042973 0.963347 -0.264793 89.385941 -0.406215 0.225294 0.885569 1.437790 0.000000 0.000000 0.000000 1.000000
0.917223 0.129941 0.376586 -41.862728 -0.032204 0.966400 -0.255018 89.957291 -0.397070 0.221781 0.890589 3.561386 0.000000 0.000000 0.000000 1.000000
0.918316 0.113370 0.379267 -39.241806 -0.018086 0.969126 -0.245900 90.361435 -0.395435 0.218955 0.892015 5.071264 0.000000 0.000000 0.000000 1.000000
0.919829 0.095183 0.380597 -36.768311 -0.004540 0.972640 -0.232275 90.563385 -0.392293 0.211925 0.895095 6.519410 0.000000 0.000000 0.000000 1.000000
0.925846 0.075393 0.370305 -34.317192 0.006281 0.976692 -0.214554 90.611076 -0.377849 0.200970 0.903793 7.413284 0.000000 0.000000 0.000000 1.000000
0.935283 0.058855 0.348974 -31.917795 0.012650 0.979885 -0.199162 90.277924 -0.353676 0.190688 0.915725 8.374036 0.000000 0.000000 0.000000 1.000000
0.942568 0.048981 0.330404 -29.179684 0.016466 0.981173 -0.192428 89.627800 -0.333609 0.186817 0.924015 8.883622 0.000000 0.000000 0.000000 1.000000
0.943017 0.047880 0.329283 -26.182463 0.018131 0.980729 -0.194531 88.686340 -0.332251 0.189416 0.923975 9.659792 0.000000 0.000000 0.000000 1.000000
0.936113 0.055435 0.347302 -22.769041 0.015982 0.979775 -0.199464 87.693886 -0.351335 0.192271 0.916294 9.376371 0.000000 0.000000 0.000000 1.000000
0.925045 0.071309 0.373105 -19.064999 0.004999 0.979852 -0.199665 86.449692 -0.379825 0.186564 0.906050 10.489698 0.000000 0.000000 0.000000 1.000000
0.914789 0.092087 0.393294 -14.644436 -0.015834 0.981093 -0.192886 85.390343 -0.403621 0.170223 0.898952 10.514202 0.000000 0.000000 0.000000 1.000000
0.910491 0.113991 0.397507 -9.641869 -0.041176 0.981470 -0.187137 84.818489 -0.411474 0.154019 0.898314 9.986303 0.000000 0.000000 0.000000 1.000000
0.915969 0.135093 0.377823 -4.011012 -0.063163 0.978424 -0.196713 84.765724 -0.396245 0.156318 0.904740 9.338255 0.000000 0.000000 0.000000 1.000000
0.931112 0.151578 0.331744 2.991832 -0.076607 0.970540 -0.228437 84.981415 -0.356597 0.187286 0.915294 7.759045 0.000000 0.000000 0.000000 1.000000
0.949987 0.157635 0.269586 10.151135 -0.082465 0.959238 -0.270300 85.031677 -0.301206 0.234550 0.924263 6.298746 0.000000 0.000000 0.000000 1.000000
0.964726 0.153794 0.213660 16.930773 -0.085659 0.950828 -0.297638 84.760941 -0.248929 0.268837 0.930463 5.140463 0.000000 0.000000 0.000000 1.000000
0.972464 0.147784 0.180204 23.280342 -0.089838 0.951185 -0.295255 84.521294 -0.215042 0.270936 0.938270 3.639765 0.000000 0.000000 0.000000 1.000000
0.975866 0.143476 0.164621 28.824842 -0.094822 0.957497 -0.272411 84.313370 -0.196709 0.250227 0.947994 1.926923 0.000000 0.000000 0.000000 1.000000
0.978619 0.141587 0.149192 33.468689 -0.100701 0.962290 -0.252699 84.210052 -0.179345 0.232273 0.955973 0.574374 0.000000 0.000000 0.000000 1.000000
0.982392 0.141116 0.122440 37.665524 -0.106911 0.962061 -0.251014 84.149094 -0.153217 0.233504 0.960208 -0.710030 0.000000 0.000000 0.000000 1.000000
0.986345 0.141949 0.083506 41.368855 -0.115441 0.957549 -0.264145 84.409592 -0.117456 0.250899 0.960861 -2.116146 0.000000 0.000000 0.000000 1.000000
0.989536 0.139443 0.037069 44.449680 -0.123610 0.951798 -0.280716 84.884781 -0.074426 0.273197 0.959075 -3.285689 0.000000 0.000000 0.000000 1.000000
0.991557 0.129015 -0.013058 47.456486 -0.127186 0.947951 -0.291913 85.608345 -0.025283 0.291109 0.956356 -4.557790 0.000000 0.000000 0.000000 1.000000
0.992042 0.108051 -0.064641 49.853577 -0.122458 0.947382 -0.295755 86.489609 0.029283 0.301317 0.953074 -5.782515 0.000000 0.000000 0.000000 1.000000
0.990044 0.079552 -0.116118 52.043236 -0.111053 0.948353 -0.297142 87.405075 0.086483 0.307079 0.947746 -7.297035 0.000000 0.000000 0.000000 1.000000
0.984929 0.049594 -0.165698 53.980106 -0.098827 0.947589 -0.303822 88.247246 0.141946 0.315618 0.938209 -9.129448 0.000000 0.000000 0.000000 1.000000
0.977126 0.021463 -0.211576 55.795071 -0.089847 0.943404 -0.319244 88.839600 0.192750 0.330951 0.923753 -10.992763 0.000000 0.000000 0.000000 1.000000
0.967584 -0.005913 -0.252480 57.511715 -0.082937 0.936840 -0.339783 89.279495 0.238542 0.349708 0.905981 -13.192325 0.000000 0.000000 0.000000 1.000000
0.957014 -0.035789 -0.287824 59.266228 -0.073339 0.930250 -0.359522 89.561325 0.280615 0.365177 0.887638 -15.498820 0.000000 0.000000 0.000000 1.000000
0.945546 -0.069584 -0.317964 61.354916 -0.057955 0.925278 -0.374835 89.704773 0.320288 0.372851 0.870860 -17.816727 0.000000 0.000000 0.000000 1.000000
0.932165 -0.108480 -0.345399 63.351372 -0.034825 0.922760 -0.383799 89.529266 0.360354 0.369793 0.856387 -20.486137 0.000000 0.000000 0.000000 1.000000
0.920115 -0.136831 -0.366968 65.662750 -0.016064 0.923010 -0.384440 89.162453 0.391318 0.359624 0.847078 -22.906879 0.000000 0.000000 0.000000 1.000000
0.912435 -0.150216 -0.380655 67.545494 -0.004457 0.926488 -0.376299 88.697411 0.409198 0.345045 0.844690 -25.586090 0.000000 0.000000 0.000000 1.000000
0.908871 -0.154553 -0.387385 69.490112 0.005179 0.932918 -0.360052 87.820900 0.417046 0.325234 0.848702 -28.361481 0.000000 0.000000 0.000000 1.000000
0.908439 -0.153707 -0.388731 71.468590 0.016439 0.942359 -0.334198 86.239052 0.417693 0.297208 0.858603 -31.158974 0.000000 0.000000 0.000000 1.000000
0.909527 -0.147569 -0.388567 73.592377 0.028210 0.954613 -0.296509 84.139954 0.414687 0.258722 0.872409 -34.596115 0.000000 0.000000 0.000000 1.000000
0.912915 -0.129735 -0.386981 75.724403 0.031444 0.967675 -0.250233 81.894379 0.406936 0.216273 0.887485 -37.771259 0.000000 0.000000 0.000000 1.000000
0.917882 -0.104247 -0.382916 77.270973 0.025020 0.978164 -0.206325 79.736740 0.396064 0.179801 0.900447 -40.152248 0.000000 0.000000 0.000000 1.000000
0.922306 -0.081133 -0.377848 78.126755 0.014388 0.984245 -0.176222 78.024933 0.386193 0.157094 0.908943 -41.775562 0.000000 0.000000 0.000000 1.000000
0.923850 -0.070063 -0.376288 78.095642 0.007533 0.986242 -0.165139 76.965019 0.382681 0.149729 0.911667 -42.282967 0.000000 0.000000 0.000000 1.000000
0.921335 -0.076941 -0.381080 77.478127 0.010608 0.984831 -0.173194 76.834335 0.388625 0.155527 0.908175 -41.811619 0.000000 0.000000 0.000000 1.000000
0.915320 -0.101674 -0.389682 76.133438 0.024059 0.979683 -0.199102 77.667442 0.402008 0.172867 0.899170 -40.186745 0.000000 0.000000 0.000000 1.000000
0.907963 -0.135482 -0.396544 73.702797 0.040257 0.970118 -0.239270 79.232300 0.417111 0.201285 0.886286 -37.719833 0.000000 0.000000 0.000000 1.000000
0.902151 -0.164760 -0.398721 70.603714 0.048788 0.957237 -0.285161 81.132713 0.428654 0.237805 0.871610 -34.617500 0.000000 0.000000 0.000000 1.000000
0.899744 -0.180540 -0.397324 67.386505 0.045925 0.944533 -0.325189 82.970032 0.433995 0.274340 0.858129 -31.073425 0.000000 0.000000 0.000000 1.000000
0.900416 -0.184258 -0.394082 63.932064 0.038316 0.935942 -0.350065 84.156944 0.433340 0.300104 0.849796 -27.810062 0.000000 0.000000 0.000000 1.000000
0.905566 -0.174631 -0.386594 60.826569 0.028096 0.934025 -0.356101 85.050423 0.423274 0.311611 0.850727 -24.804914 0.000000 0.000000 0.000000 1.000000
0.916522 -0.149312 -0.371071 57.482700 0.012445 0.937909 -0.346658 86.020691 0.399791 0.313102 0.861472 -21.727501 0.000000 0.000000 0.000000 1.000000
0.927535 -0.124901 -0.352246 54.321568 0.001106 0.943416 -0.331609 86.717186 0.373733 0.307189 0.875190 -18.910524 0.000000 0.000000 0.000000 1.000000
0.938226 -0.099308 -0.331465 51.463097 -0.012959 0.947174 -0.320458 87.370575 0.345779 0.304958 0.887377 -16.467201 0.000000 0.000000 0.000000 1.000000
0.946688 -0.072998 -0.313772 48.754997 -0.031853 0.948005 -0.316657 87.851471 0.320573 0.309770 0.895140 -14.206420 0.000000 0.000000 0.000000 1.000000
0.951843 -0.045256 -0.303228 46.288609 -0.055402 0.947373 -0.315302 88.133698 0.301539 0.316918 0.899243 -12.330987 0.000000 0.000000 0.000000 1.000000
0.954104 -0.014657 -0.299116 43.913437 -0.082497 0.947294 -0.309562 88.315781 0.287888 0.320030 0.902608 -10.816145 0.000000 0.000000 0.000000 1.000000
0.954892 0.018693 -0.296365 41.511105 -0.111199 0.947911 -0.298495 88.539467 0.275348 0.317985 0.907231 -9.516260 0.000000 0.000000 0.000000 1.000000
0.956065 0.051202 -0.288649 39.155048 -0.137589 0.947817 -0.287596 88.692612 0.258861 0.314676 0.913220 -8.250898 0.000000 0.000000 0.000000 1.000000
0.959162 0.077369 -0.272071 36.728630 -0.156643 0.946194 -0.283161 88.592453 0.235524 0.314215 0.919672 -7.104266 0.000000 0.000000 0.000000 1.000000
0.964474 0.091902 -0.247675 34.160763 -0.163685 0.943779 -0.287207 88.095299 0.207356 0.317544 0.925294 -6.147307 0.000000 0.000000 0.000000 1.000000
0.970661 0.093006 -0.221736 30.994808 -0.157893 0.942030 -0.296055 87.165283 0.181347 0.322380 0.929077 -5.148721 0.000000 0.000000 0.000000 1.000000
0.975348 0.084491 -0.203856 27.428087 -0.144783 0.942181 -0.302213 86.030121 0.166535 0.324277 0.931188 -4.169695 0.000000 0.000000 0.000000 1.000000
0.976976 0.072650 -0.200600 23.295273 -0.131608 0.945252 -0.298628 84.705215 0.167923 0.318153 0.933049 -3.086594 0.000000 0.000000 0.000000 1.000000
0.975585 0.062418 -0.210564 18.766300 -0.121754 0.951654 -0.282013 83.337852 0.182781 0.300765 0.936019 -2.068785 0.000000 0.000000 0.000000 1.000000
0.973470 0.050686 -0.223132 13.799608 -0.108474 0.960842 -0.254983 81.981476 0.201471 0.272423 0.940848 -0.954029 0.000000 0.000000 0.000000 1.000000
0.974097 0.027706 -0.224425 8.187065 -0.080099 0.970392 -0.227865 80.832962 0.211467 0.239939 0.947476 -0.196821 0.000000 0.000000 0.000000 1.000000
0.978307 -0.011297 -0.206851 1.878153 -0.034549 0.975630 -0.216684 80.218559 0.204258 0.219130 0.954076 0.081217 0.000000 0.000000 0.000000 1.000000
0.983682 -0.056428 -0.170837 -5.454180 0.015546 0.972650 -0.231755 80.370041 0.179242 0.225318 0.957656 0.072714 0.000000 0.000000 0.000000 1.000000
0.988734 -0.089829 -0.119731 -13.763976 0.055310 0.962549 -0.265407 81.000267 0.139088 0.255795 0.956673 0.510403 0.000000 0.000000 0.000000 1.000000
0.992914 -0.102592 -0.059978 -21.779236 0.080260 0.951119 -0.298213 81.952835 0.087640 0.291286 0.952613 0.521216 0.000000 0.000000 0.000000 1.000000
0.994775 -0.102022 -0.003691 -29.679325 0.095510 0.942825 -0.319310 82.822998 0.036057 0.317289 0.947643 0.310621 0.000000 0.000000 0.000000 1.000000
0.994416 -0.099801 0.034299 -36.960129 0.105524 0.936919 -0.333239 83.683578 0.001122 0.334998 0.942218 -0.133500 0.000000 0.000000 0.000000 1.000000
0.994000 -0.098883 0.046760 -43.037861 0.108992 0.931427 -0.347224 84.558128 -0.009219 0.350237 0.936616 -0.589789 0.000000 0.000000 0.000000 1.000000
0.994211 -0.097859 0.044359 -48.739895 0.107285 0.926589 -0.360447 85.447189 -0.005829 0.363120 0.931724 -1.238999 0.000000 0.000000 0.000000 1.000000
0.994432 -0.094298 0.047039 -53.703865 0.105023 0.923501 -0.368940 86.347275 -0.008650 0.371826 0.928262 -1.860168 0.000000 0.000000 0.000000 1.000000
0.994019 -0.087378 0.065507 -57.797020 0.105643 0.921365 -0.374066 87.375130 -0.027670 0.378749 0.925086 -2.388814 0.000000 0.000000 0.000000 1.000000
0.992663 -0.077557 0.092767 -61.214420 0.107292 0.918750 -0.379982 88.517006 -0.055760 0.387148 0.920330 -2.812226 0.000000 0.000000 0.000000 1.000000
0.990667 -0.064635 0.120008 -64.181595 0.105906 0.919251 -0.379159 89.590439 -0.085811 0.388330 0.917517 -3.316494 0.000000 0.000000 0.000000 1.000000
0.987504 -0.047903 0.150135 -66.804176 0.101704 0.921449 -0.374950 90.361763 -0.120381 0.385534 0.914807 -4.045280 0.000000 0.000000 0.000000 1.000000
0.982129 -0.027076 0.186252 -69.131416 0.095276 0.924956 -0.367937 90.829849 -0.162313 0.379107 0.911006 -5.028655 0.000000 0.000000 0.000000 1.000000
0.973744 -0.002482 0.227632 -71.120522 0.086366 0.929211 -0.359315 91.200104 -0.210626 0.369541 0.905028 -6.162153 0.000000 0.000000 0.000000 1.000000
0.962287 0.026561 0.270737 -72.671669 0.072663 0.933966 -0.349896 91.698502 -0.262153 0.356372 0.896814 -7.359426 0.000000 0.000000 0.000000 1.000000
0.947682 0.057961 0.313910 -73.779335 0.055218 0.938788 -0.340040 92.372124 -0.314404 0.339583 0.886473 -8.627972 0.000000 0.000000 0.000000 1.000000</float_array>
        <technique_common>
          <accessor source="#mixamorig_Hips-Matrix-animation-output-transform-array" count="103" stride="16">
            <param type="float4x4"/>
          </accessor>
        </technique_common>
      </source>
      <source id="mixamorig_Hips-Interpolations">
        <Name_array id="mixamorig_Hips-Interpolations-array" count="103">
 LINEAR LINEAR LINEAR LINEAR LINEAR LINEAR LINEAR LINEAR LINEAR LINEAR LINEAR
LINEAR LINEAR LINEAR LINEAR LINEAR LINEAR LINEAR LINEAR LINEAR LINEAR LINEAR LINEAR
LINEAR LINEAR LINEAR LINEAR LINEAR LINEAR LINEAR LINEAR LINEAR LINEAR LINEAR LINEAR
LINEAR LINEAR LINEAR LINEAR LINEAR LINEAR LINEAR LINEAR LINEAR LINEAR LINEAR LINEAR
LINEAR LINEAR LINEAR LINEAR LINEAR LINEAR LINEAR LINEAR LINEAR LINEAR LINEAR LINEAR
LINEAR LINEAR LINEAR LINEAR LINEAR LINEAR LINEAR LINEAR LINEAR LINEAR LINEAR LINEAR
LINEAR LINEAR LINEAR LINEAR LINEAR LINEAR LINEAR LINEAR LINEAR LINEAR LINEAR LINEAR
LINEAR LINEAR LINEAR LINEAR LINEAR LINEAR LINEAR LINEAR LINEAR LINEAR LINEAR LINEAR
LINEAR LINEAR LINEAR LINEAR LINEAR LINEAR LINEAR LINEAR</Name_array>
        <technique_common>
          <accessor source="#mixamorig_Hips-Interpolations-array" count="103">
            <param type="name"/>
          </accessor>
        </technique_common>
      </source>
      <sampler id="mixamorig_Hips-Matrix-animation-transform">
        <input semantic="INPUT" source="#mixamorig_Hips-Matrix-animation-input"/>
        <input semantic="OUTPUT" source="#mixamorig_Hips-Matrix-animation-output-transform"/>
        <input semantic="INTERPOLATION" source="#mixamorig_Hips-Interpolations"/>
      </sampler>
      <channel source="#mixamorig_Hips-Matrix-animation-transform" target="mixamorig_Hips/matrix"/>
    </animation>
    <animation id="mixamorig_Spine-anim" name="mixamorig_Spine">
      <source id="mixamorig_Spine-Matrix-animation-input">
        <float_array id="mixamorig_Spine-Matrix-animation-input-array" count="103">

0.000000 0.033333 0.066667 0.100000 0.133333 0.166667 0.200000 0.233333 0.266667 0.300000 0.333333 0.366667 0.400000 0.433333 0.466667 0.500000
0.533333 0.566667 0.600000 0.633333 0.666667 0.700000 0.733333 0.766667 0.800000 0.833333 0.866667 0.900000 0.933333 0.966667 1.000000 1.033333
1.066667 1.100000 1.133333 1.166667 1.200000 1.233333 1.266667 1.300000 1.333333 1.366667 1.400000 1.433333 1.466667 1.500000 1.533333 1.566667
1.600000 1.633333 1.666667 1.700000 1.733333 1.766667 1.800000 1.833333 1.866667 1.900000 1.933333 1.966667 2.000000 2.033333 2.066667 2.100000
2.133333 2.166667 2.200000 2.233333 2.266667 2.300000 2.333333 2.366667 2.400000 2.433333 2.466667 2.500000 2.533333 2.566667 2.600000 2.633333
2.666667 2.700000 2.733333 2.766667 2.800000 2.833333 2.866667 2.900000 2.933333 2.966667 3.000000 3.033333 3.066667 3.100000 3.133333 3.166667
3.200000 3.233333 3.266667 3.300000 3.333333 3.366667 3.400000</float_array>
        <technique_common>
          <accessor source="#mixamorig_Spine-Matrix-animation-input-array" count="103">
            <param name="TIME" type="float"/>
          </accessor>
        </technique_common>
      </source>
      <source id="mixamorig_Spine-Matrix-animation-output-transform">
        <float_array id="mixamorig_Spine-Matrix-animation-output-transform-array" count="1648">

0.968333 -0.160353 -0.191358 0.000000 0.078860 0.923680 -0.374962 12.246100 0.236880 0.347998 0.907075 0.234600 0.000000 0.000000 0.000000 1.000000
0.960611 -0.179157 -0.212438 0.000000 0.096260 0.931637 -0.350410 12.246100 0.260694 0.316158 0.912186 0.234600 0.000000 0.000000 0.000000 1.000000
0.951241 -0.194703 -0.239231 0.000000 0.110961 0.939677 -0.323567 12.246100 0.287799 0.281245 0.915463 0.234600 0.000000 0.000000 0.000000 1.000000
0.940542 -0.204654 -0.271105 0.000000 0.120760 0.947442 -0.296262 12.246100 0.317487 0.245908 0.915823 0.234600 0.000000 0.000000 0.000000 1.000000
0.931922 -0.205250 -0.298988 0.000000 0.120092 0.952574 -0.279610 12.246100 0.342198 0.224668 0.912373 0.234600 0.000000 0.000000 0.000000 1.000000
0.928831 -0.198516 -0.312833 0.000000 0.108449 0.953036 -0.282776 12.246100 0.354277 0.228724 0.906738 0.234600 0.000000 0.000000 0.000000 1.000000
0.929773 -0.190938 -0.314744 -0.000000 0.090894 0.947575 -0.306334 12.246100 0.356735 0.256213 0.898385 0.234600 0.000000 0.000000 0.000000 1.000000
