<?xml version="1.0" encoding="utf-8"?>
<COLLADA xmlns="http://www.collada.org/2005/11/COLLADASchema" version="1.4.1">
  <asset>
    <contributor>
      <author>Mixamo</author>
      <authoring_tool>COLLADA Mixamo exporter</authoring_tool>
      <comments/>
    </contributor>
    <created>2024-03-29T14:13:01Z</created>
    <modified>2024-03-29T14:13:01Z</modified>
    <revision/>
    <title/>
    <unit meter="0.010000"/>
    <up_axis>Y_UP</up_axis>
  </asset>
  <library_animations>
    <animation id="mixamorig_Hips-anim" name="mixamorig_Hips">
      <source id="mixamorig_Hips-Matrix-animation-input">
        <float_array id="mixamorig_Hips-Matrix-animation-input-array" count="24">

0.000000 0.033333 0.066667 0.100000 0.133333 0.166667 0.200000 0.233333 0.266667 0.300000 0.333333 0.366667 0.400000 0.433333 0.466667 0.500000
0.533333 0.566667 0.600000 0.633333 0.666667 0.700000 0.733333 0.766667</float_array>
        <technique_common>
          <accessor source="#mixamorig_Hips-Matrix-animation-input-array" count="24">
            <param name="TIME" type="float"/>
          </accessor>
        </technique_common>
      </source>
      <source id="mixamorig_Hips-Matrix-animation-output-transform">
        <float_array id="mixamorig_Hips-Matrix-animation-output-transform-array" count="384">

-0.997935 0.027903 0.057849 111.717651 0.042406 0.962716 0.267170 195.327026 -0.048237 0.269072 -0.961911 46.829144 0.000000 0.000000 0.000000 1.000000
-0.995809 0.029660 0.086516 111.850716 0.053540 0.955979 0.288509 193.361298 -0.074150 0.291932 -0.953560 46.363911 0.000000 0.000000 0.000000 1.000000
-0.993152 0.030726 0.112712 112.047638 0.064776 0.947738 0.312404 192.841431 -0.097223 0.317566 -0.943239 45.877316 0.000000 0.000000 0.000000 1.000000
-0.988342 0.025775 0.150051 112.244797 0.073952 0.942764 0.325158 194.063461 -0.133082 0.332464 -0.933679 45.605141 0.000000 0.000000 0.000000 1.000000
-0.981602 0.020464 0.189840 112.843826 0.081938 0.943187 0.322001 196.024460 -0.172465 0.331632 -0.927511 45.406647 0.000000 0.000000 0.000000 1.000000
-0.978962 0.022198 0.202831 114.137329 0.084458 0.948992 0.303779 197.801743 -0.185742 0.314518 -0.930902 45.403728 0.000000 0.000000 0.000000 1.000000
-0.986119 0.033366 0.162656 115.821342 0.078338 0.957214 0.278576 199.634094 -0.146401 0.287451 -0.946540 45.932877 0.000000 0.000000 0.000000 1.000000
-0.996201 0.042310 0.076120 117.459930 0.061142 0.962212 0.265349 200.342621 -0.062017 0.268995 -0.961143 46.723030 0.000000 0.000000 0.000000 1.000000
-0.998853 0.045584 -0.014645 118.746208 0.039732 0.959844 0.277707 199.367615 0.026716 0.276807 -0.960554 47.313683 0.000000 0.000000 0.000000 1.000000
-0.995971 0.046422 -0.076719 119.820541 0.020926 0.952269 0.304542 197.905472 0.087194 0.301709 -0.949404 47.683228 0.000000 0.000000 0.000000 1.000000
-0.992383 0.046889 -0.113920 120.918335 0.007868 0.946969 0.321230 196.234406 0.122941 0.317887 -0.940124 47.625175 0.000000 0.000000 0.000000 1.000000
-0.987902 0.054815 -0.145066 122.042305 0.005937 0.948129 0.317830 194.437057 0.154963 0.313124 -0.936985 47.146202 0.000000 0.000000 0.000000 1.000000
-0.981432 0.069120 -0.178923 122.904205 0.011116 0.951743 0.306695 192.995010 0.191488 0.299011 -0.934840 46.589790 0.000000 0.000000 0.000000 1.000000
-0.973513 0.077847 -0.214972 123.247078 0.009570 0.953299 0.301875 192.518646 0.228432 0.291822 -0.928794 46.322731 0.000000 0.000000 0.000000 1.000000
-0.963820 0.077610 -0.255006 123.097687 -0.002385 0.954125 0.299400 193.610962 0.266544 0.289176 -0.919419 46.487350 0.000000 0.000000 0.000000 1.000000
-0.950810 0.071873 -0.301322 122.485558 -0.018326 0.957957 0.286326 195.491852 0.309233 0.277763 -0.909518 46.923679 0.000000 0.000000 0.000000 1.000000
-0.936749 0.061648 -0.344529 121.326874 -0.032340 0.964909 0.260585 197.564468 0.348504 0.255245 -0.901884 47.370316 0.000000 0.000000 0.000000 1.000000
-0.931371 0.046124 -0.361138 119.746376 -0.043085 0.971008 0.235131 199.242676 0.361514 0.234554 -0.902382 48.015961 0.000000 0.000000 0.000000 1.000000
-0.943086 0.031640 -0.331041 118.020988 -0.046541 0.973109 0.225594 199.899185 0.329277 0.228162 -0.916253 48.892365 0.000000 0.000000 0.000000 1.000000
-0.966320 0.023285 -0.256289 116.438354 -0.039007 0.971139 0.235305 199.509720 0.254371 0.237376 -0.937522 49.468323 0.000000 0.000000 0.000000 1.000000
-0.986894 0.020808 -0.160021 115.098404 -0.020722 0.967099 0.253553 198.445114 0.160032 0.253546 -0.953994 49.849628 0.000000 0.000000 0.000000 1.000000
-0.997244 0.025727 -0.069584 113.944077 0.006239 0.963706 0.266893 197.135910 0.073925 0.265723 -0.961211 50.030369 0.000000 0.000000 0.000000 1.000000
-0.999494 0.031760 0.001865 112.794098 0.031081 0.962258 0.270358 196.076065 0.006792 0.270279 -0.962758 49.987064 0.000000 0.000000 0.000000 1.000000
-0.997935 0.027903 0.057849 111.547340 0.042406 0.962716 0.267170 195.327026 -0.048237 0.269072 -0.961911 49.729198 0.000000 0.000000 0.000000 1.000000</float_array>
        <technique_common>
          <accessor source="#mixamorig_Hips-Matrix-animation-output-transform-array" count="24" stride="16">
            <param type="float4x4"/>
          </accessor>
        </technique_common>
      </source>
      <source id="mixamorig_Hips-Interpolations">
        <Name_array id="mixamorig_Hips-Interpolations-array" count="24">
 LINEAR LINEAR LINEAR LINEAR LINEAR LINEAR LINEAR LINEAR LINEAR LINEAR LINEAR
LINEAR LINEAR LINEAR LINEAR LINEAR LINEAR LINEAR LINEAR LINEAR LINEAR LINEAR LINEAR
LINEAR</Name_array>
        <technique_common>
          <accessor source="#mixamorig_Hips-Interpolations-array" count="24">
            <param type="name"/>
          </accessor>
        </technique_common>
      </source>
      <sampler id="mixamorig_Hips-Matrix-animation-transform">
        <input semantic="INPUT" source="#mixamorig_Hips-Matrix-animation-input"/>
        <input semantic="OUTPUT" source="#mixamorig_Hips-Matrix-animation-output-transform"/>
        <input semantic="INTERPOLATION" source="#mixamorig_Hips-Interpolations"/>
      </sampler>
      <channel source="#mixamorig_Hips-Matrix-animation-transform" target="mixamorig_Hips/matrix"/>
    </animation>
    <animation id="mixamorig_Spine-anim" name="mixamorig_Spine">
      <source id="mixamorig_Spine-Matrix-animation-input">
        <float_array id="mixamorig_Spine-Matrix-animation-input-array" count="24">

0.000000 0.033333 0.066667 0.100000 0.133333 0.166667 0.200000 0.233333 0.266667 0.300000 0.333333 0.366667 0.400000 0.433333 0.466667 0.500000
0.533333 0.566667 0.600000 0.633333 0.666667 0.700000 0.733333 0.766667</float_array>
        <technique_common>
          <accessor source="#mixamorig_Spine-Matrix-animation-input-array" count="24">
            <param name="TIME" type="float"/>
          </accessor>
        </technique_common>
      </source>
      <source id="mixamorig_Spine-Matrix-animation-output-transform">
        <float_array id="mixamorig_Spine-Matrix-animation-output-transform-array" count="384">

0.999848 0.003855 0.016975 -0.000000 -0.002204 0.995358 -0.096217 7.244500 -0.017267 0.096165 0.995216 0.633400 0.000000 0.000000 0.000000 1.000000
0.999851 0.006390 0.016058 0.000000 -0.004806 0.995288 -0.096843 7.244500 -0.016601 0.096752 0.995170 0.633400 0.000000 0.000000 0.000000 1.000000
0.999878 0.008101 0.013323 0.000000 -0.006776 0.995295 -0.096656 7.244500 -0.014043 0.096554 0.995229 0.633400 0.000000 0.000000 0.000000 1.000000
0.999879 0.010088 0.011872 0.000000 -0.008915 0.995437 -0.095000 7.244500 -0.012776 0.094883 0.995406 0.633400 0.000000 0.000000 0.000000 1.000000
0.999829 0.015792 0.009622 0.000000 -0.014845 0.995686 -0.091589 7.244500 -0.011027 0.091430 0.995750 0.633400 0.000000 0.000000 0.000000 1.000000
0.999654 0.026145 0.002914 0.000000 -0.025790 0.995833 -0.087473 7.244500 -0.005189 0.087368 0.996163 0.633400 0.000000 0.000000 0.000000 1.000000
0.999214 0.038850 -0.007839 0.000000 -0.039380 0.995550 -0.085609 7.244500 0.004478 0.085851 0.996298 0.633400 0.000000 0.000000 0.000000 1.000000
0.998767 0.046704 -0.016840 0.000000 -0.048028 0.994835 -0.089420 7.244500 0.012577 0.090119 0.995852 0.633400 0.000000 0.000000 0.000000 1.000000
0.998675 0.047813 -0.019020 0.000000 -0.049445 0.994017 -0.097397 7.244500 0.014249 0.098209 0.995064 0.633400 0.000000 0.000000 0.000000 1.000000
0.998783 0.046267 -0.017066 0.000000 -0.047809 0.993320 -0.105023 7.244500 0.012093 0.105711 0.994323 0.633400 0.000000 0.000000 0.000000 1.000000
0.998831 0.044878 -0.017945 0.000000 -0.046558 0.993070 -0.107909 7.244500 0.012978 0.108618 0.993999 0.633400 0.000000 0.000000 0.000000 1.000000
0.998633 0.046122 -0.024589 0.000000 -0.048482 0.993177 -0.106064 7.244500 0.019529 0.107111 0.994055 0.633400 0.000000 0.000000 0.000000 1.000000
0.998260 0.049492 -0.032066 0.000000 -0.052560 0.993269 -0.103217 7.244500 0.026741 0.104723 0.994142 0.633400 0.000000 0.000000 0.000000 1.000000
0.998198 0.050265 -0.032774 0.000000 -0.053382 0.993304 -0.102462 7.244500 0.027405 0.104027 0.994197 0.633400 0.000000 0.000000 0.000000 1.000000
0.998555 0.047218 -0.025641 0.000000 -0.049627 0.993412 -0.103291 7.244500 0.020595 0.104414 0.994321 0.633400 0.000000 0.000000 0.000000 1.000000
0.999037 0.040531 -0.016808 -0.000000 -0.042051 0.993792 -0.102997 7.244500 0.012529 0.103604 0.994540 0.633400 0.000000 0.000000 0.000000 1.000000
0.999483 0.029983 -0.011603 0.000000 -0.030995 0.994490 -0.100144 7.244500 0.008537 0.100452 0.994905 0.633400 0.000000 0.000000 0.000000 1.000000
0.999816 0.016840 -0.009151 0.000000 -0.017655 0.995044 -0.097859 7.244500 0.007457 0.098003 0.995158 0.633400 0.000000 0.000000 0.000000 1.000000
0.999959 0.006130 -0.006651 0.000000 -0.006756 0.995103 -0.098613 7.244500 0.006014 0.098654 0.995104 0.633400 0.000000 0.000000 0.000000 1.000000
0.999993 0.000399 -0.003789 0.000000 -0.000778 0.994919 -0.100679 7.244500 0.003730 0.100682 0.994912 0.633400 0.000000 0.000000 0.000000 1.000000
0.999999 0.000474 -0.001385 0.000000 -0.000611 0.994890 -0.100959 7.244500 0.001330 0.100959 0.994890 0.633400 0.000000 0.000000 0.000000 1.000000
0.999987 0.004871 0.001612 0.000000 -0.004689 0.995132 -0.098441 7.244500 -0.002084 0.098432 0.995142 0.633400 0.000000 0.000000 0.000000 1.000000
0.999946 0.007200 0.007517 -0.000000 -0.006445 0.995352 -0.096088 7.244500 -0.008174 0.096034 0.995344 0.633400 0.000000 0.000000 0.000000 1.000000
0.999848 0.003855 0.016975 0.000000 -0.002204 0.995358 -0.096217 7.244500 -0.017267 0.096165 0.995216 0.633400 0.000000 0.000000 0.000000 1.000000</float_array>
        <technique_common>
          <accessor source="#mixamorig_Spine-Matrix-animation-output-transform-array" count="24" stride="16">
            <param type="float4x4"/>
          </accessor>
        </technique_common>
      </source>
      <source id="mixamorig_Spine-Interpolations">
        <Name_array id="mixamorig_Spine-Interpolations-array" count="24">
 LINEAR LINEAR LINEAR LINEAR LINEAR LINEAR LINEAR LINEAR LINEAR LINEAR LINEAR
LINEAR LINEAR LINEAR LINEAR LINEAR LINEAR LINEAR LINEAR LINEAR LINEAR LINEAR LINEAR
LINEAR</Name_array>
        <technique_common>
          <accessor source="#mixamorig_Spine-Interpolations-array" count="24">
            <param type="name"/>
          </accessor>
        </technique_common>
      </source>
      <sampler id="mixamorig_Spine-Matrix-animation-transform">
        <input semantic="INPUT" source="#mixamorig_Spine-Matrix-animation-input"/>
        <input semantic="OUTPUT" source="#mixamorig_Spine-Matrix-animation-output-transform"/>
        <input semantic="INTERPOLATION" source="#mixamorig_Spine-Interpolations"/>
      </sampler>
      <channel source="#mixamorig_Spine-Matrix-animation-transform" target="mixamorig_Spine/matrix"/>
    </animation>
    <animation id="mixamorig_Spine1-anim" name="mixamorig_Spine1">
      <source id="mixamorig_Spine1-Matrix-animation-input">
        <float_array id="mixamorig_Spine1-Matrix-animation-input-array" count="24">

0.000000 0.033333 0.066667 0.100000 0.133333 0.166667 0.200000 0.233333 0.266667 0.300000 0.333333 0.366667 0.400000 0.433333 0.466667 0.500000
0.533333 0.566667 0.600000 0.633333 0.666667 0.700000 0.733333 0.766667</float_array>
        <technique_common>
          <accessor source="#mixamorig_Spine1-Matrix-animation-input-array" count="24">
            <param name="TIME" type="float"/>
          </accessor>
        </technique_common>
      </source>
      <source id="mixamorig_Spine1-Matrix-animation-output-transform">
        <float_array id="mixamorig_Spine1-Matrix-animation-output-transform-array" count="384">

0.999122 -0.018444 0.037612 -0.000000 0.021562 0.996212 -0.084239 7.456500 -0.035916 0.084976 0.995735 0.000000 0.000000 0.000000 0.000000 1.000000
0.999032 -0.021189 0.038548 0.000000 0.024418 0.996054 -0.085324 7.456500 -0.036588 0.086183 0.995607 0.000000 0.000000 0.000000 0.000000 1.000000
0.999190 -0.019735 0.035076 0.000000 0.022659 0.996121 -0.085025 7.456500 -0.033262 0.085751 0.995761 0.000000 0.000000 0.000000 0.000000 1.000000
0.999348 -0.014690 0.032984 0.000000 0.017349 0.996496 -0.081822 7.456500 -0.031667 0.082341 0.996101 -0.000000 0.000000 0.000000 0.000000 1.000000
0.999569 -0.003249 0.029169 -0.000000 0.005435 0.997156 -0.075164 7.456500 -0.028841 0.075290 0.996744 0.000000 0.000000 0.000000 0.000000 1.000000
0.999737 0.014750 0.017564 -0.000000 -0.013538 0.997646 -0.067225 7.456500 -0.018514 0.066970 0.997583 -0.000000 0.000000 0.000000 0.000000 1.000000
0.999428 0.033792 -0.001358 -0.000000 -0.033810 0.997386 -0.063854 7.456500 -0.000804 0.063864 0.997958 -0.000000 0.000000 0.000000 0.000000 1.000000
0.998672 0.048154 -0.018318 0.000000 -0.049351 0.996203 -0.071719 7.456500 0.014794 0.072528 0.997257 -0.000000 0.000000 0.000000 0.000000 1.000000
0.998007 0.057848 -0.025220 0.000000 -0.059850 0.994359 -0.087571 7.456500 0.020012 0.088906 0.995839 -0.000000 0.000000 0.000000 0.000000 1.000000
0.997248 0.069354 -0.026187 0.000000 -0.071691 0.992146 -0.102500 7.456500 0.018873 0.104095 0.994388 0.000000 0.000000 0.000000 0.000000 1.000000
0.995654 0.087164 -0.032781 0.000000 -0.090223 0.990078 -0.107732 7.456500 0.023065 0.110222 0.993639 0.000000 0.000000 0.000000 0.000000 1.000000
0.992706 0.109800 -0.049795 0.000000 -0.114452 0.988080 -0.102949 7.456500 0.037898 0.107897 0.993439 0.000000 0.000000 0.000000 0.000000 1.000000
0.989300 0.129100 -0.067955 0.000000 -0.135277 0.986156 -0.095897 7.456500 0.054634 0.104063 0.993069 -0.000000 0.000000 0.000000 0.000000 1.000000
0.987831 0.137507 -0.072680 0.000000 -0.144031 0.985117 -0.093805 7.456500 0.058700 0.103131 0.992934 -0.000000 0.000000 0.000000 0.000000 1.000000
0.989122 0.133817 -0.061072 0.000000 -0.139271 0.985581 -0.096088 7.456500 0.047334 0.103548 0.993498 0.000000 0.000000 0.000000 0.000000 1.000000
0.991752 0.120021 -0.044970 0.000000 -0.123893 0.987591 -0.096508 7.456500 0.032829 0.101283 0.994316 0.000000 0.000000 0.000000 0.000000 1.000000
0.994628 0.097456 -0.034881 0.000000 -0.100284 0.990746 -0.091461 7.456500 0.025645 0.094468 0.995198 0.000000 0.000000 0.000000 0.000000 1.000000
0.997238 0.068415 -0.028921 0.000000 -0.070702 0.993669 -0.087316 7.456500 0.022764 0.089120 0.995761 0.000000 0.000000 0.000000 0.000000 1.000000
0.999091 0.037282 -0.020683 0.000000 -0.038987 0.995243 -0.089288 7.456500 0.017256 0.090013 0.995791 0.000000 0.000000 0.000000 0.000000 1.000000
0.999849 0.013354 -0.011147 -0.000000 -0.014341 0.995495 -0.093724 7.456500 0.009846 0.093869 0.995536 0.000000 0.000000 0.000000 0.000000 1.000000
0.999992 0.002001 -0.003365 0.000000 -0.002309 0.995534 -0.094375 7.456500 0.003162 0.094382 0.995531 0.000000 0.000000 0.000000 0.000000 1.000000
0.999989 -0.001038 0.004655 0.000000 0.001450 0.996002 -0.089316 7.456500 -0.004544 0.089322 0.995992 0.000000 0.000000 0.000000 0.000000 1.000000
0.999826 -0.005717 0.017750 0.000000 0.007196 0.996403 -0.084435 7.456500 -0.017203 0.084548 0.996271 0.000000 0.000000 0.000000 0.000000 1.000000
0.999122 -0.018444 0.037612 -0.000000 0.021562 0.996212 -0.084239 7.456500 -0.035916 0.084976 0.995735 0.000000 0.000000 0.000000 0.000000 1.000000</float_array>
        <technique_common>
          <accessor source="#mixamorig_Spine1-Matrix-animation-output-transform-array" count="24" stride="16">
            <param type="float4x4"/>
          </accessor>
        </technique_common>
      </source>
      <source id="mixamorig_Spine1-Interpolations">
        <Name_array id="mixamorig_Spine1-Interpolations-array" count="24">
 LINEAR LINEAR LINEAR LINEAR LINEAR LINEAR LINEAR LINEAR LINEAR LINEAR LINEAR
LINEAR LINEAR LINEAR LINEAR LINEAR LINEAR LINEAR LINEAR LINEAR LINEAR LINEAR LINEAR
LINEAR</Name_array>
        <technique_common>
          <accessor source="#mixamorig_Spine1-Interpolations-array" count="24">
            <param type="name"/>
          </accessor>
        </technique_common>
      </source>
      <sampler id="mixamorig_Spine1-Matrix-animation-transform">
        <input semantic="INPUT" source="#mixamorig_Spine1-Matrix-animation-input"/>
        <input semantic="OUTPUT" source="#mixamorig_Spine1-Matrix-animation-output-transform"/>
        <input semantic="INTERPOLATION" source="#mixamorig_Spine1-Interpolations"/>
      </sampler>
      <channel source="#mixamorig_Spine1-Matrix-animation-transform" target="mixamorig_Spine1/matrix"/>
    </animation>
    <animation id="mixamorig_Spine2-anim" name="mixamorig_Spine2">
      <source id="mixamorig_Spine2-Matrix-animation-input">
        <float_array id="mixamorig_Spine2-Matrix-animation-input-array" count="24">

0.000000 0.033333 0.066667 0.100000 0.133333 0.166667 0.200000 0.233333 0.266667 0.300000 0.333333 0.366667 0.400000 0.433333 0.466667 0.500000
0.533333 0.566667 0.600000 0.633333 0.666667 0.700000 0.733333 0.766667</float_array>
        <technique_common>
          <accessor source="#mixamorig_Spine2-Matrix-animation-input-array" count="24">
            <param name="TIME" type="float"/>
          </accessor>
        </technique_common>
      </source>
      <source id="mixamorig_Spine2-Matrix-animation-output-transform">
        <float_array id="mixamorig_Spine2-Matrix-animation-output-transform-array" count="384">

0.999122 -0.016815 0.038368 0.000000 0.023832 0.981402 -0.190480 8.623300 -0.034452 0.191227 0.980941 -0.000000 0.000000 0.000000 0.000000 1.000000
0.999032 -0.019517 0.039421 0.000000 0.026725 0.981120 -0.191543 8.623300 -0.034939 0.192411 0.980692 -0.000000 0.000000 0.000000 0.000000 1.000000
0.999190 -0.018214 0.035889 0.000000 0.024756 0.981227 -0.191259 8.623300 -0.031732 0.191993 0.980883 -0.000000 0.000000 0.000000 0.000000 1.000000
0.999348 -0.013263 0.033584 0.000000 0.019354 0.981957 -0.188113 8.623300 -0.030483 0.188640 0.981573 0.000000 0.000000 0.000000 0.000000 1.000000
0.999569 -0.001996 0.029281 0.000000 0.007282 0.983352 -0.181565 8.623300 -0.028431 0.181700 0.982943 0.000000 0.000000 0.000000 0.000000 1.000000
0.999737 0.015489 0.016915 0.000000 -0.012316 0.984713 -0.173747 8.623300 -0.019348 0.173493 0.984645 0.000000 0.000000 0.000000 0.000000 1.000000
0.999428 0.033703 -0.002805 0.000000 -0.033688 0.984798 -0.170408 8.623300 -0.002981 0.170405 0.985370 0.000000 0.000000 0.000000 0.000000 1.000000
0.998672 0.047325 -0.020365 0.000000 -0.050201 0.982726 -0.178129 8.623300 0.011583 0.178915 0.983796 -0.000000 0.000000 0.000000 0.000000 1.000000
0.998007 0.056714 -0.027676 0.000000 -0.061015 0.979158 -0.193718 8.623300 0.016113 0.195021 0.980667 -0.000000 0.000000 0.000000 0.000000 1.000000
0.997248 0.068168 -0.029136 0.000000 -0.072758 0.975339 -0.208373 8.623300 0.014213 0.209919 0.977615 0.000000 0.000000 0.000000 0.000000 1.000000
0.995654 0.085679 -0.036487 -0.000000 -0.091522 0.972661 -0.213436 8.623300 0.017202 0.215848 0.976276 -0.000000 0.000000 0.000000 0.000000 1.000000
0.992706 0.107565 -0.054455 0.000000 -0.116657 0.971024 -0.208575 8.623300 0.030442 0.213406 0.976489 0.000000 0.000000 0.000000 0.000000 1.000000
0.989300 0.126069 -0.073426 0.000000 -0.138517 0.969655 -0.201448 8.623300 0.045801 0.209464 0.976743 0.000000 0.000000 0.000000 0.000000 1.000000
0.987831 0.134266 -0.078507 0.000000 -0.147515 0.968769 -0.199312 8.623300 0.049295 0.208467 0.976786 0.000000 0.000000 0.000000 0.000000 1.000000
0.989122 0.131077 -0.066752 0.000000 -0.142032 0.969106 -0.201643 8.623300 0.038259 0.208930 0.977182 0.000000 0.000000 0.000000 0.000000 1.000000
0.991752 0.117983 -0.050072 0.000000 -0.125752 0.971236 -0.202207 8.623300 0.024775 0.206836 0.978062 0.000000 0.000000 0.000000 0.000000 1.000000
0.994628 0.095872 -0.039026 0.000000 -0.101728 0.975033 -0.197386 8.623300 0.019128 0.200296 0.979549 0.000000 0.000000 0.000000 0.000000 1.000000
0.997238 0.067112 -0.031827 0.000000 -0.072023 0.978467 -0.193429 8.623300 0.018160 0.195187 0.980598 0.000000 0.000000 0.000000 0.000000 1.000000
0.999091 0.036361 -0.022262 0.000000 -0.040018 0.979894 -0.195462 8.623300 0.014707 0.196175 0.980459 0.000000 0.000000 0.000000 0.000000 1.000000
0.999849 0.012864 -0.011709 0.000000 -0.014946 0.979709 -0.199868 8.623300 0.008901 0.200013 0.979753 -0.000000 0.000000 0.000000 0.000000 1.000000
0.999992 0.001855 -0.003448 0.000000 -0.002508 0.979687 -0.200518 8.623300 0.003006 0.200525 0.979684 0.000000 0.000000 0.000000 0.000000 1.000000
0.999989 -0.000838 0.004695 -0.000000 0.001740 0.980695 -0.195537 8.623300 -0.004441 0.195543 0.980685 0.000000 0.000000 0.000000 0.000000 1.000000
0.999826 -0.004951 0.017979 0.000000 0.008290 0.981610 -0.190720 8.623300 -0.016704 0.190835 0.981480 0.000000 0.000000 0.000000 0.000000 1.000000
0.999122 -0.016815 0.038368 0.000000 0.023832 0.981402 -0.190480 8.623300 -0.034452 0.191227 0.980941 -0.000000 0.000000 0.000000 0.000000 1.000000</float_array>
        <technique_common>
          <accessor source="#mixamorig_Spine2-Matrix-animation-output-transform-array" count="24" stride="16">
            <param type="float4x4"/>
          </accessor>
        </technique_common>
      </source>
      <source id="mixamorig_Spine2-Interpolations">
        <Name_array id="mixamorig_Spine2-Interpolations-array" count="24">
 LINEAR LINEAR LINEAR LINEAR LINEAR LINEAR LINEAR LINEAR LINEAR LINEAR LINEAR
LINEAR LINEAR LINEAR LINEAR LINEAR LINEAR LINEAR LINEAR LINEAR LINEAR LINEAR LINEAR
LINEAR</Name_array>
        <technique_common>
          <accessor source="#mixamorig_Spine2-Interpolations-array" count="24">
            <param type="name"/>
          </accessor>
        </technique_common>
      </source>
      <sampler id="mixamorig_Spine2-Matrix-animation-transform">
        <input semantic="INPUT" source="#mixamorig_Spine2-Matrix-animation-input"/>
        <input semantic="OUTPUT" source="#mixamorig_Spine2-Matrix-animation-output-transform"/>
        <input semantic="INTERPOLATION" source="#mixamorig_Spine2-Interpolations"/>
      </sampler>
      <channel source="#mixamorig_Spine2-Matrix-animation-transform" target="mixamorig_Spine2/matrix"/>
    </animation>
    <animation id="mixamorig_Neck-anim" name="mixamorig_Neck">
      <source id="mixamorig_Neck-Matrix-animation-input">
        <float_array id="mixamorig_Neck-Matrix-animation-input-array" count="24">

0.000000 0.033333 0.066667 0.100000 0.133333 0.166667 0.200000 0.233333 0.266667 0.300000 0.333333 0.366667 0.400000 0.433333 0.466667 0.500000
0.533333 0.566667 0.600000 0.633333 0.666667 0.700000 0.733333 0.766667</float_array>
        <technique_common>
          <accessor source="#mixamorig_Neck-Matrix-animation-input-array" count="24">
            <param name="TIME" type="float"/>
          </accessor>
        </technique_common>
      </source>
      <source id="mixamorig_Neck-Matrix-animation-output-transform">
        <float_array id="mixamorig_Neck-Matrix-animation-output-transform-array" count="384">

0.997692 -0.031005 -0.060412 0.000000 0.032657 0.999114 0.026551 23.573400 0.059535 -0.028462 0.997820 -4.474100 0.000000 0.000000 0.000000 1.000000
0.998420 -0.018085 -0.053196 0.000000 0.018852 0.999725 0.013956 23.573400 0.052929 -0.014936 0.998487 -4.474100 0.000000 0.000000 0.000000 1.000000
0.998911 -0.006495 -0.046208 0.000000 0.006024 0.999928 -0.010332 23.573400 0.046272 0.010042 0.998878 -4.474100 0.000000 0.000000 0.000000 1.000000
0.999294 -0.006618 -0.036974 0.000000 0.005407 0.999449 -0.032737 23.573400 0.037170 0.032514 0.998780 -4.474100 0.000000 0.000000 0.000000 1.000000
0.999434 -0.021709 -0.025700 -0.000000 0.020535 0.998772 -0.045095 23.573400 0.026647 0.044541 0.998652 -4.474100 0.000000 0.000000 0.000000 1.000000
0.998546 -0.051429 -0.016161 0.000000 0.050805 0.998027 -0.036892 23.573400 0.018027 0.036017 0.999189 -4.474100 0.000000 0.000000 0.000000 1.000000
0.995837 -0.089950 -0.014748 0.000000 0.089901 0.995943 -0.003924 23.573400 0.015041 0.002582 0.999884 -4.474100 0.000000 0.000000 0.000000 1.000000
0.992128 -0.122798 -0.024543 0.000000 0.123706 0.991522 0.039761 23.573400 0.019453 -0.042484 0.998908 -4.474100 0.000000 0.000000 0.000000 1.000000
0.989378 -0.139860 -0.039640 -0.000000 0.142148 0.987875 0.062421 23.573400 0.030429 -0.067393 0.997262 -4.474100 0.000000 0.000000 0.000000 1.000000
0.986899 -0.152937 -0.051396 0.000000 0.155743 0.986213 0.055928 23.573400 0.042134 -0.063200 0.997111 -4.474100 0.000000 0.000000 0.000000 1.000000
0.983856 -0.169922 -0.056158 0.000000 0.172352 0.984153 0.041679 23.573400 0.048186 -0.050685 0.997552 -4.474100 0.000000 0.000000 0.000000 1.000000
0.981473 -0.183064 -0.056562 0.000000 0.185214 0.982060 0.035415 23.573400 0.049064 -0.045235 0.997771 -4.474100 0.000000 0.000000 0.000000 1.000000
0.980713 -0.186850 -0.057344 0.000000 0.188847 0.981498 0.031596 23.573400 0.050380 -0.041816 0.997854 -4.474100 0.000000 0.000000 0.000000 1.000000
0.980403 -0.187060 -0.061800 0.000000 0.188513 0.981896 0.018528 23.573400 0.057216 -0.029815 0.997917 -4.474100 0.000000 0.000000 0.000000 1.000000
0.979482 -0.188697 -0.070765 0.000000 0.189010 0.981972 -0.002309 23.573400 0.069926 -0.011113 0.997490 -4.474100 0.000000 0.000000 0.000000 1.000000
0.978870 -0.187371 -0.081886 0.000000 0.186403 0.982282 -0.019387 23.573400 0.084068 0.003714 0.996453 -4.474100 0.000000 0.000000 0.000000 1.000000
0.980205 -0.175771 -0.091123 0.000000 0.174223 0.984396 -0.024731 23.573400 0.094048 0.008366 0.995533 -4.474100 0.000000 0.000000 0.000000 1.000000
0.984210 -0.149695 -0.094452 0.000000 0.149396 0.988724 -0.010270 23.573400 0.094925 -0.004003 0.995476 -4.474100 0.000000 0.000000 0.000000 1.000000
0.990246 -0.107551 -0.088572 -0.000000 0.110039 0.993645 0.023684 23.573400 0.085462 -0.033199 0.995788 -4.474100 0.000000 0.000000 0.000000 1.000000
0.995101 -0.064718 -0.074735 0.000000 0.068521 0.996421 0.049489 23.573400 0.071264 -0.054368 0.995975 -4.474100 0.000000 0.000000 0.000000 1.000000
0.996904 -0.047244 -0.062854 0.000000 0.049788 0.997977 0.039547 23.573400 0.060858 -0.042553 0.997239 -4.474100 0.000000 0.000000 0.000000 1.000000
0.997178 -0.046554 -0.058888 0.000000 0.047528 0.998753 0.015253 23.573400 0.058105 -0.018009 0.998148 -4.474100 0.000000 0.000000 0.000000 1.000000
0.997296 -0.042299 -0.060094 0.000000 0.042901 0.999041 0.008760 23.573400 0.059666 -0.011315 0.998154 -4.474100 0.000000 0.000000 0.000000 1.000000
0.997692 -0.031005 -0.060412 0.000000 0.032657 0.999114 0.026551 23.573400 0.059535 -0.028462 0.997820 -4.474100 0.000000 0.000000 0.000000 1.000000</float_array>
        <technique_common>
          <accessor source="#mixamorig_Neck-Matrix-animation-output-transform-array" count="24" stride="16">
            <param type="float4x4"/>
          </accessor>
        </technique_common>
      </source>
      <source id="mixamorig_Neck-Interpolations">
        <Name_array id="mixamorig_Neck-Interpolations-array" count="24">
 LINEAR LINEAR LINEAR LINEAR LINEAR LINEAR LINEAR LINEAR LINEAR LINEAR LINEAR
LINEAR LINEAR LINEAR LINEAR LINEAR LINEAR LINEAR LINEAR LINEAR LINEAR LINEAR LINEAR
LINEAR</Name_array>
        <technique_common>
          <accessor source="#mixamorig_Neck-Interpolations-array" count="24">
            <param type="name"/>
          </accessor>
        </technique_common>
      </source>
      <sampler id="mixamorig_Neck-Matrix-animation-transform">
        <input semantic="INPUT" source="#mixamorig_Neck-Matrix-animation-input"/>
        <input semantic="OUTPUT" source="#mixamorig_Neck-Matrix-animation-output-transform"/>
        <input semantic="INTERPOLATION" source="#mixamorig_Neck-Interpolations"/>
      </sampler>
      <channel source="#mixamorig_Neck-Matrix-animation-transform" target="mixamorig_Neck/matrix"/>
    </animation>
    <animation id="mixamorig_Head-anim" name="mixamorig_Head">
      <source id="mixamorig_Head-Matrix-animation-input">
        <float_array id="mixamorig_Head-Matrix-animation-input-array" count="24">

0.000000 0.033333 0.066667 0.100000 0.133333 0.166667 0.200000 0.233333 0.266667 0.300000 0.333333 0.366667 0.400000 0.433333 0.466667 0.500000
0.533333 0.566667 0.600000 0.633333 0.666667 0.700000 0.733333 0.766667</float_array>
        <technique_common>
          <accessor source="#mixamorig_Head-Matrix-animation-input-array" count="24">
            <param name="TIME" type="float"/>
          </accessor>
        </technique_common>
      </source>
      <source id="mixamorig_Head-Matrix-animation-output-transform">
        <float_array id="mixamorig_Head-Matrix-animation-output-transform-array" count="384">

0.960975 0.204795 -0.185971 0.000000 -0.070212 0.830815 0.552102 10.036000 0.267575 -0.517499 0.812772 2.683300 0.000000 0.000000 0.000000 1.000000
0.969687 0.189530 -0.154227 0.000000 -0.075647 0.833007 0.548067 10.036000 0.232347 -0.519786 0.822093 2.683300 0.000000 0.000000 0.000000 1.000000
0.976725 0.177225 -0.120827 0.000000 -0.084304 0.835165 0.543500 10.036000 0.197232 -0.520664 0.830667 2.683300 0.000000 0.000000 0.000000 1.000000
0.984586 0.157366 -0.076331 -0.000000 -0.092558 0.839109 0.536030 10.036000 0.148403 -0.520703 0.840741 2.683300 0.000000 0.000000 0.000000 1.000000
0.992820 0.115579 -0.030815 -0.000000 -0.083313 0.853012 0.515198 10.036000 0.085832 -0.508932 0.856517 2.683300 0.000000 0.000000 0.000000 1.000000
0.998240 0.059298 0.001213 -0.000000 -0.052472 0.873421 0.484131 10.036000 0.027648 -0.483342 0.874995 2.683300 0.000000 0.000000 0.000000 1.000000
0.999872 0.014215 0.007395 0.000000 -0.016023 0.888963 0.457698 10.036000 -0.000068 -0.457758 0.889077 2.683300 0.000000 0.000000 0.000000 1.000000
0.999627 -0.009561 -0.025578 0.000000 0.020015 0.893729 0.448160 10.036000 0.018575 -0.448505 0.893587 2.683300 0.000000 0.000000 0.000000 1.000000
0.995711 -0.023212 -0.089555 0.000000 0.061546 0.888932 0.453885 10.036000 0.069072 -0.457450 0.886549 2.683300 0.000000 0.000000 0.000000 1.000000
0.987936 -0.041709 -0.149141 0.000000 0.107544 0.877736 0.466919 10.036000 0.111432 -0.477325 0.871633 2.683300 0.000000 0.000000 0.000000 1.000000
0.981312 -0.068039 -0.179991 0.000000 0.147525 0.866585 0.476726 10.036000 0.123541 -0.494370 0.860428 2.683300 0.000000 0.000000 0.000000 1.000000
0.977296 -0.092594 -0.190575 0.000000 0.175131 0.859273 0.480602 10.036000 0.119255 -0.503066 0.855981 2.683300 0.000000 0.000000 0.000000 1.000000
0.972996 -0.105966 -0.205061 -0.000000 0.194884 0.853199 0.483809 10.036000 0.123691 -0.510707 0.850811 2.683300 0.000000 0.000000 0.000000 1.000000
0.964907 -0.104588 -0.240865 0.000000 0.214417 0.843332 0.492764 10.036000 0.151592 -0.527117 0.836162 2.683300 0.000000 0.000000 0.000000 1.000000
0.951355 -0.085090 -0.296115 0.000000 0.231628 0.831276 0.505300 10.036000 0.203158 -0.549308 0.810548 2.683300 0.000000 0.000000 0.000000 1.000000
0.936251 -0.043833 -0.348586 0.000000 0.229141 0.828300 0.511286 10.036000 0.266322 -0.558567 0.785541 2.683300 0.000000 0.000000 0.000000 1.000000
0.927105 0.015601 -0.374477 -0.000000 0.191356 0.839399 0.508716 10.036000 0.322273 -0.543291 0.775226 2.683300 0.000000 0.000000 0.000000 1.000000
0.927136 0.076861 -0.366759 -0.000000 0.131119 0.850326 0.509660 10.036000 0.351038 -0.520613 0.778289 2.683300 0.000000 0.000000 0.000000 1.000000
0.935884 0.119348 -0.331476 0.000000 0.074247 0.852927 0.516723 10.036000 0.344395 -0.508204 0.789380 2.683300 0.000000 0.000000 0.000000 1.000000
0.950368 0.132222 -0.281633 0.000000 0.038067 0.848986 0.527042 10.036000 0.308789 -0.511605 0.801817 2.683300 0.000000 0.000000 0.000000 1.000000
0.963245 0.130955 -0.234540 -0.000000 0.019519 0.836689 0.547330 10.036000 0.267913 -0.531791 0.803381 2.683300 0.000000 0.000000 0.000000 1.000000
0.967915 0.137599 -0.210255 0.000000 0.005560 0.824810 0.565383 10.036000 0.251216 -0.548412 0.797581 2.683300 0.000000 0.000000 0.000000 1.000000
0.965475 0.165000 -0.201579 0.000000 -0.021598 0.821860 0.569279 10.036000 0.259601 -0.545271 0.797049 2.683300 0.000000 0.000000 0.000000 1.000000
0.960975 0.204795 -0.185971 -0.000000 -0.070212 0.830815 0.552102 10.036000 0.267575 -0.517499 0.812772 2.683300 0.000000 0.000000 0.000000 1.000000</float_array>
        <technique_common>
          <accessor source="#mixamorig_Head-Matrix-animation-output-transform-array" count="24" stride="16">
            <param type="float4x4"/>
          </accessor>
        </technique_common>
      </source>
      <source id="mixamorig_Head-Interpolations">
        <Name_array id="mixamorig_Head-Interpolations-array" count="24">
 LINEAR LINEAR LINEAR LINEAR LINEAR LINEAR LINEAR LINEAR LINEAR LINEAR LINEAR
LINEAR LINEAR LINEAR LINEAR LINEAR LINEAR LINEAR LINEAR LINEAR LINEAR LINEAR LINEAR
LINEAR</Name_array>
        <technique_common>
          <accessor source="#mixamorig_Head-Interpolations-array" count="24">
            <param type="name"/>
          </accessor>
        </technique_common>
      </source>
      <sampler id="mixamorig_Head-Matrix-animation-transform">
        <input semantic="INPUT" source="#mixamorig_Head-Matrix-animation-input"/>
        <input semantic="OUTPUT" source="#mixamorig_Head-Matrix-animation-output-transform"/>
        <input semantic="INTERPOLATION" source="#mixamorig_Head-Interpolations"/>
      </sampler>
      <channel source="#mixamorig_Head-Matrix-animation-transform" target="mixamorig_Head/matrix"/>
    </animation>
    <animation id="mixamorig_LeftShoulder-anim" name="mixamorig_LeftShoulder">
      <source id="mixamorig_LeftShoulder-Matrix-animation-input">
        <float_array id="mixamorig_LeftShoulder-Matrix-animation-input-array" count="24">

0.000000 0.033333 0.066667 0.100000 0.133333 0.166667 0.200000 0.233333 0.266667 0.300000 0.333333 0.366667 0.400000 0.433333 0.466667 0.500000
0.533333 0.566667 0.600000 0.633333 0.666667 0.700000 0.733333 0.766667</float_array>
        <technique_common>
          <accessor source="#mixamorig_LeftShoulder-Matrix-animation-input-array" count="24">
            <param name="TIME" type="float"/>
          </accessor>
        </technique_common>
      </source>
      <source id="mixamorig_LeftShoulder-Matrix-animation-output-transform">
        <float_array id="mixamorig_LeftShoulder-Matrix-animation-output-transform-array" count="384">

-0.295710 0.954838 -0.028969 6.172300 0.013545 -0.026131 -0.999567 17.857000 -0.955182 -0.295974 -0.005206 -2.624400 0.000000 0.000000 0.000000 1.000000
-0.313826 0.948939 -0.032053 6.172300 0.012863 -0.029506 -0.999482 17.857000 -0.949393 -0.314076 -0.002947 -2.624400 0.000000 0.000000 0.000000 1.000000
-0.296732 0.954448 -0.031274 6.172300 0.014137 -0.028355 -0.999498 17.857000 -0.954856 -0.297025 -0.005079 -2.624400 0.000000 0.000000 0.000000 1.000000
-0.269269 0.962213 -0.040507 6.172300 0.019211 -0.036685 -0.999142 17.857000 -0.962873 -0.269816 -0.008607 -2.624400 0.000000 0.000000 0.000000 1.000000
-0.244835 0.967798 -0.058514 6.172300 0.026190 -0.053728 -0.998212 17.857000 -0.969211 -0.245929 -0.012192 -2.624400 0.000000 0.000000 0.000000 1.000000
-0.221162 0.971738 -0.082532 6.172300 0.034256 -0.076835 -0.996455 17.857000 -0.974635 -0.223206 -0.016295 -2.624400 0.000000 0.000000 0.000000 1.000000
-0.185246 0.976034 -0.114201 6.172300 0.044292 -0.107801 -0.993185 17.857000 -0.981694 -0.189042 -0.023261 -2.624400 0.000000 0.000000 0.000000 1.000000
-0.125637 0.980054 -0.153977 6.172300 0.055813 -0.147978 -0.987414 17.857000 -0.990505 -0.132649 -0.036108 -2.624400 0.000000 0.000000 0.000000 1.000000
-0.056121 0.979998 -0.190930 6.172300 0.064645 -0.187264 -0.980180 17.857000 -0.996329 -0.067352 -0.052843 -2.624400 0.000000 0.000000 0.000000 1.000000
-0.011482 0.977061 -0.212651 6.172300 0.068642 -0.211393 -0.974988 17.857000 -0.997575 -0.025791 -0.064640 -2.624400 0.000000 0.000000 0.000000 1.000000
-0.003492 0.975602 -0.219519 6.172300 0.069716 -0.218749 -0.973288 17.857000 -0.997561 -0.018702 -0.067251 -2.624400 0.000000 0.000000 0.000000 1.000000
-0.014950 0.975314 -0.220316 6.172300 0.069876 -0.218783 -0.973268 17.857000 -0.997444 -0.029946 -0.064881 -2.624400 0.000000 0.000000 0.000000 1.000000
-0.035461 0.975136 -0.218751 6.172300 0.069662 -0.215944 -0.973918 17.857000 -0.996940 -0.049775 -0.060273 -2.624400 0.000000 0.000000 0.000000 1.000000
-0.061891 0.974810 -0.214276 6.172300 0.068872 -0.210004 -0.975272 17.857000 -0.995704 -0.075118 -0.054140 -2.624400 0.000000 0.000000 0.000000 1.000000
-0.073084 0.973995 -0.214456 6.172300 0.068892 -0.209587 -0.975360 17.857000 -0.994944 -0.086057 -0.051783 -2.624400 0.000000 0.000000 0.000000 1.000000
-0.055701 0.972940 -0.224245 6.172300 0.071858 -0.220105 -0.972826 17.857000 -0.995858 -0.070301 -0.057653 -2.624400 0.000000 0.000000 0.000000 1.000000
-0.007456 0.974260 -0.225305 6.172300 0.074284 -0.224149 -0.971720 17.857000 -0.997209 -0.023981 -0.070700 -2.624400 0.000000 0.000000 0.000000 1.000000
0.059222 0.980142 -0.189248 6.172300 0.070468 -0.193212 -0.978623 17.857000 -0.995754 0.044620 -0.080511 -2.624400 0.000000 0.000000 0.000000 1.000000
0.088047 0.989722 -0.112682 6.172300 0.060449 -0.118222 -0.991146 17.857000 -0.994280 0.080456 -0.070236 -2.624400 0.000000 0.000000 0.000000 1.000000
0.018860 0.999070 -0.038786 6.172300 0.044306 -0.039590 -0.998233 17.857000 -0.998840 0.017108 -0.045011 -2.624400 0.000000 0.000000 0.000000 1.000000
-0.102709 0.994701 -0.004488 6.172300 0.025674 -0.001860 -0.999669 17.857000 -0.994380 -0.102790 -0.025347 -2.624400 0.000000 0.000000 0.000000 1.000000
-0.198873 0.980020 -0.003169 6.172300 0.015223 -0.000144 -0.999884 17.857000 -0.979907 -0.198898 -0.014890 -2.624400 0.000000 0.000000 0.000000 1.000000
-0.259481 0.965616 -0.015960 6.172300 0.012827 -0.013079 -0.999832 17.857000 -0.965663 -0.259642 -0.008993 -2.624400 0.000000 0.000000 0.000000 1.000000
-0.295710 0.954838 -0.028968 6.172300 0.013545 -0.026130 -0.999567 17.857000 -0.955182 -0.295974 -0.005206 -2.624400 0.000000 0.000000 0.000000 1.000000</float_array>
        <technique_common>
          <accessor source="#mixamorig_LeftShoulder-Matrix-animation-output-transform-array" count="24" stride="16">
            <param type="float4x4"/>
          </accessor>
        </technique_common>
      </source>
      <source id="mixamorig_LeftShoulder-Interpolations">
        <Name_array id="mixamorig_LeftShoulder-Interpolations-array" count="24">
 LINEAR LINEAR LINEAR LINEAR LINEAR LINEAR LINEAR LINEAR LINEAR LINEAR LINEAR
LINEAR LINEAR LINEAR LINEAR LINEAR LINEAR LINEAR LINEAR LINEAR LINEAR LINEAR LINEAR
LINEAR</Name_array>
        <technique_common>
          <accessor source="#mixamorig_LeftShoulder-Interpolations-array" count="24">
            <param type="name"/>
          </accessor>
        </technique_common>
      </source>
      <sampler id="mixamorig_LeftShoulder-Matrix-animation-transform">
        <input semantic="INPUT" source="#mixamorig_LeftShoulder-Matrix-animation-input"/>
        <input semantic="OUTPUT" source="#mixamorig_LeftShoulder-Matrix-animation-output-transform"/>
        <input semantic="INTERPOLATION" source="#mixamorig_LeftShoulder-Interpolations"/>
      </sampler>
