<?xml version="1.0" encoding="utf-8"?>
<COLLADA xmlns="http://www.collada.org/2005/11/COLLADASchema" version="1.4.1">
  <asset>
    <contributor>
      <author>Mixamo</author>
      <authoring_tool>COLLADA Mixamo exporter</authoring_tool>
      <comments/>
    </contributor>
    <created>2024-04-05T10:43:21Z</created>
    <modified>2024-04-05T10:43:21Z</modified>
    <revision/>
    <title/>
    <unit meter="0.010000"/>
    <up_axis>Y_UP</up_axis>
  </asset>
  <library_animations>
    <animation id="Armature-anim" name="Armature">
      <source id="Armature-Matrix-animation-input">
        <float_array id="Armature-Matrix-animation-input-array" count="121">

0.000000 0.033333 0.066667 0.100000 0.133333 0.166667 0.200000 0.233333 0.266667 0.300000 0.333333 0.366667 0.400000 0.433333 0.466667 0.500000
0.533333 0.566667 0.600000 0.633333 0.666667 0.700000 0.733333 0.766667 0.800000 0.833333 0.866667 0.900000 0.933333 0.966667 1.000000 1.033333
1.066667 1.100000 1.133333 1.166667 1.200000 1.233333 1.266667 1.300000 1.333333 1.366667 1.400000 1.433333 1.466667 1.500000 1.533333 1.566667
1.600000 1.633333 1.666667 1.700000 1.733333 1.766667 1.800000 1.833333 1.866667 1.900000 1.933333 1.966667 2.000000 2.033333 2.066667 2.100000
2.133333 2.166667 2.200000 2.233333 2.266667 2.300000 2.333333 2.366667 2.400000 2.433333 2.466667 2.500000 2.533333 2.566667 2.600000 2.633333
2.666667 2.700000 2.733333 2.766667 2.800000 2.833333 2.866667 2.900000 2.933333 2.966667 3.000000 3.033333 3.066667 3.100000 3.133333 3.166667
3.200000 3.233333 3.266667 3.300000 3.333333 3.366667 3.400000 3.433333 3.466667 3.500000 3.533333 3.566667 3.600000 3.633333 3.666667 3.700000
3.733333 3.766667 3.800000 3.833333 3.866667 3.900000 3.933333 3.966667 4.000000</float_array>
        <technique_common>
          <accessor source="#Armature-Matrix-animation-input-array" count="121">
            <param name="TIME" type="float"/>
          </accessor>
        </technique_common>
      </source>
      <source id="Armature-Matrix-animation-output-transform">
        <float_array id="Armature-Matrix-animation-output-transform-array" count="1936">

1.000000 0.000000 0.000000 0.000000 0.000000 1.000000 0.000000 0.000000 0.000000 0.000000 1.000000 0.000000 0.000000 0.000000 0.000000 1.000000
1.000000 0.000000 0.000000 0.000000 0.000000 1.000000 0.000000 0.000000 0.000000 0.000000 1.000000 0.000000 0.000000 0.000000 0.000000 1.000000
1.000000 0.000000 0.000000 0.000000 0.000000 1.000000 0.000000 0.000000 0.000000 0.000000 1.000000 0.000000 0.000000 0.000000 0.000000 1.000000
1.000000 0.000000 0.000000 0.000000 0.000000 1.000000 0.000000 0.000000 0.000000 0.000000 1.000000 0.000000 0.000000 0.000000 0.000000 1.000000
1.000000 0.000000 0.000000 0.000000 0.000000 1.000000 0.000000 0.000000 0.000000 0.000000 1.000000 0.000000 0.000000 0.000000 0.000000 1.000000
1.000000 0.000000 0.000000 0.000000 0.000000 1.000000 0.000000 0.000000 0.000000 0.000000 1.000000 0.000000 0.000000 0.000000 0.000000 1.000000
1.000000 0.000000 0.000000 0.000000 0.000000 1.000000 0.000000 0.000000 0.000000 0.000000 1.000000 0.000000 0.000000 0.000000 0.000000 1.000000
1.000000 0.000000 0.000000 0.000000 0.000000 1.000000 0.000000 0.000000 0.000000 0.000000 1.000000 0.000000 0.000000 0.000000 0.000000 1.000000
1.000000 0.000000 0.000000 0.000000 0.000000 1.000000 0.000000 0.000000 0.000000 0.000000 1.000000 0.000000 0.000000 0.000000 0.000000 1.000000
1.000000 0.000000 0.000000 0.000000 0.000000 1.000000 0.000000 0.000000 0.000000 0.000000 1.000000 0.000000 0.000000 0.000000 0.000000 1.000000
1.000000 0.000000 0.000000 0.000000 0.000000 1.000000 0.000000 0.000000 0.000000 0.000000 1.000000 0.000000 0.000000 0.000000 0.000000 1.000000
1.000000 0.000000 0.000000 0.000000 0.000000 1.000000 0.000000 0.000000 0.000000 0.000000 1.000000 0.000000 0.000000 0.000000 0.000000 1.000000
1.000000 0.000000 0.000000 0.000000 0.000000 1.000000 0.000000 0.000000 0.000000 0.000000 1.000000 0.000000 0.000000 0.000000 0.000000 1.000000
1.000000 0.000000 0.000000 0.000000 0.000000 1.000000 0.000000 0.000000 0.000000 0.000000 1.000000 0.000000 0.000000 0.000000 0.000000 1.000000
1.000000 0.000000 0.000000 0.000000 0.000000 1.000000 0.000000 0.000000 0.000000 0.000000 1.000000 0.000000 0.000000 0.000000 0.000000 1.000000
1.000000 0.000000 0.000000 0.000000 0.000000 1.000000 0.000000 0.000000 0.000000 0.000000 1.000000 0.000000 0.000000 0.000000 0.000000 1.000000
1.000000 0.000000 0.000000 0.000000 0.000000 1.000000 0.000000 0.000000 0.000000 0.000000 1.000000 0.000000 0.000000 0.000000 0.000000 1.000000
1.000000 0.000000 0.000000 0.000000 0.000000 1.000000 0.000000 0.000000 0.000000 0.000000 1.000000 0.000000 0.000000 0.000000 0.000000 1.000000
1.000000 0.000000 0.000000 0.000000 0.000000 1.000000 0.000000 0.000000 0.000000 0.000000 1.000000 0.000000 0.000000 0.000000 0.000000 1.000000
1.000000 0.000000 0.000000 0.000000 0.000000 1.000000 0.000000 0.000000 0.000000 0.000000 1.000000 0.000000 0.000000 0.000000 0.000000 1.000000
1.000000 0.000000 0.000000 0.000000 0.000000 1.000000 0.000000 0.000000 0.000000 0.000000 1.000000 0.000000 0.000000 0.000000 0.000000 1.000000
1.000000 0.000000 0.000000 0.000000 0.000000 1.000000 0.000000 0.000000 0.000000 0.000000 1.000000 0.000000 0.000000 0.000000 0.000000 1.000000
1.000000 0.000000 0.000000 0.000000 0.000000 1.000000 0.000000 0.000000 0.000000 0.000000 1.000000 0.000000 0.000000 0.000000 0.000000 1.000000
1.000000 0.000000 0.000000 0.000000 0.000000 1.000000 0.000000 0.000000 0.000000 0.000000 1.000000 0.000000 0.000000 0.000000 0.000000 1.000000
1.000000 0.000000 0.000000 0.000000 0.000000 1.000000 0.000000 0.000000 0.000000 0.000000 1.000000 0.000000 0.000000 0.000000 0.000000 1.000000
1.000000 0.000000 0.000000 0.000000 0.000000 1.000000 0.000000 0.000000 0.000000 0.000000 1.000000 0.000000 0.000000 0.000000 0.000000 1.000000
1.000000 0.000000 0.000000 0.000000 0.000000 1.000000 0.000000 0.000000 0.000000 0.000000 1.000000 0.000000 0.000000 0.000000 0.000000 1.000000
1.000000 0.000000 0.000000 0.000000 0.000000 1.000000 0.000000 0.000000 0.000000 0.000000 1.000000 0.000000 0.000000 0.000000 0.000000 1.000000
1.000000 0.000000 0.000000 0.000000 0.000000 1.000000 0.000000 0.000000 0.000000 0.000000 1.000000 0.000000 0.000000 0.000000 0.000000 1.000000
1.000000 0.000000 0.000000 0.000000 0.000000 1.000000 0.000000 0.000000 0.000000 0.000000 1.000000 0.000000 0.000000 0.000000 0.000000 1.000000
1.000000 0.000000 0.000000 0.000000 0.000000 1.000000 0.000000 0.000000 0.000000 0.000000 1.000000 0.000000 0.000000 0.000000 0.000000 1.000000
1.000000 0.000000 0.000000 0.000000 0.000000 1.000000 0.000000 0.000000 0.000000 0.000000 1.000000 0.000000 0.000000 0.000000 0.000000 1.000000
1.000000 0.000000 0.000000 0.000000 0.000000 1.000000 0.000000 0.000000 0.000000 0.000000 1.000000 0.000000 0.000000 0.000000 0.000000 1.000000
1.000000 0.000000 0.000000 0.000000 0.000000 1.000000 0.000000 0.000000 0.000000 0.000000 1.000000 0.000000 0.000000 0.000000 0.000000 1.000000
1.000000 0.000000 0.000000 0.000000 0.000000 1.000000 0.000000 0.000000 0.000000 0.000000 1.000000 0.000000 0.000000 0.000000 0.000000 1.000000
1.000000 0.000000 0.000000 0.000000 0.000000 1.000000 0.000000 0.000000 0.000000 0.000000 1.000000 0.000000 0.000000 0.000000 0.000000 1.000000
1.000000 0.000000 0.000000 0.000000 0.000000 1.000000 0.000000 0.000000 0.000000 0.000000 1.000000 0.000000 0.000000 0.000000 0.000000 1.000000
1.000000 0.000000 0.000000 0.000000 0.000000 1.000000 0.000000 0.000000 0.000000 0.000000 1.000000 0.000000 0.000000 0.000000 0.000000 1.000000
1.000000 0.000000 0.000000 0.000000 0.000000 1.000000 0.000000 0.000000 0.000000 0.000000 1.000000 0.000000 0.000000 0.000000 0.000000 1.000000
1.000000 0.000000 0.000000 0.000000 0.000000 1.000000 0.000000 0.000000 0.000000 0.000000 1.000000 0.000000 0.000000 0.000000 0.000000 1.000000
1.000000 0.000000 0.000000 0.000000 0.000000 1.000000 0.000000 0.000000 0.000000 0.000000 1.000000 0.000000 0.000000 0.000000 0.000000 1.000000
1.000000 0.000000 0.000000 0.000000 0.000000 1.000000 0.000000 0.000000 0.000000 0.000000 1.000000 0.000000 0.000000 0.000000 0.000000 1.000000
1.000000 0.000000 0.000000 0.000000 0.000000 1.000000 0.000000 0.000000 0.000000 0.000000 1.000000 0.000000 0.000000 0.000000 0.000000 1.000000
1.000000 0.000000 0.000000 0.000000 0.000000 1.000000 0.000000 0.000000 0.000000 0.000000 1.000000 0.000000 0.000000 0.000000 0.000000 1.000000
1.000000 0.000000 0.000000 0.000000 0.000000 1.000000 0.000000 0.000000 0.000000 0.000000 1.000000 0.000000 0.000000 0.000000 0.000000 1.000000
1.000000 0.000000 0.000000 0.000000 0.000000 1.000000 0.000000 0.000000 0.000000 0.000000 1.000000 0.000000 0.000000 0.000000 0.000000 1.000000
1.000000 0.000000 0.000000 0.000000 0.000000 1.000000 0.000000 0.000000 0.000000 0.000000 1.000000 0.000000 0.000000 0.000000 0.000000 1.000000
1.000000 0.000000 0.000000 0.000000 0.000000 1.000000 0.000000 0.000000 0.000000 0.000000 1.000000 0.000000 0.000000 0.000000 0.000000 1.000000
1.000000 0.000000 0.000000 0.000000 0.000000 1.000000 0.000000 0.000000 0.000000 0.000000 1.000000 0.000000 0.000000 0.000000 0.000000 1.000000
1.000000 0.000000 0.000000 0.000000 0.000000 1.000000 0.000000 0.000000 0.000000 0.000000 1.000000 0.000000 0.000000 0.000000 0.000000 1.000000
1.000000 0.000000 0.000000 0.000000 0.000000 1.000000 0.000000 0.000000 0.000000 0.000000 1.000000 0.000000 0.000000 0.000000 0.000000 1.000000
1.000000 0.000000 0.000000 0.000000 0.000000 1.000000 0.000000 0.000000 0.000000 0.000000 1.000000 0.000000 0.000000 0.000000 0.000000 1.000000
1.000000 0.000000 0.000000 0.000000 0.000000 1.000000 0.000000 0.000000 0.000000 0.000000 1.000000 0.000000 0.000000 0.000000 0.000000 1.000000
1.000000 0.000000 0.000000 0.000000 0.000000 1.000000 0.000000 0.000000 0.000000 0.000000 1.000000 0.000000 0.000000 0.000000 0.000000 1.000000
1.000000 0.000000 0.000000 0.000000 0.000000 1.000000 0.000000 0.000000 0.000000 0.000000 1.000000 0.000000 0.000000 0.000000 0.000000 1.000000
1.000000 0.000000 0.000000 0.000000 0.000000 1.000000 0.000000 0.000000 0.000000 0.000000 1.000000 0.000000 0.000000 0.000000 0.000000 1.000000
1.000000 0.000000 0.000000 0.000000 0.000000 1.000000 0.000000 0.000000 0.000000 0.000000 1.000000 0.000000 0.000000 0.000000 0.000000 1.000000
1.000000 0.000000 0.000000 0.000000 0.000000 1.000000 0.000000 0.000000 0.000000 0.000000 1.000000 0.000000 0.000000 0.000000 0.000000 1.000000
1.000000 0.000000 0.000000 0.000000 0.000000 1.000000 0.000000 0.000000 0.000000 0.000000 1.000000 0.000000 0.000000 0.000000 0.000000 1.000000
1.000000 0.000000 0.000000 0.000000 0.000000 1.000000 0.000000 0.000000 0.000000 0.000000 1.000000 0.000000 0.000000 0.000000 0.000000 1.000000
1.000000 0.000000 0.000000 0.000000 0.000000 1.000000 0.000000 0.000000 0.000000 0.000000 1.000000 0.000000 0.000000 0.000000 0.000000 1.000000
1.000000 0.000000 0.000000 0.000000 0.000000 1.000000 0.000000 0.000000 0.000000 0.000000 1.000000 0.000000 0.000000 0.000000 0.000000 1.000000
1.000000 0.000000 0.000000 0.000000 0.000000 1.000000 0.000000 0.000000 0.000000 0.000000 1.000000 0.000000 0.000000 0.000000 0.000000 1.000000
1.000000 0.000000 0.000000 0.000000 0.000000 1.000000 0.000000 0.000000 0.000000 0.000000 1.000000 0.000000 0.000000 0.000000 0.000000 1.000000
1.000000 0.000000 0.000000 0.000000 0.000000 1.000000 0.000000 0.000000 0.000000 0.000000 1.000000 0.000000 0.000000 0.000000 0.000000 1.000000
1.000000 0.000000 0.000000 0.000000 0.000000 1.000000 0.000000 0.000000 0.000000 0.000000 1.000000 0.000000 0.000000 0.000000 0.000000 1.000000
1.000000 0.000000 0.000000 0.000000 0.000000 1.000000 0.000000 0.000000 0.000000 0.000000 1.000000 0.000000 0.000000 0.000000 0.000000 1.000000
1.000000 0.000000 0.000000 0.000000 0.000000 1.000000 0.000000 0.000000 0.000000 0.000000 1.000000 0.000000 0.000000 0.000000 0.000000 1.000000
1.000000 0.000000 0.000000 0.000000 0.000000 1.000000 0.000000 0.000000 0.000000 0.000000 1.000000 0.000000 0.000000 0.000000 0.000000 1.000000
1.000000 0.000000 0.000000 0.000000 0.000000 1.000000 0.000000 0.000000 0.000000 0.000000 1.000000 0.000000 0.000000 0.000000 0.000000 1.000000
1.000000 0.000000 0.000000 0.000000 0.000000 1.000000 0.000000 0.000000 0.000000 0.000000 1.000000 0.000000 0.000000 0.000000 0.000000 1.000000
1.000000 0.000000 0.000000 0.000000 0.000000 1.000000 0.000000 0.000000 0.000000 0.000000 1.000000 0.000000 0.000000 0.000000 0.000000 1.000000
1.000000 0.000000 0.000000 0.000000 0.000000 1.000000 0.000000 0.000000 0.000000 0.000000 1.000000 0.000000 0.000000 0.000000 0.000000 1.000000
1.000000 0.000000 0.000000 0.000000 0.000000 1.000000 0.000000 0.000000 0.000000 0.000000 1.000000 0.000000 0.000000 0.000000 0.000000 1.000000
1.000000 0.000000 0.000000 0.000000 0.000000 1.000000 0.000000 0.000000 0.000000 0.000000 1.000000 0.000000 0.000000 0.000000 0.000000 1.000000
1.000000 0.000000 0.000000 0.000000 0.000000 1.000000 0.000000 0.000000 0.000000 0.000000 1.000000 0.000000 0.000000 0.000000 0.000000 1.000000
1.000000 0.000000 0.000000 0.000000 0.000000 1.000000 0.000000 0.000000 0.000000 0.000000 1.000000 0.000000 0.000000 0.000000 0.000000 1.000000
1.000000 0.000000 0.000000 0.000000 0.000000 1.000000 0.000000 0.000000 0.000000 0.000000 1.000000 0.000000 0.000000 0.000000 0.000000 1.000000
1.000000 0.000000 0.000000 0.000000 0.000000 1.000000 0.000000 0.000000 0.000000 0.000000 1.000000 0.000000 0.000000 0.000000 0.000000 1.000000
1.000000 0.000000 0.000000 0.000000 0.000000 1.000000 0.000000 0.000000 0.000000 0.000000 1.000000 0.000000 0.000000 0.000000 0.000000 1.000000
1.000000 0.000000 0.000000 0.000000 0.000000 1.000000 0.000000 0.000000 0.000000 0.000000 1.000000 0.000000 0.000000 0.000000 0.000000 1.000000
1.000000 0.000000 0.000000 0.000000 0.000000 1.000000 0.000000 0.000000 0.000000 0.000000 1.000000 0.000000 0.000000 0.000000 0.000000 1.000000
1.000000 0.000000 0.000000 0.000000 0.000000 1.000000 0.000000 0.000000 0.000000 0.000000 1.000000 0.000000 0.000000 0.000000 0.000000 1.000000
1.000000 0.000000 0.000000 0.000000 0.000000 1.000000 0.000000 0.000000 0.000000 0.000000 1.000000 0.000000 0.000000 0.000000 0.000000 1.000000
1.000000 0.000000 0.000000 0.000000 0.000000 1.000000 0.000000 0.000000 0.000000 0.000000 1.000000 0.000000 0.000000 0.000000 0.000000 1.000000
1.000000 0.000000 0.000000 0.000000 0.000000 1.000000 0.000000 0.000000 0.000000 0.000000 1.000000 0.000000 0.000000 0.000000 0.000000 1.000000
1.000000 0.000000 0.000000 0.000000 0.000000 1.000000 0.000000 0.000000 0.000000 0.000000 1.000000 0.000000 0.000000 0.000000 0.000000 1.000000
1.000000 0.000000 0.000000 0.000000 0.000000 1.000000 0.000000 0.000000 0.000000 0.000000 1.000000 0.000000 0.000000 0.000000 0.000000 1.000000
1.000000 0.000000 0.000000 0.000000 0.000000 1.000000 0.000000 0.000000 0.000000 0.000000 1.000000 0.000000 0.000000 0.000000 0.000000 1.000000
1.000000 0.000000 0.000000 0.000000 0.000000 1.000000 0.000000 0.000000 0.000000 0.000000 1.000000 0.000000 0.000000 0.000000 0.000000 1.000000
1.000000 0.000000 0.000000 0.000000 0.000000 1.000000 0.000000 0.000000 0.000000 0.000000 1.000000 0.000000 0.000000 0.000000 0.000000 1.000000
1.000000 0.000000 0.000000 0.000000 0.000000 1.000000 0.000000 0.000000 0.000000 0.000000 1.000000 0.000000 0.000000 0.000000 0.000000 1.000000
1.000000 0.000000 0.000000 0.000000 0.000000 1.000000 0.000000 0.000000 0.000000 0.000000 1.000000 0.000000 0.000000 0.000000 0.000000 1.000000
1.000000 0.000000 0.000000 0.000000 0.000000 1.000000 0.000000 0.000000 0.000000 0.000000 1.000000 0.000000 0.000000 0.000000 0.000000 1.000000
1.000000 0.000000 0.000000 0.000000 0.000000 1.000000 0.000000 0.000000 0.000000 0.000000 1.000000 0.000000 0.000000 0.000000 0.000000 1.000000
1.000000 0.000000 0.000000 0.000000 0.000000 1.000000 0.000000 0.000000 0.000000 0.000000 1.000000 0.000000 0.000000 0.000000 0.000000 1.000000
1.000000 0.000000 0.000000 0.000000 0.000000 1.000000 0.000000 0.000000 0.000000 0.000000 1.000000 0.000000 0.000000 0.000000 0.000000 1.000000
1.000000 0.000000 0.000000 0.000000 0.000000 1.000000 0.000000 0.000000 0.000000 0.000000 1.000000 0.000000 0.000000 0.000000 0.000000 1.000000
1.000000 0.000000 0.000000 0.000000 0.000000 1.000000 0.000000 0.000000 0.000000 0.000000 1.000000 0.000000 0.000000 0.000000 0.000000 1.000000
1.000000 0.000000 0.000000 0.000000 0.000000 1.000000 0.000000 0.000000 0.000000 0.000000 1.000000 0.000000 0.000000 0.000000 0.000000 1.000000
1.000000 0.000000 0.000000 0.000000 0.000000 1.000000 0.000000 0.000000 0.000000 0.000000 1.000000 0.000000 0.000000 0.000000 0.000000 1.000000
1.000000 0.000000 0.000000 0.000000 0.000000 1.000000 0.000000 0.000000 0.000000 0.000000 1.000000 0.000000 0.000000 0.000000 0.000000 1.000000
1.000000 0.000000 0.000000 0.000000 0.000000 1.000000 0.000000 0.000000 0.000000 0.000000 1.000000 0.000000 0.000000 0.000000 0.000000 1.000000
1.000000 0.000000 0.000000 0.000000 0.000000 1.000000 0.000000 0.000000 0.000000 0.000000 1.000000 0.000000 0.000000 0.000000 0.000000 1.000000
1.000000 0.000000 0.000000 0.000000 0.000000 1.000000 0.000000 0.000000 0.000000 0.000000 1.000000 0.000000 0.000000 0.000000 0.000000 1.000000
1.000000 0.000000 0.000000 0.000000 0.000000 1.000000 0.000000 0.000000 0.000000 0.000000 1.000000 0.000000 0.000000 0.000000 0.000000 1.000000
1.000000 0.000000 0.000000 0.000000 0.000000 1.000000 0.000000 0.000000 0.000000 0.000000 1.000000 0.000000 0.000000 0.000000 0.000000 1.000000
1.000000 0.000000 0.000000 0.000000 0.000000 1.000000 0.000000 0.000000 0.000000 0.000000 1.000000 0.000000 0.000000 0.000000 0.000000 1.000000
1.000000 0.000000 0.000000 0.000000 0.000000 1.000000 0.000000 0.000000 0.000000 0.000000 1.000000 0.000000 0.000000 0.000000 0.000000 1.000000
1.000000 0.000000 0.000000 0.000000 0.000000 1.000000 0.000000 0.000000 0.000000 0.000000 1.000000 0.000000 0.000000 0.000000 0.000000 1.000000
1.000000 0.000000 0.000000 0.000000 0.000000 1.000000 0.000000 0.000000 0.000000 0.000000 1.000000 0.000000 0.000000 0.000000 0.000000 1.000000
1.000000 0.000000 0.000000 0.000000 0.000000 1.000000 0.000000 0.000000 0.000000 0.000000 1.000000 0.000000 0.000000 0.000000 0.000000 1.000000
1.000000 0.000000 0.000000 0.000000 0.000000 1.000000 0.000000 0.000000 0.000000 0.000000 1.000000 0.000000 0.000000 0.000000 0.000000 1.000000
1.000000 0.000000 0.000000 0.000000 0.000000 1.000000 0.000000 0.000000 0.000000 0.000000 1.000000 0.000000 0.000000 0.000000 0.000000 1.000000
1.000000 0.000000 0.000000 0.000000 0.000000 1.000000 0.000000 0.000000 0.000000 0.000000 1.000000 0.000000 0.000000 0.000000 0.000000 1.000000
1.000000 0.000000 0.000000 0.000000 0.000000 1.000000 0.000000 0.000000 0.000000 0.000000 1.000000 0.000000 0.000000 0.000000 0.000000 1.000000
1.000000 0.000000 0.000000 0.000000 0.000000 1.000000 0.000000 0.000000 0.000000 0.000000 1.000000 0.000000 0.000000 0.000000 0.000000 1.000000
1.000000 0.000000 0.000000 0.000000 0.000000 1.000000 0.000000 0.000000 0.000000 0.000000 1.000000 0.000000 0.000000 0.000000 0.000000 1.000000
1.000000 0.000000 0.000000 0.000000 0.000000 1.000000 0.000000 0.000000 0.000000 0.000000 1.000000 0.000000 0.000000 0.000000 0.000000 1.000000
1.000000 0.000000 0.000000 0.000000 0.000000 1.000000 0.000000 0.000000 0.000000 0.000000 1.000000 0.000000 0.000000 0.000000 0.000000 1.000000
1.000000 0.000000 0.000000 0.000000 0.000000 1.000000 0.000000 0.000000 0.000000 0.000000 1.000000 0.000000 0.000000 0.000000 0.000000 1.000000</float_array>
        <technique_common>
          <accessor source="#Armature-Matrix-animation-output-transform-array" count="121" stride="16">
            <param type="float4x4"/>
          </accessor>
        </technique_common>
      </source>
      <source id="Armature-Interpolations">
        <Name_array id="Armature-Interpolations-array" count="121">
 LINEAR LINEAR LINEAR LINEAR LINEAR LINEAR LINEAR LINEAR LINEAR LINEAR LINEAR
LINEAR LINEAR LINEAR LINEAR LINEAR LINEAR LINEAR LINEAR LINEAR LINEAR LINEAR LINEAR
LINEAR LINEAR LINEAR LINEAR LINEAR LINEAR LINEAR LINEAR LINEAR LINEAR LINEAR LINEAR
LINEAR LINEAR LINEAR LINEAR LINEAR LINEAR LINEAR LINEAR LINEAR LINEAR LINEAR LINEAR
LINEAR LINEAR LINEAR LINEAR LINEAR LINEAR LINEAR LINEAR LINEAR LINEAR LINEAR LINEAR
LINEAR LINEAR LINEAR LINEAR LINEAR LINEAR LINEAR LINEAR LINEAR LINEAR LINEAR LINEAR
LINEAR LINEAR LINEAR LINEAR LINEAR LINEAR LINEAR LINEAR LINEAR LINEAR LINEAR LINEAR
LINEAR LINEAR LINEAR LINEAR LINEAR LINEAR LINEAR LINEAR LINEAR LINEAR LINEAR LINEAR
LINEAR LINEAR LINEAR LINEAR LINEAR LINEAR LINEAR LINEAR LINEAR LINEAR LINEAR LINEAR
LINEAR LINEAR LINEAR LINEAR LINEAR LINEAR LINEAR LINEAR LINEAR LINEAR LINEAR LINEAR
LINEAR LINEAR</Name_array>
        <technique_common>
          <accessor source="#Armature-Interpolations-array" count="121">
            <param type="name"/>
          </accessor>
        </technique_common>
      </source>
      <sampler id="Armature-Matrix-animation-transform">
        <input semantic="INPUT" source="#Armature-Matrix-animation-input"/>
        <input semantic="OUTPUT" source="#Armature-Matrix-animation-output-transform"/>
        <input semantic="INTERPOLATION" source="#Armature-Interpolations"/>
      </sampler>
      <channel source="#Armature-Matrix-animation-transform" target="Armature/matrix"/>
    </animation>
    <animation id="mixamorig_Hips-anim" name="mixamorig_Hips">
      <source id="mixamorig_Hips-Matrix-animation-input">
        <float_array id="mixamorig_Hips-Matrix-animation-input-array" count="121">

0.000000 0.033333 0.066667 0.100000 0.133333 0.166667 0.200000 0.233333 0.266667 0.300000 0.333333 0.366667 0.400000 0.433333 0.466667 0.500000
0.533333 0.566667 0.600000 0.633333 0.666667 0.700000 0.733333 0.766667 0.800000 0.833333 0.866667 0.900000 0.933333 0.966667 1.000000 1.033333
1.066667 1.100000 1.133333 1.166667 1.200000 1.233333 1.266667 1.300000 1.333333 1.366667 1.400000 1.433333 1.466667 1.500000 1.533333 1.566667
1.600000 1.633333 1.666667 1.700000 1.733333 1.766667 1.800000 1.833333 1.866667 1.900000 1.933333 1.966667 2.000000 2.033333 2.066667 2.100000
2.133333 2.166667 2.200000 2.233333 2.266667 2.300000 2.333333 2.366667 2.400000 2.433333 2.466667 2.500000 2.533333 2.566667 2.600000 2.633333
2.666667 2.700000 2.733333 2.766667 2.800000 2.833333 2.866667 2.900000 2.933333 2.966667 3.000000 3.033333 3.066667 3.100000 3.133333 3.166667
3.200000 3.233333 3.266667 3.300000 3.333333 3.366667 3.400000 3.433333 3.466667 3.500000 3.533333 3.566667 3.600000 3.633333 3.666667 3.700000
3.733333 3.766667 3.800000 3.833333 3.866667 3.900000 3.933333 3.966667 4.000000</float_array>
        <technique_common>
          <accessor source="#mixamorig_Hips-Matrix-animation-input-array" count="121">
            <param name="TIME" type="float"/>
          </accessor>
        </technique_common>
      </source>
      <source id="mixamorig_Hips-Matrix-animation-output-transform">
        <float_array id="mixamorig_Hips-Matrix-animation-output-transform-array" count="1936">

0.998113 -0.018873 -0.058430 -2.430336 0.033841 0.963103 0.266998 97.064056 0.051235 -0.268472 0.961924 -2.226419 0.000000 0.000000 0.000000 1.000000
0.995075 0.002169 -0.099101 -0.503728 0.027177 0.955480 0.293801 99.384132 0.095327 -0.295048 0.950715 -3.175040 0.000000 0.000000 0.000000 1.000000
0.991841 0.019565 -0.125972 1.059723 0.019531 0.953167 0.301814 101.417221 0.125978 -0.301812 0.945007 -3.927289 0.000000 0.000000 0.000000 1.000000
0.989554 0.033655 -0.140181 2.101784 0.009173 0.955700 0.294201 103.011566 0.143872 -0.292413 0.945407 -4.440410 0.000000 0.000000 0.000000 1.000000
0.988479 0.047402 -0.143744 2.581180 -0.004813 0.959057 0.283174 104.005692 0.151282 -0.279219 0.948235 -4.685142 0.000000 0.000000 0.000000 1.000000
0.988037 0.064305 -0.140170 2.603078 -0.022590 0.959461 0.280934 104.323578 0.152553 -0.274407 0.949436 -4.657947 0.000000 0.000000 0.000000 1.000000
0.987320 0.083909 -0.134753 2.271066 -0.041569 0.955920 0.290670 104.041702 0.153203 -0.281383 0.947287 -4.359379 0.000000 0.000000 0.000000 1.000000
0.986029 0.101868 -0.131797 1.570732 -0.056868 0.949537 0.308458 103.353615 0.156568 -0.296653 0.942063 -3.775119 0.000000 0.000000 0.000000 1.000000
0.985096 0.111776 -0.130736 0.440947 -0.063301 0.942317 0.328683 102.494682 0.159933 -0.315509 0.935348 -2.955919 0.000000 0.000000 0.000000 1.000000
0.985613 0.109693 -0.128586 -1.067608 -0.059176 0.936591 0.345392 101.492165 0.158320 -0.332814 0.929607 -2.188754 0.000000 0.000000 0.000000 1.000000
0.987083 0.098612 -0.126262 -2.781026 -0.048172 0.934333 0.353130 100.630188 0.152794 -0.342487 0.927015 -1.448646 0.000000 0.000000 0.000000 1.000000
0.987521 0.088293 -0.130411 -4.493536 -0.037791 0.936723 0.348026 100.347252 0.152888 -0.338754 0.928370 -0.899437 0.000000 0.000000 0.000000 1.000000
0.985601 0.086836 -0.145085 -6.060720 -0.034879 0.944011 0.328065 101.179527 0.165450 -0.318281 0.933447 -0.885803 0.000000 0.000000 0.000000 1.000000
0.982619 0.090682 -0.161974 -7.488076 -0.040196 0.955800 0.291257 103.462395 0.181227 -0.279684 0.942833 -1.452170 0.000000 0.000000 0.000000 1.000000
0.981665 0.089171 -0.168468 -8.846811 -0.047388 0.970249 0.237425 107.022430 0.184627 -0.225089 0.956686 -2.272659 0.000000 0.000000 0.000000 1.000000
0.983073 0.083157 -0.163255 -10.149804 -0.054153 0.983134 0.174683 111.263741 0.175028 -0.162885 0.970996 -3.070239 0.000000 0.000000 0.000000 1.000000
0.984894 0.081547 -0.152753 -11.384756 -0.063528 0.990818 0.119344 115.968063 0.161082 -0.107837 0.981032 -3.656840 0.000000 0.000000 0.000000 1.000000
0.986549 0.084418 -0.139983 -12.550531 -0.072519 0.993474 0.088036 120.936447 0.146501 -0.076700 0.986232 -4.014296 0.000000 0.000000 0.000000 1.000000
0.988771 0.083529 -0.123913 -13.683619 -0.073222 0.993641 0.085530 125.817024 0.130270 -0.075496 0.988600 -4.145120 0.000000 0.000000 0.000000 1.000000
0.991524 0.072591 -0.107750 -14.819330 -0.061948 0.993154 0.099038 130.300873 0.114202 -0.091524 0.989233 -4.079545 0.000000 0.000000 0.000000 1.000000
0.993837 0.052563 -0.097595 -15.914605 -0.041651 0.992985 0.110660 134.044250 0.102727 -0.105913 0.989055 -3.869637 0.000000 0.000000 0.000000 1.000000
0.995116 0.029970 -0.094055 -16.827600 -0.019070 0.993215 0.114721 136.672791 0.096855 -0.112367 0.988935 -3.463760 0.000000 0.000000 0.000000 1.000000
0.995719 0.013144 -0.091497 -17.441650 -0.002046 0.992730 0.120346 137.972137 0.092413 -0.119643 0.988507 -2.782284 0.000000 0.000000 0.000000 1.000000
0.996374 0.006037 -0.084867 -17.825468 0.005550 0.990743 0.135637 138.300049 0.084900 -0.135616 0.987117 -1.968657 0.000000 0.000000 0.000000 1.000000
0.997257 0.005645 -0.073799 -18.100519 0.005706 0.988257 0.152697 139.306076 0.073794 -0.152700 0.985514 -1.281831 0.000000 0.000000 0.000000 1.000000
0.998056 0.009342 -0.061617 -18.179935 0.000308 0.987949 0.154778 141.853790 0.062320 -0.154496 0.986026 -0.854076 0.000000 0.000000 0.000000 1.000000
0.998413 0.016572 -0.053830 -17.790785 -0.009403 0.991366 0.130789 145.857819 0.055532 -0.130075 0.989948 -0.644238 0.000000 0.000000 0.000000 1.000000
0.998211 0.025882 -0.053898 -16.743946 -0.021192 0.996083 0.085846 150.449265 0.055909 -0.084550 0.994849 -0.709885 0.000000 0.000000 0.000000 1.000000
0.997476 0.033692 -0.062501 -15.097790 -0.031132 0.998654 0.041488 154.619247 0.063815 -0.039437 0.997182 -1.294152 0.000000 0.000000 0.000000 1.000000
0.996160 0.036928 -0.079387 -13.044680 -0.035279 0.999134 0.022074 157.844986 0.080133 -0.019189 0.996599 -2.508434 0.000000 0.000000 0.000000 1.000000
0.994473 0.031209 -0.100249 -10.738389 -0.027886 0.999020 0.034379 160.247253 0.101224 -0.031394 0.994368 -4.123028 0.000000 0.000000 0.000000 1.000000
0.992292 0.015980 -0.122885 -8.302897 -0.009081 0.998362 0.056495 162.285065 0.123587 -0.054943 0.990812 -5.622223 0.000000 0.000000 0.000000 1.000000
0.988645 0.000467 -0.150269 -5.896068 0.008938 0.998042 0.061904 164.249298 0.150004 -0.062544 0.986705 -6.675791 0.000000 0.000000 0.000000 1.000000
0.983402 -0.008057 -0.181260 -3.639600 0.017068 0.998691 0.048209 166.143448 0.180634 -0.050502 0.982253 -7.107889 0.000000 0.000000 0.000000 1.000000
0.977973 -0.010451 -0.208472 -1.517265 0.017797 0.999284 0.033396 167.765625 0.207973 -0.036371 0.977458 -7.071434 0.000000 0.000000 0.000000 1.000000
0.973491 -0.011101 -0.228456 0.566660 0.018016 0.999440 0.028207 169.026291 0.228015 -0.031575 0.973145 -6.779972 0.000000 0.000000 0.000000 1.000000
0.969274 -0.013425 -0.245615 2.588582 0.020107 0.999492 0.024716 170.097717 0.245159 -0.028895 0.969052 -6.224096 0.000000 0.000000 0.000000 1.000000
0.964658 -0.018676 -0.262844 4.278735 0.022520 0.999679 0.011618 171.261581 0.262542 -0.017127 0.964768 -5.250100 0.000000 0.000000 0.000000 1.000000
0.961064 -0.025941 -0.275106 5.267612 0.023552 0.999651 -0.011983 172.670456 0.275321 0.005037 0.961339 -3.811991 0.000000 0.000000 0.000000 1.000000
0.960666 -0.033209 -0.275714 5.356402 0.022921 0.998918 -0.040456 174.315491 0.276760 0.032545 0.960388 -2.047500 0.000000 0.000000 0.000000 1.000000
0.963671 -0.038923 -0.264242 4.601465 0.021114 0.997330 -0.069903 176.304810 0.266257 0.061784 0.961920 -0.140263 0.000000 0.000000 0.000000 1.000000
0.968203 -0.041190 -0.246750 3.279992 0.017246 0.994995 -0.098423 178.883804 0.249569 0.091038 0.964068 1.810671 0.000000 0.000000 0.000000 1.000000
0.972232 -0.039341 -0.230690 1.785455 0.011249 0.992485 -0.121846 181.986465 0.233750 0.115868 0.965368 3.764048 0.000000 0.000000 0.000000 1.000000
0.975457 -0.038790 -0.216747 0.380506 0.009071 0.990604 -0.136460 185.329880 0.220004 0.131145 0.966643 5.662005 0.000000 0.000000 0.000000 1.000000
0.978673 -0.043971 -0.200662 -0.946469 0.014815 0.989387 -0.144545 188.732330 0.204888 0.138489 0.968938 7.470575 0.000000 0.000000 0.000000 1.000000
0.981662 -0.057033 -0.181897 -2.306719 0.023470 0.983095 -0.181585 192.171982 0.189178 0.173986 0.966406 9.222968 0.000000 0.000000 0.000000 1.000000
0.984371 -0.076654 -0.158550 -3.735233 0.033081 0.964760 -0.261045 195.590378 0.172973 0.251720 0.952217 10.950302 0.000000 0.000000 0.000000 1.000000
0.986869 -0.094732 -0.130826 -5.192517 0.042877 0.934539 -0.353269 198.849213 0.155728 0.343020 0.926329 12.636940 0.000000 0.000000 0.000000 1.000000
0.989110 -0.106084 -0.102019 -6.642495 0.052322 0.901328 -0.429966 201.826691 0.137565 0.419945 0.897063 14.241805 0.000000 0.000000 0.000000 1.000000
0.990990 -0.110434 -0.075787 -8.075195 0.062667 0.882383 -0.466340 204.394791 0.118373 0.457389 0.881353 15.704533 0.000000 0.000000 0.000000 1.000000
0.992326 -0.111997 -0.052401 -9.491142 0.075109 0.882614 -0.464060 206.500473 0.098223 0.456563 0.884252 16.998898 0.000000 0.000000 0.000000 1.000000
0.992305 -0.121072 -0.025928 -10.895084 0.096683 0.888486 -0.448604 208.182175 0.077350 0.442645 0.893354 18.162975 0.000000 0.000000 0.000000 1.000000
0.990366 -0.138457 0.002026 -12.263251 0.125726 0.892985 -0.432171 209.500931 0.058028 0.428262 0.901790 19.229141 0.000000 0.000000 0.000000 1.000000
0.986787 -0.159452 0.028736 -13.565705 0.156379 0.890926 -0.426376 210.544571 0.042385 0.425236 0.904090 20.224445 0.000000 0.000000 0.000000 1.000000
0.982525 -0.178051 0.054252 -14.775799 0.183478 0.877419 -0.443250 211.151947 0.031319 0.445458 0.894755 20.947941 0.000000 0.000000 0.000000 1.000000
0.979104 -0.188310 0.076783 -15.860897 0.201854 0.854000 -0.479519 211.249222 0.024725 0.484998 0.874166 21.391533 0.000000 0.000000 0.000000 1.000000
0.977008 -0.190274 0.096180 -16.850569 0.212224 0.824797 -0.524091 211.172485 0.020391 0.532453 0.846214 21.769213 0.000000 0.000000 0.000000 1.000000
0.975896 -0.185897 0.114323 -17.786781 0.217752 0.794533 -0.566834 211.158707 0.014540 0.578065 0.815861 22.028648 0.000000 0.000000 0.000000 1.000000
0.976131 -0.176079 0.127139 -18.600269 0.217047 0.770202 -0.599733 211.244537 0.007677 0.613013 0.790036 22.412399 0.000000 0.000000 0.000000 1.000000
0.977858 -0.164223 0.129707 -19.226645 0.209253 0.759752 -0.615621 211.534744 0.002554 0.629132 0.777294 23.332926 0.000000 0.000000 0.000000 1.000000
0.980085 -0.154934 0.124214 -19.594439 0.198568 0.758042 -0.621244 212.318771 0.002092 0.633537 0.773710 25.081398 0.000000 0.000000 0.000000 1.000000
0.981903 -0.150649 0.114767 -19.560129 0.189214 0.754667 -0.628232 214.749329 0.008032 0.638578 0.769515 28.346569 0.000000 0.000000 0.000000 1.000000
0.983752 -0.148837 0.100400 -19.044790 0.178517 0.751472 -0.635154 219.265427 0.019087 0.642757 0.765832 32.844597 0.000000 0.000000 0.000000 1.000000
0.986202 -0.144444 0.080882 -18.129948 0.162476 0.750859 -0.640165 224.942383 0.031737 0.644474 0.763968 37.348503 0.000000 0.000000 0.000000 1.000000
0.988552 -0.137859 0.061321 -17.030972 0.144778 0.752266 -0.642756 229.978760 0.042481 0.644276 0.763612 40.555984 0.000000 0.000000 0.000000 1.000000
0.989854 -0.132695 0.050805 -16.010294 0.134028 0.753252 -0.643931 233.865967 0.047177 0.644207 0.763395 42.664459 0.000000 0.000000 0.000000 1.000000
0.991359 -0.121578 0.049259 -15.192225 0.124555 0.754607 -0.644248 237.478302 0.041155 0.644816 0.763229 44.717831 0.000000 0.000000 0.000000 1.000000
0.993388 -0.102264 0.052186 -14.513270 0.111719 0.756256 -0.644667 241.100037 0.026460 0.646234 0.762680 46.722248 0.000000 0.000000 0.000000 1.000000
0.995524 -0.077687 0.053826 -13.890224 0.094145 0.764975 -0.637142 244.951019 0.008322 0.639357 0.768865 48.816540 0.000000 0.000000 0.000000 1.000000
0.996955 -0.054253 0.056015 -13.411670 0.077237 0.785993 -0.613392 248.897095 -0.010748 0.615851 0.787789 51.302048 0.000000 0.000000 0.000000 1.000000
0.997318 -0.028806 0.067281 -13.237537 0.062277 0.816921 -0.573377 252.664703 -0.038446 0.576030 0.816524 54.412453 0.000000 0.000000 0.000000 1.000000
0.995989 -0.013567 0.088439 -13.566994 0.057827 0.851865 -0.520560 256.071991 -0.068276 0.523586 0.849232 58.119171 0.000000 0.000000 0.000000 1.000000
0.992640 0.011103 0.120594 -14.199724 0.046246 0.885569 -0.462201 259.065948 -0.111926 0.464376 0.878537 62.131596 0.000000 0.000000 0.000000 1.000000
0.987383 0.038839 0.153515 -14.974159 0.027444 0.912811 -0.407460 261.707092 -0.155955 0.406532 0.900228 66.203621 0.000000 0.000000 0.000000 1.000000
0.982213 0.060899 0.177619 -15.768088 0.007300 0.932843 -0.360209 264.041931 -0.187628 0.355099 0.915806 70.332535 0.000000 0.000000 0.000000 1.000000
0.978559 0.072932 0.192623 -16.581272 -0.007645 0.947426 -0.319884 266.106964 -0.205826 0.311552 0.927670 74.680763 0.000000 0.000000 0.000000 1.000000
0.975737 0.074692 0.205814 -17.532068 -0.012547 0.957543 -0.288017 267.898499 -0.218588 0.278446 0.935247 79.386948 0.000000 0.000000 0.000000 1.000000
0.972611 0.068635 0.222073 -18.647358 -0.006069 0.962583 -0.270920 269.386475 -0.232358 0.262152 0.936636 84.329689 0.000000 0.000000 0.000000 1.000000
0.969470 0.057206 0.238444 -19.734610 0.007591 0.964938 -0.262368 270.491241 -0.245093 0.256168 0.935044 89.139267 0.000000 0.000000 0.000000 1.000000
0.967420 0.045479 0.249058 -20.548208 0.018559 0.968348 -0.248913 270.972443 -0.252495 0.245426 0.935955 93.428802 0.000000 0.000000 0.000000 1.000000
0.965926 0.037721 0.256056 -21.036512 0.022232 0.973574 -0.227288 270.360474 -0.257863 0.225236 0.939561 97.091576 0.000000 0.000000 0.000000 1.000000
0.963493 0.030874 0.265949 -21.301577 0.023299 0.979892 -0.198165 268.230743 -0.266719 0.197127 0.943399 100.249344 0.000000 0.000000 0.000000 1.000000
0.959835 0.023119 0.279611 -21.460876 0.025532 0.985266 -0.169110 264.871796 -0.279401 0.169457 0.945103 103.081841 0.000000 0.000000 0.000000 1.000000
0.956854 0.015902 0.290133 -21.585686 0.028600 0.988499 -0.148500 261.660126 -0.289157 0.150391 0.945394 105.778450 0.000000 0.000000 0.000000 1.000000
0.957272 0.009652 0.289029 -21.643757 0.031414 0.990058 -0.137105 259.811249 -0.287479 0.140326 0.947452 108.368454 0.000000 0.000000 0.000000 1.000000
0.961945 0.002747 0.273230 -21.602024 0.033898 0.991025 -0.129306 259.303589 -0.271133 0.133647 0.953218 110.867249 0.000000 0.000000 0.000000 1.000000
0.969253 -0.004860 0.246020 -21.447021 0.035482 0.992117 -0.120189 259.352539 -0.243497 0.125223 0.961784 113.333153 0.000000 0.000000 0.000000 1.000000
0.977132 -0.012147 0.212288 -21.116692 0.035928 0.993444 -0.108530 259.435150 -0.209577 0.113676 0.971162 115.815323 0.000000 0.000000 0.000000 1.000000
0.984564 -0.018203 0.174073 -20.510612 0.035227 0.994833 -0.095214 259.527588 -0.171441 0.099877 0.980119 118.305435 0.000000 0.000000 0.000000 1.000000
0.991024 -0.022868 0.131717 -19.557762 0.033848 0.996079 -0.081735 259.766357 -0.129331 0.085460 0.987912 120.742455 0.000000 0.000000 0.000000 1.000000
0.995742 -0.026658 0.088247 -18.286121 0.032865 0.997031 -0.069641 260.195068 -0.086129 0.072244 0.993661 123.049942 0.000000 0.000000 0.000000 1.000000
0.998299 -0.029812 0.050107 -16.782530 0.032765 0.997709 -0.059191 260.745697 -0.048227 0.060732 0.996988 125.161003 0.000000 0.000000 0.000000 1.000000
0.999248 -0.031287 0.022892 -15.105044 0.032375 0.998283 -0.048809 261.306610 -0.021326 0.049513 0.998546 127.009018 0.000000 0.000000 0.000000 1.000000
0.999518 -0.030051 0.007741 -13.297415 0.030318 0.998849 -0.037169 261.809235 -0.006615 0.037386 0.999279 128.529343 0.000000 0.000000 0.000000 1.000000
0.999620 -0.027506 0.001865 -11.456457 0.027545 0.999282 -0.026019 262.243011 -0.001148 0.026060 0.999660 129.719376 0.000000 0.000000 0.000000 1.000000
0.999645 -0.026610 0.001104 -9.722426 0.026626 0.999448 -0.019858 262.604614 -0.000575 0.019880 0.999802 130.661514 0.000000 0.000000 0.000000 1.000000
0.999601 -0.028183 0.002001 -8.198630 0.028219 0.999379 -0.021097 262.842346 -0.001405 0.021145 0.999775 131.455795 0.000000 0.000000 0.000000 1.000000
0.999537 -0.030217 0.003602 -6.928503 0.030301 0.999195 -0.026274 262.922363 -0.002805 0.026371 0.999648 132.137833 0.000000 0.000000 0.000000 1.000000
0.999505 -0.030520 0.007661 -5.915056 0.030732 0.999101 -0.029201 262.881409 -0.006763 0.029422 0.999544 132.706970 0.000000 0.000000 0.000000 1.000000
0.999455 -0.029032 0.015691 -5.149550 0.029455 0.999190 -0.027403 262.790009 -0.014883 0.027850 0.999501 133.182465 0.000000 0.000000 0.000000 1.000000
0.999278 -0.027248 0.026465 -4.624330 0.027860 0.999346 -0.023060 262.692078 -0.025819 0.023781 0.999384 133.592316 0.000000 0.000000 0.000000 1.000000
0.998963 -0.026192 0.037249 -4.326850 0.026892 0.999468 -0.018435 262.594879 -0.036747 0.019417 0.999136 133.948700 0.000000 0.000000 0.000000 1.000000
0.998596 -0.025706 0.046310 -4.225594 0.026354 0.999562 -0.013442 262.495361 -0.045945 0.014643 0.998837 134.255753 0.000000 0.000000 0.000000 1.000000
0.998242 -0.025303 0.053607 -4.267447 0.025744 0.999640 -0.007550 262.397919 -0.053396 0.008917 0.998534 134.520355 0.000000 0.000000 0.000000 1.000000
0.997898 -0.024856 0.059845 -4.399543 0.024993 0.999686 -0.001550 262.311951 -0.059788 0.003043 0.998206 134.748322 0.000000 0.000000 0.000000 1.000000
0.997543 -0.024519 0.065622 -4.590891 0.024350 0.999698 0.003366 262.243286 -0.065685 -0.001760 0.997839 134.940781 0.000000 0.000000 0.000000 1.000000
0.997164 -0.024566 0.071138 -4.827020 0.024128 0.999684 0.007012 262.189148 -0.071288 -0.005276 0.997442 135.100250 0.000000 0.000000 0.000000 1.000000
0.996761 -0.025416 0.076304 -5.093506 0.024719 0.999644 0.010056 262.143402 -0.076533 -0.008137 0.997034 135.232422 0.000000 0.000000 0.000000 1.000000
0.996333 -0.027294 0.081091 -5.374369 0.026323 0.999569 0.013013 262.101990 -0.081411 -0.010831 0.996622 135.341934 0.000000 0.000000 0.000000 1.000000
0.995886 -0.029804 0.085572 -5.658663 0.028560 0.999468 0.015734 262.064423 -0.085995 -0.013225 0.996208 135.429932 0.000000 0.000000 0.000000 1.000000
0.995441 -0.032352 0.089726 -5.935279 0.030875 0.999365 0.017795 262.031342 -0.090245 -0.014943 0.995808 135.498413 0.000000 0.000000 0.000000 1.000000
