<?xml version="1.0" encoding="utf-8"?>
<COLLADA xmlns="http://www.collada.org/2005/11/COLLADASchema" version="1.4.1">
  <asset>
    <contributor>
      <author>Mixamo</author>
      <authoring_tool>COLLADA Mixamo exporter</authoring_tool>
      <comments/>
    </contributor>
    <created>2024-04-05T10:44:30Z</created>
    <modified>2024-04-05T10:44:30Z</modified>
    <revision/>
    <title/>
    <unit meter="0.010000"/>
    <up_axis>Y_UP</up_axis>
  </asset>
  <library_animations>
    <animation id="Armature-anim" name="Armature">
      <source id="Armature-Matrix-animation-input">
        <float_array id="Armature-Matrix-animation-input-array" count="61">

0.000000 0.033333 0.066667 0.100000 0.133333 0.166667 0.200000 0.233333 0.266667 0.300000 0.333333 0.366667 0.400000 0.433333 0.466667 0.500000
0.533333 0.566667 0.600000 0.633333 0.666667 0.700000 0.733333 0.766667 0.800000 0.833333 0.866667 0.900000 0.933333 0.966667 1.000000 1.033333
1.066667 1.100000 1.133333 1.166667 1.200000 1.233333 1.266667 1.300000 1.333333 1.366667 1.400000 1.433333 1.466667 1.500000 1.533333 1.566667
1.600000 1.633333 1.666667 1.700000 1.733333 1.766667 1.800000 1.833333 1.866667 1.900000 1.933333 1.966667 2.000000</float_array>
        <technique_common>
          <accessor source="#Armature-Matrix-animation-input-array" count="61">
            <param name="TIME" type="float"/>
          </accessor>
        </technique_common>
      </source>
      <source id="Armature-Matrix-animation-output-transform">
        <float_array id="Armature-Matrix-animation-output-transform-array" count="976">

1.000000 0.000000 0.000000 0.000000 0.000000 1.000000 0.000000 0.000000 0.000000 0.000000 1.000000 0.000000 0.000000 0.000000 0.000000 1.000000
1.000000 0.000000 0.000000 0.000000 0.000000 1.000000 0.000000 0.000000 0.000000 0.000000 1.000000 0.000000 0.000000 0.000000 0.000000 1.000000
1.000000 0.000000 0.000000 0.000000 0.000000 1.000000 0.000000 0.000000 0.000000 0.000000 1.000000 0.000000 0.000000 0.000000 0.000000 1.000000
1.000000 0.000000 0.000000 0.000000 0.000000 1.000000 0.000000 0.000000 0.000000 0.000000 1.000000 0.000000 0.000000 0.000000 0.000000 1.000000
1.000000 0.000000 0.000000 0.000000 0.000000 1.000000 0.000000 0.000000 0.000000 0.000000 1.000000 0.000000 0.000000 0.000000 0.000000 1.000000
1.000000 0.000000 0.000000 0.000000 0.000000 1.000000 0.000000 0.000000 0.000000 0.000000 1.000000 0.000000 0.000000 0.000000 0.000000 1.000000
1.000000 0.000000 0.000000 0.000000 0.000000 1.000000 0.000000 0.000000 0.000000 0.000000 1.000000 0.000000 0.000000 0.000000 0.000000 1.000000
1.000000 0.000000 0.000000 0.000000 0.000000 1.000000 0.000000 0.000000 0.000000 0.000000 1.000000 0.000000 0.000000 0.000000 0.000000 1.000000
1.000000 0.000000 0.000000 0.000000 0.000000 1.000000 0.000000 0.000000 0.000000 0.000000 1.000000 0.000000 0.000000 0.000000 0.000000 1.000000
1.000000 0.000000 0.000000 0.000000 0.000000 1.000000 0.000000 0.000000 0.000000 0.000000 1.000000 0.000000 0.000000 0.000000 0.000000 1.000000
1.000000 0.000000 0.000000 0.000000 0.000000 1.000000 0.000000 0.000000 0.000000 0.000000 1.000000 0.000000 0.000000 0.000000 0.000000 1.000000
1.000000 0.000000 0.000000 0.000000 0.000000 1.000000 0.000000 0.000000 0.000000 0.000000 1.000000 0.000000 0.000000 0.000000 0.000000 1.000000
1.000000 0.000000 0.000000 0.000000 0.000000 1.000000 0.000000 0.000000 0.000000 0.000000 1.000000 0.000000 0.000000 0.000000 0.000000 1.000000
1.000000 0.000000 0.000000 0.000000 0.000000 1.000000 0.000000 0.000000 0.000000 0.000000 1.000000 0.000000 0.000000 0.000000 0.000000 1.000000
1.000000 0.000000 0.000000 0.000000 0.000000 1.000000 0.000000 0.000000 0.000000 0.000000 1.000000 0.000000 0.000000 0.000000 0.000000 1.000000
1.000000 0.000000 0.000000 0.000000 0.000000 1.000000 0.000000 0.000000 0.000000 0.000000 1.000000 0.000000 0.000000 0.000000 0.000000 1.000000
1.000000 0.000000 0.000000 0.000000 0.000000 1.000000 0.000000 0.000000 0.000000 0.000000 1.000000 0.000000 0.000000 0.000000 0.000000 1.000000
1.000000 0.000000 0.000000 0.000000 0.000000 1.000000 0.000000 0.000000 0.000000 0.000000 1.000000 0.000000 0.000000 0.000000 0.000000 1.000000
1.000000 0.000000 0.000000 0.000000 0.000000 1.000000 0.000000 0.000000 0.000000 0.000000 1.000000 0.000000 0.000000 0.000000 0.000000 1.000000
1.000000 0.000000 0.000000 0.000000 0.000000 1.000000 0.000000 0.000000 0.000000 0.000000 1.000000 0.000000 0.000000 0.000000 0.000000 1.000000
1.000000 0.000000 0.000000 0.000000 0.000000 1.000000 0.000000 0.000000 0.000000 0.000000 1.000000 0.000000 0.000000 0.000000 0.000000 1.000000
1.000000 0.000000 0.000000 0.000000 0.000000 1.000000 0.000000 0.000000 0.000000 0.000000 1.000000 0.000000 0.000000 0.000000 0.000000 1.000000
1.000000 0.000000 0.000000 0.000000 0.000000 1.000000 0.000000 0.000000 0.000000 0.000000 1.000000 0.000000 0.000000 0.000000 0.000000 1.000000
1.000000 0.000000 0.000000 0.000000 0.000000 1.000000 0.000000 0.000000 0.000000 0.000000 1.000000 0.000000 0.000000 0.000000 0.000000 1.000000
1.000000 0.000000 0.000000 0.000000 0.000000 1.000000 0.000000 0.000000 0.000000 0.000000 1.000000 0.000000 0.000000 0.000000 0.000000 1.000000
1.000000 0.000000 0.000000 0.000000 0.000000 1.000000 0.000000 0.000000 0.000000 0.000000 1.000000 0.000000 0.000000 0.000000 0.000000 1.000000
1.000000 0.000000 0.000000 0.000000 0.000000 1.000000 0.000000 0.000000 0.000000 0.000000 1.000000 0.000000 0.000000 0.000000 0.000000 1.000000
1.000000 0.000000 0.000000 0.000000 0.000000 1.000000 0.000000 0.000000 0.000000 0.000000 1.000000 0.000000 0.000000 0.000000 0.000000 1.000000
1.000000 0.000000 0.000000 0.000000 0.000000 1.000000 0.000000 0.000000 0.000000 0.000000 1.000000 0.000000 0.000000 0.000000 0.000000 1.000000
1.000000 0.000000 0.000000 0.000000 0.000000 1.000000 0.000000 0.000000 0.000000 0.000000 1.000000 0.000000 0.000000 0.000000 0.000000 1.000000
1.000000 0.000000 0.000000 0.000000 0.000000 1.000000 0.000000 0.000000 0.000000 0.000000 1.000000 0.000000 0.000000 0.000000 0.000000 1.000000
1.000000 0.000000 0.000000 0.000000 0.000000 1.000000 0.000000 0.000000 0.000000 0.000000 1.000000 0.000000 0.000000 0.000000 0.000000 1.000000
1.000000 0.000000 0.000000 0.000000 0.000000 1.000000 0.000000 0.000000 0.000000 0.000000 1.000000 0.000000 0.000000 0.000000 0.000000 1.000000
1.000000 0.000000 0.000000 0.000000 0.000000 1.000000 0.000000 0.000000 0.000000 0.000000 1.000000 0.000000 0.000000 0.000000 0.000000 1.000000
1.000000 0.000000 0.000000 0.000000 0.000000 1.000000 0.000000 0.000000 0.000000 0.000000 1.000000 0.000000 0.000000 0.000000 0.000000 1.000000
1.000000 0.000000 0.000000 0.000000 0.000000 1.000000 0.000000 0.000000 0.000000 0.000000 1.000000 0.000000 0.000000 0.000000 0.000000 1.000000
1.000000 0.000000 0.000000 0.000000 0.000000 1.000000 0.000000 0.000000 0.000000 0.000000 1.000000 0.000000 0.000000 0.000000 0.000000 1.000000
1.000000 0.000000 0.000000 0.000000 0.000000 1.000000 0.000000 0.000000 0.000000 0.000000 1.000000 0.000000 0.000000 0.000000 0.000000 1.000000
1.000000 0.000000 0.000000 0.000000 0.000000 1.000000 0.000000 0.000000 0.000000 0.000000 1.000000 0.000000 0.000000 0.000000 0.000000 1.000000
1.000000 0.000000 0.000000 0.000000 0.000000 1.000000 0.000000 0.000000 0.000000 0.000000 1.000000 0.000000 0.000000 0.000000 0.000000 1.000000
1.000000 0.000000 0.000000 0.000000 0.000000 1.000000 0.000000 0.000000 0.000000 0.000000 1.000000 0.000000 0.000000 0.000000 0.000000 1.000000
1.000000 0.000000 0.000000 0.000000 0.000000 1.000000 0.000000 0.000000 0.000000 0.000000 1.000000 0.000000 0.000000 0.000000 0.000000 1.000000
1.000000 0.000000 0.000000 0.000000 0.000000 1.000000 0.000000 0.000000 0.000000 0.000000 1.000000 0.000000 0.000000 0.000000 0.000000 1.000000
1.000000 0.000000 0.000000 0.000000 0.000000 1.000000 0.000000 0.000000 0.000000 0.000000 1.000000 0.000000 0.000000 0.000000 0.000000 1.000000
1.000000 0.000000 0.000000 0.000000 0.000000 1.000000 0.000000 0.000000 0.000000 0.000000 1.000000 0.000000 0.000000 0.000000 0.000000 1.000000
1.000000 0.000000 0.000000 0.000000 0.000000 1.000000 0.000000 0.000000 0.000000 0.000000 1.000000 0.000000 0.000000 0.000000 0.000000 1.000000
1.000000 0.000000 0.000000 0.000000 0.000000 1.000000 0.000000 0.000000 0.000000 0.000000 1.000000 0.000000 0.000000 0.000000 0.000000 1.000000
1.000000 0.000000 0.000000 0.000000 0.000000 1.000000 0.000000 0.000000 0.000000 0.000000 1.000000 0.000000 0.000000 0.000000 0.000000 1.000000
1.000000 0.000000 0.000000 0.000000 0.000000 1.000000 0.000000 0.000000 0.000000 0.000000 1.000000 0.000000 0.000000 0.000000 0.000000 1.000000
1.000000 0.000000 0.000000 0.000000 0.000000 1.000000 0.000000 0.000000 0.000000 0.000000 1.000000 0.000000 0.000000 0.000000 0.000000 1.000000
1.000000 0.000000 0.000000 0.000000 0.000000 1.000000 0.000000 0.000000 0.000000 0.000000 1.000000 0.000000 0.000000 0.000000 0.000000 1.000000
1.000000 0.000000 0.000000 0.000000 0.000000 1.000000 0.000000 0.000000 0.000000 0.000000 1.000000 0.000000 0.000000 0.000000 0.000000 1.000000
1.000000 0.000000 0.000000 0.000000 0.000000 1.000000 0.000000 0.000000 0.000000 0.000000 1.000000 0.000000 0.000000 0.000000 0.000000 1.000000
1.000000 0.000000 0.000000 0.000000 0.000000 1.000000 0.000000 0.000000 0.000000 0.000000 1.000000 0.000000 0.000000 0.000000 0.000000 1.000000
1.000000 0.000000 0.000000 0.000000 0.000000 1.000000 0.000000 0.000000 0.000000 0.000000 1.000000 0.000000 0.000000 0.000000 0.000000 1.000000
1.000000 0.000000 0.000000 0.000000 0.000000 1.000000 0.000000 0.000000 0.000000 0.000000 1.000000 0.000000 0.000000 0.000000 0.000000 1.000000
1.000000 0.000000 0.000000 0.000000 0.000000 1.000000 0.000000 0.000000 0.000000 0.000000 1.000000 0.000000 0.000000 0.000000 0.000000 1.000000
1.000000 0.000000 0.000000 0.000000 0.000000 1.000000 0.000000 0.000000 0.000000 0.000000 1.000000 0.000000 0.000000 0.000000 0.000000 1.000000
1.000000 0.000000 0.000000 0.000000 0.000000 1.000000 0.000000 0.000000 0.000000 0.000000 1.000000 0.000000 0.000000 0.000000 0.000000 1.000000
1.000000 0.000000 0.000000 0.000000 0.000000 1.000000 0.000000 0.000000 0.000000 0.000000 1.000000 0.000000 0.000000 0.000000 0.000000 1.000000
1.000000 0.000000 0.000000 0.000000 0.000000 1.000000 0.000000 0.000000 0.000000 0.000000 1.000000 0.000000 0.000000 0.000000 0.000000 1.000000</float_array>
        <technique_common>
          <accessor source="#Armature-Matrix-animation-output-transform-array" count="61" stride="16">
            <param type="float4x4"/>
          </accessor>
        </technique_common>
      </source>
      <source id="Armature-Interpolations">
        <Name_array id="Armature-Interpolations-array" count="61">
 LINEAR LINEAR LINEAR LINEAR LINEAR LINEAR LINEAR LINEAR LINEAR LINEAR LINEAR
LINEAR LINEAR LINEAR LINEAR LINEAR LINEAR LINEAR LINEAR LINEAR LINEAR LINEAR LINEAR
LINEAR LINEAR LINEAR LINEAR LINEAR LINEAR LINEAR LINEAR LINEAR LINEAR LINEAR LINEAR
LINEAR LINEAR LINEAR LINEAR LINEAR LINEAR LINEAR LINEAR LINEAR LINEAR LINEAR LINEAR
LINEAR LINEAR LINEAR LINEAR LINEAR LINEAR LINEAR LINEAR LINEAR LINEAR LINEAR LINEAR
LINEAR LINEAR</Name_array>
        <technique_common>
          <accessor source="#Armature-Interpolations-array" count="61">
            <param type="name"/>
          </accessor>
        </technique_common>
      </source>
      <sampler id="Armature-Matrix-animation-transform">
        <input semantic="INPUT" source="#Armature-Matrix-animation-input"/>
        <input semantic="OUTPUT" source="#Armature-Matrix-animation-output-transform"/>
        <input semantic="INTERPOLATION" source="#Armature-Interpolations"/>
      </sampler>
      <channel source="#Armature-Matrix-animation-transform" target="Armature/matrix"/>
    </animation>
    <animation id="mixamorig_Hips-anim" name="mixamorig_Hips">
      <source id="mixamorig_Hips-Matrix-animation-input">
        <float_array id="mixamorig_Hips-Matrix-animation-input-array" count="61">

0.000000 0.033333 0.066667 0.100000 0.133333 0.166667 0.200000 0.233333 0.266667 0.300000 0.333333 0.366667 0.400000 0.433333 0.466667 0.500000
0.533333 0.566667 0.600000 0.633333 0.666667 0.700000 0.733333 0.766667 0.800000 0.833333 0.866667 0.900000 0.933333 0.966667 1.000000 1.033333
1.066667 1.100000 1.133333 1.166667 1.200000 1.233333 1.266667 1.300000 1.333333 1.366667 1.400000 1.433333 1.466667 1.500000 1.533333 1.566667
1.600000 1.633333 1.666667 1.700000 1.733333 1.766667 1.800000 1.833333 1.866667 1.900000 1.933333 1.966667 2.000000</float_array>
        <technique_common>
          <accessor source="#mixamorig_Hips-Matrix-animation-input-array" count="61">
            <param name="TIME" type="float"/>
          </accessor>
        </technique_common>
      </source>
      <source id="mixamorig_Hips-Matrix-animation-output-transform">
        <float_array id="mixamorig_Hips-Matrix-animation-output-transform-array" count="976">

0.981697 0.021191 0.189265 0.132187 -0.128824 0.805823 0.577973 98.143028 -0.140266 -0.591777 0.793805 -2.628698 0.000000 0.000000 0.000000 1.000000
0.984374 0.029796 0.173553 0.876585 -0.127091 0.802408 0.583086 96.981285 -0.121886 -0.596031 0.793656 -2.150826 0.000000 0.000000 0.000000 1.000000
0.985641 0.040129 0.164019 1.797882 -0.130328 0.798406 0.587846 96.964523 -0.107364 -0.600781 0.792171 -1.825270 0.000000 0.000000 0.000000 1.000000
0.985486 0.054601 0.160738 2.981354 -0.139256 0.801534 0.581508 98.471954 -0.097086 -0.595451 0.797504 -1.594632 0.000000 0.000000 0.000000 1.000000
0.984324 0.079872 0.157245 4.527256 -0.156038 0.809957 0.565351 101.089737 -0.082206 -0.581025 0.809723 -1.630013 0.000000 0.000000 0.000000 1.000000
0.983763 0.109245 0.142395 6.623410 -0.170826 0.813266 0.556253 104.138092 -0.055037 -0.571546 0.818723 -2.125520 0.000000 0.000000 0.000000 1.000000
0.986963 0.123143 0.103633 9.618702 -0.160337 0.808296 0.566524 107.510223 -0.014003 -0.575754 0.817503 -3.299566 0.000000 0.000000 0.000000 1.000000
0.990625 0.128924 0.045166 13.521614 -0.130878 0.800955 0.584245 111.461090 0.039148 -0.584679 0.810319 -5.208138 0.000000 0.000000 0.000000 1.000000
0.991020 0.131635 -0.023495 17.378923 -0.093026 0.804947 0.586009 115.164787 0.096052 -0.578561 0.809964 -7.211525 0.000000 0.000000 0.000000 1.000000
0.987321 0.124922 -0.097939 21.095804 -0.049431 0.828266 0.558150 119.105927 0.150845 -0.546232 0.823939 -8.898829 0.000000 0.000000 0.000000 1.000000
0.979489 0.108206 -0.169979 24.639524 -0.008671 0.865430 0.500954 123.077812 0.201312 -0.489205 0.848618 -10.205900 0.000000 0.000000 0.000000 1.000000
0.966875 0.084069 -0.241007 27.647732 0.030544 0.899313 0.436238 126.316147 0.253414 -0.429150 0.866955 -11.265505 0.000000 0.000000 0.000000 1.000000
0.946270 0.064038 -0.316973 30.349062 0.068564 0.918180 0.390184 129.053894 0.316025 -0.390952 0.864456 -12.241322 0.000000 0.000000 0.000000 1.000000
0.917509 0.057476 -0.393541 32.745068 0.095504 0.928710 0.358298 131.380051 0.386079 -0.366326 0.846610 -13.018566 0.000000 0.000000 0.000000 1.000000
0.886011 0.056171 -0.460249 34.460667 0.109752 0.939018 0.325884 132.894180 0.450487 -0.339250 0.825815 -13.366016 0.000000 0.000000 0.000000 1.000000
0.858746 0.051627 -0.509794 35.177429 0.121299 0.946150 0.300146 133.519119 0.497837 -0.319587 0.806240 -12.830221 0.000000 0.000000 0.000000 1.000000
0.835862 0.048489 -0.546793 35.409019 0.136658 0.946350 0.292826 133.634766 0.531656 -0.319486 0.784392 -12.030670 0.000000 0.000000 0.000000 1.000000
0.814813 0.059990 -0.576611 35.333588 0.151196 0.938218 0.311267 133.308136 0.559660 -0.340806 0.755402 -11.113780 0.000000 0.000000 0.000000 1.000000
0.800093 0.078819 -0.594675 34.971256 0.160349 0.927158 0.338625 131.884079 0.578048 -0.366287 0.729174 -9.988801 0.000000 0.000000 0.000000 1.000000
0.797495 0.085024 -0.597305 34.251156 0.164159 0.922089 0.350433 129.915543 0.580563 -0.377522 0.721404 -8.642343 0.000000 0.000000 0.000000 1.000000
0.805827 0.083005 -0.586305 33.357651 0.160626 0.922363 0.351349 127.357384 0.569950 -0.377302 0.729932 -7.034787 0.000000 0.000000 0.000000 1.000000
0.820301 0.081977 -0.566026 32.505039 0.158155 0.918570 0.362238 123.865700 0.549630 -0.386664 0.740539 -5.111429 0.000000 0.000000 0.000000 1.000000
0.832482 0.082478 -0.547879 31.632349 0.167929 0.904783 0.391368 119.687096 0.527991 -0.417811 0.739364 -3.181338 0.000000 0.000000 0.000000 1.000000
0.829811 0.087592 -0.551127 30.715277 0.181867 0.891237 0.415477 115.605690 0.527577 -0.444999 0.723629 -1.390519 0.000000 0.000000 0.000000 1.000000
0.812557 0.098920 -0.574426 29.906719 0.182608 0.892682 0.412035 112.302361 0.553539 -0.439697 0.707292 0.263286 0.000000 0.000000 0.000000 1.000000
0.792399 0.104790 -0.600936 29.176426 0.173795 0.905523 0.387070 109.845070 0.584722 -0.411153 0.699323 1.409416 0.000000 0.000000 0.000000 1.000000
0.778049 0.104536 -0.619445 28.399681 0.168332 0.915305 0.365897 108.006950 0.605231 -0.388958 0.694556 1.775480 0.000000 0.000000 0.000000 1.000000
0.774139 0.099300 -0.625179 27.619957 0.165010 0.921820 0.350743 106.662842 0.611131 -0.374684 0.697231 1.403275 0.000000 0.000000 0.000000 1.000000
0.782088 0.083549 -0.617542 26.934675 0.160390 0.930599 0.329030 105.905014 0.602175 -0.356377 0.714410 0.313039 0.000000 0.000000 0.000000 1.000000
0.801917 0.057354 -0.594677 26.109007 0.157879 0.939653 0.303524 105.557686 0.576198 -0.337288 0.744468 -1.458359 0.000000 0.000000 0.000000 1.000000
0.828116 0.024680 -0.560013 25.097214 0.158794 0.947779 0.276584 105.416115 0.537594 -0.317971 0.780953 -3.849588 0.000000 0.000000 0.000000 1.000000
0.853868 -0.003857 -0.520475 23.968351 0.158001 0.954706 0.252134 105.480530 0.495928 -0.297525 0.815803 -6.502195 0.000000 0.000000 0.000000 1.000000
0.877234 -0.020765 -0.479613 22.736601 0.155208 0.957676 0.242420 105.740303 0.454280 -0.287099 0.843329 -9.234982 0.000000 0.000000 0.000000 1.000000
0.898046 -0.030130 -0.438868 21.421520 0.155827 0.954750 0.253319 106.458557 0.411377 -0.295880 0.862104 -12.222115 0.000000 0.000000 0.000000 1.000000
0.915115 -0.041492 -0.401051 20.167400 0.162950 0.947897 0.273749 107.591103 0.368797 -0.315864 0.874196 -15.370010 0.000000 0.000000 0.000000 1.000000
0.930438 -0.059915 -0.361519 19.106424 0.174617 0.939828 0.293652 107.952881 0.322172 -0.336352 0.884914 -17.863728 0.000000 0.000000 0.000000 1.000000
0.941359 -0.071844 -0.329668 17.919342 0.182694 0.929976 0.319012 108.556145 0.283664 -0.360533 0.888567 -19.735897 0.000000 0.000000 0.000000 1.000000
0.947951 -0.071470 -0.310292 16.611088 0.184267 0.917864 0.351527 109.673683 0.259682 -0.390407 0.883260 -21.218443 0.000000 0.000000 0.000000 1.000000
0.954134 -0.067133 -0.291756 15.167525 0.181337 0.905019 0.384783 111.247421 0.238213 -0.420041 0.875683 -22.366030 0.000000 0.000000 0.000000 1.000000
0.961151 -0.060336 -0.269348 13.660819 0.171978 0.894165 0.413392 113.019928 0.215900 -0.443654 0.869804 -23.206751 0.000000 0.000000 0.000000 1.000000
0.968046 -0.052103 -0.245299 12.184817 0.157170 0.888278 0.431578 114.845467 0.195407 -0.456341 0.868084 -23.883022 0.000000 0.000000 0.000000 1.000000
0.974128 -0.045506 -0.221370 10.628111 0.139625 0.891401 0.431171 116.912094 0.177709 -0.450925 0.874692 -24.517550 0.000000 0.000000 0.000000 1.000000
0.980215 -0.037777 -0.194297 8.961649 0.116913 0.902587 0.414328 119.240753 0.159718 -0.428846 0.889146 -25.118397 0.000000 0.000000 0.000000 1.000000
0.985607 -0.026458 -0.166971 7.398692 0.091026 0.915334 0.392273 121.410698 0.142455 -0.401826 0.904568 -25.630505 0.000000 0.000000 0.000000 1.000000
0.989449 -0.014205 -0.144182 6.069082 0.067120 0.926887 0.369290 123.048645 0.128394 -0.375071 0.918061 -25.811096 0.000000 0.000000 0.000000 1.000000
0.992939 -0.006273 -0.118456 4.853064 0.047164 0.937152 0.345719 124.460762 0.108843 -0.348865 0.930831 -25.782333 0.000000 0.000000 0.000000 1.000000
0.995792 0.001301 -0.091632 3.684951 0.030998 0.936181 0.350148 124.807320 0.086239 -0.351515 0.932202 -24.970490 0.000000 0.000000 0.000000 1.000000
0.997872 0.009997 -0.064429 2.658850 0.014053 0.931969 0.362265 124.818970 0.063667 -0.362399 0.929846 -23.705597 0.000000 0.000000 0.000000 1.000000
0.999127 0.018858 -0.037290 1.887063 -0.003250 0.924748 0.380566 124.766571 0.041660 -0.380112 0.924002 -22.142778 0.000000 0.000000 0.000000 1.000000
0.999611 0.025913 -0.010297 1.235766 -0.019557 0.914779 0.403482 124.231682 0.019875 -0.403123 0.914930 -20.015743 0.000000 0.000000 0.000000 1.000000
0.999367 0.031287 0.016961 0.739316 -0.035539 0.902372 0.429490 123.348663 -0.001868 -0.429820 0.902912 -17.498920 0.000000 0.000000 0.000000 1.000000
0.998370 0.035657 0.044563 0.422441 -0.052113 0.887896 0.457083 121.913864 -0.023269 -0.458660 0.888307 -14.690897 0.000000 0.000000 0.000000 1.000000
0.996638 0.038529 0.072306 0.123754 -0.068877 0.871930 0.484761 119.813957 -0.044369 -0.488112 0.871653 -11.992750 0.000000 0.000000 0.000000 1.000000
0.994240 0.040294 0.099317 -0.193821 -0.085723 0.855177 0.511199 117.218803 -0.064335 -0.516768 0.853705 -9.452560 0.000000 0.000000 0.000000 1.000000
0.991365 0.040750 0.124638 -0.524968 -0.101758 0.838564 0.535215 114.361160 -0.082706 -0.543277 0.835470 -7.123714 0.000000 0.000000 0.000000 1.000000
0.988220 0.039837 0.147765 -0.747685 -0.116284 0.823168 0.555763 111.445648 -0.099495 -0.566398 0.818104 -5.213818 0.000000 0.000000 0.000000 1.000000
0.984945 0.038057 0.168627 -0.793730 -0.129211 0.810090 0.571890 108.542366 -0.114839 -0.585069 0.802812 -3.810380 0.000000 0.000000 0.000000 1.000000
0.981737 0.035429 0.186913 -0.762681 -0.139837 0.800540 0.582737 105.715363 -0.128985 -0.598232 0.790874 -2.838824 0.000000 0.000000 0.000000 1.000000
0.980639 0.030030 0.193506 -0.647384 -0.139511 0.800577 0.582763 103.056854 -0.137416 -0.598476 0.789267 -2.238724 0.000000 0.000000 0.000000 1.000000
0.980895 0.025903 0.192805 -0.325695 -0.135424 0.802440 0.581163 100.526077 -0.139661 -0.596170 0.790618 -2.151416 0.000000 0.000000 0.000000 1.000000
0.981697 0.021191 0.189265 0.132192 -0.128824 0.805823 0.577973 98.143036 -0.140266 -0.591777 0.793805 -2.628700 0.000000 0.000000 0.000000 1.000000</float_array>
        <technique_common>
          <accessor source="#mixamorig_Hips-Matrix-animation-output-transform-array" count="61" stride="16">
            <param type="float4x4"/>
          </accessor>
        </technique_common>
      </source>
      <source id="mixamorig_Hips-Interpolations">
        <Name_array id="mixamorig_Hips-Interpolations-array" count="61">
 LINEAR LINEAR LINEAR LINEAR LINEAR LINEAR LINEAR LINEAR LINEAR LINEAR LINEAR
LINEAR LINEAR LINEAR LINEAR LINEAR LINEAR LINEAR LINEAR LINEAR LINEAR LINEAR LINEAR
LINEAR LINEAR LINEAR LINEAR LINEAR LINEAR LINEAR LINEAR LINEAR LINEAR LINEAR LINEAR
LINEAR LINEAR LINEAR LINEAR LINEAR LINEAR LINEAR LINEAR LINEAR LINEAR LINEAR LINEAR
LINEAR LINEAR LINEAR LINEAR LINEAR LINEAR LINEAR LINEAR LINEAR LINEAR LINEAR LINEAR
LINEAR LINEAR</Name_array>
        <technique_common>
          <accessor source="#mixamorig_Hips-Interpolations-array" count="61">
            <param type="name"/>
          </accessor>
        </technique_common>
      </source>
      <sampler id="mixamorig_Hips-Matrix-animation-transform">
        <input semantic="INPUT" source="#mixamorig_Hips-Matrix-animation-input"/>
        <input semantic="OUTPUT" source="#mixamorig_Hips-Matrix-animation-output-transform"/>
        <input semantic="INTERPOLATION" source="#mixamorig_Hips-Interpolations"/>
      </sampler>
      <channel source="#mixamorig_Hips-Matrix-animation-transform" target="mixamorig_Hips/matrix"/>
    </animation>
    <animation id="mixamorig_Spine-anim" name="mixamorig_Spine">
      <source id="mixamorig_Spine-Matrix-animation-input">
        <float_array id="mixamorig_Spine-Matrix-animation-input-array" count="61">

0.000000 0.033333 0.066667 0.100000 0.133333 0.166667 0.200000 0.233333 0.266667 0.300000 0.333333 0.366667 0.400000 0.433333 0.466667 0.500000
0.533333 0.566667 0.600000 0.633333 0.666667 0.700000 0.733333 0.766667 0.800000 0.833333 0.866667 0.900000 0.933333 0.966667 1.000000 1.033333
1.066667 1.100000 1.133333 1.166667 1.200000 1.233333 1.266667 1.300000 1.333333 1.366667 1.400000 1.433333 1.466667 1.500000 1.533333 1.566667
1.600000 1.633333 1.666667 1.700000 1.733333 1.766667 1.800000 1.833333 1.866667 1.900000 1.933333 1.966667 2.000000</float_array>
        <technique_common>
          <accessor source="#mixamorig_Spine-Matrix-animation-input-array" count="61">
            <param name="TIME" type="float"/>
          </accessor>
        </technique_common>
      </source>
      <source id="mixamorig_Spine-Matrix-animation-output-transform">
        <float_array id="mixamorig_Spine-Matrix-animation-output-transform-array" count="976">

0.997665 -0.002591 0.068251 0.000000 0.017736 0.974827 -0.222255 12.246100 -0.065957 0.222947 0.972597 0.234600 0.000000 0.000000 0.000000 1.000000
0.997610 -0.000698 0.069099 -0.000000 0.015684 0.976138 -0.216584 12.246100 -0.067299 0.217150 0.973816 0.234600 0.000000 0.000000 0.000000 1.000000
0.997812 0.001155 0.066109 0.000000 0.012589 0.978240 -0.207094 12.246100 -0.064910 0.207473 0.976085 0.234600 0.000000 0.000000 0.000000 1.000000
0.998234 0.005461 0.059145 0.000000 0.005954 0.981547 -0.191128 12.246100 -0.059098 0.191143 0.979782 0.234600 0.000000 0.000000 0.000000 1.000000
0.998567 0.009466 0.052668 -0.000000 -0.000283 0.985150 -0.171698 12.246100 -0.053511 0.171437 0.983741 0.234600 0.000000 0.000000 0.000000 1.000000
0.998598 0.006691 0.052502 0.000000 0.001699 0.987412 -0.158161 12.246100 -0.052899 0.158029 0.986017 0.234600 0.000000 0.000000 0.000000 1.000000
0.998188 -0.000659 0.060167 0.000000 0.009951 0.987980 -0.154259 12.246100 -0.059342 0.154578 0.986197 0.234600 0.000000 0.000000 0.000000 1.000000
0.997686 -0.009886 0.067275 0.000000 0.020189 0.987826 -0.154244 12.246100 -0.064931 0.155246 0.985740 0.234600 0.000000 0.000000 0.000000 1.000000
0.997647 -0.016695 0.066491 0.000000 0.026724 0.987876 -0.152926 12.246100 -0.063132 0.154343 0.985998 0.234600 0.000000 0.000000 0.000000 1.000000
0.997636 -0.020976 0.065441 -0.000000 0.030545 0.988390 -0.148834 12.246100 -0.061559 0.150481 0.986694 0.234600 0.000000 0.000000 0.000000 1.000000
0.997251 -0.025442 0.069592 0.000000 0.035050 0.989455 -0.140535 12.246100 -0.065283 0.142588 0.987627 0.234600 0.000000 0.000000 0.000000 1.000000
0.996724 -0.029315 0.075372 -0.000000 0.039100 0.990504 -0.131805 12.246100 -0.070793 0.134320 0.988406 0.234600 0.000000 0.000000 0.000000 1.000000
0.996067 -0.035155 0.081332 0.000000 0.045493 0.990603 -0.128979 12.246100 -0.076033 0.132172 0.988306 0.234600 0.000000 0.000000 0.000000 1.000000
0.995269 -0.042609 0.087319 0.000000 0.053837 0.989977 -0.130563 12.246100 -0.080881 0.134647 0.987587 0.234600 0.000000 0.000000 0.000000 1.000000
0.994708 -0.048591 0.090531 0.000000 0.060290 0.989503 -0.131335 12.246100 -0.083199 0.136098 0.987196 0.234600 0.000000 0.000000 0.000000 1.000000
0.994804 -0.052015 0.087521 0.000000 0.063298 0.989291 -0.131520 12.246100 -0.079743 0.136376 0.987442 0.234600 0.000000 0.000000 0.000000 1.000000
0.995529 -0.052179 0.078741 -0.000000 0.062404 0.989075 -0.133556 12.246100 -0.070912 0.137872 0.987908 0.234600 0.000000 0.000000 0.000000 1.000000
0.996403 -0.050823 0.067812 0.000000 0.059832 0.988591 -0.138233 12.246100 -0.060013 0.141793 0.988075 0.234600 0.000000 0.000000 0.000000 1.000000
0.997207 -0.049425 0.055996 0.000000 0.056957 0.988216 -0.142073 12.246100 -0.048314 0.144865 0.988271 0.234600 0.000000 0.000000 0.000000 1.000000
0.997968 -0.048502 0.041323 0.000000 0.053875 0.988571 -0.140798 12.246100 -0.034022 0.142738 0.989176 0.234600 0.000000 0.000000 0.000000 1.000000
0.998437 -0.049668 0.025614 0.000000 0.052713 0.989229 -0.136553 12.246100 -0.018556 0.137690 0.990302 0.234600 0.000000 0.000000 0.000000 1.000000
0.998504 -0.052058 0.016755 -0.000000 0.053827 0.989665 -0.132914 12.246100 -0.009663 0.133617 0.990986 0.234600 0.000000 0.000000 0.000000 1.000000
0.998632 -0.050661 0.012922 0.000000 0.051935 0.989677 -0.133574 12.246100 -0.006021 0.134062 0.990955 0.234600 0.000000 0.000000 0.000000 1.000000
0.998879 -0.046480 0.008963 0.000000 0.047270 0.989481 -0.136719 12.246100 -0.002514 0.136990 0.990569 0.234600 0.000000 0.000000 0.000000 1.000000
0.998902 -0.046193 0.007833 0.000000 0.046830 0.989553 -0.136355 12.246100 -0.001453 0.136572 0.990629 0.234600 0.000000 0.000000 0.000000 1.000000
0.998771 -0.048763 0.008876 0.000000 0.049511 0.989878 -0.133003 12.246100 -0.002300 0.133279 0.991076 0.234600 0.000000 0.000000 0.000000 1.000000
0.998726 -0.049623 0.009207 -0.000000 0.050405 0.989964 -0.132026 12.246100 -0.002564 0.132322 0.991203 0.234600 0.000000 0.000000 0.000000 1.000000
0.998716 -0.049845 0.009060 0.000000 0.050607 0.989872 -0.132634 12.246100 -0.002357 0.132922 0.991124 0.234600 0.000000 0.000000 0.000000 1.000000
0.998639 -0.050927 0.011240 0.000000 0.051964 0.989961 -0.131441 12.246100 -0.004433 0.131846 0.991260 0.234600 0.000000 0.000000 0.000000 1.000000
0.998542 -0.051140 0.017269 0.000000 0.052948 0.990199 -0.129239 12.246100 -0.010490 0.129965 0.991463 0.234600 0.000000 0.000000 0.000000 1.000000
0.998461 -0.049571 0.024861 -0.000000 0.052348 0.990457 -0.127496 12.246100 -0.018303 0.128601 0.991528 0.234600 0.000000 0.000000 0.000000 1.000000
0.998268 -0.047627 0.034529 -0.000000 0.051609 0.990753 -0.125483 12.246100 -0.028233 0.127047 0.991495 0.234600 0.000000 0.000000 0.000000 1.000000
0.997875 -0.046103 0.046035 0.000000 0.051512 0.990918 -0.124213 12.246100 -0.039891 0.126321 0.991187 0.234600 0.000000 0.000000 0.000000 1.000000
0.997502 -0.044516 0.054841 -0.000000 0.051092 0.990837 -0.125029 12.246100 -0.048772 0.127519 0.990636 0.234600 0.000000 0.000000 0.000000 1.000000
0.997346 -0.042747 0.058933 0.000000 0.049830 0.990967 -0.124505 12.246100 -0.053078 0.127111 0.990467 0.234600 0.000000 0.000000 0.000000 1.000000
0.997520 -0.040405 0.057623 0.000000 0.047132 0.991581 -0.120609 12.246100 -0.052264 0.123026 0.991026 0.234600 0.000000 0.000000 0.000000 1.000000
0.997836 -0.037095 0.054280 0.000000 0.043293 0.992084 -0.117874 12.246100 -0.049478 0.119968 0.991544 0.234600 0.000000 0.000000 0.000000 1.000000
0.998138 -0.032942 0.051330 0.000000 0.038832 0.992214 -0.118339 12.246100 -0.047032 0.120111 0.991646 0.234600 0.000000 0.000000 0.000000 1.000000
0.998413 -0.027668 0.049042 -0.000000 0.033378 0.992247 -0.119716 12.246100 -0.045350 0.121163 0.991596 0.234600 0.000000 0.000000 0.000000 1.000000
0.998533 -0.020359 0.050168 -0.000000 0.026362 0.992172 -0.122064 12.246100 -0.047290 0.123207 0.991254 0.234600 0.000000 0.000000 0.000000 1.000000
0.998504 -0.010528 0.053650 -0.000000 0.017225 0.991889 -0.125936 12.246100 -0.051889 0.126672 0.990587 0.234600 0.000000 0.000000 0.000000 1.000000
0.998559 0.000948 0.053665 0.000000 0.005987 0.991637 -0.128923 12.246100 -0.053338 0.129059 0.990201 0.234600 0.000000 0.000000 0.000000 1.000000
0.998890 0.010930 0.045815 0.000000 -0.004826 0.991334 -0.131280 12.246100 -0.046852 0.130913 0.990286 0.234600 0.000000 0.000000 0.000000 1.000000
0.999309 0.016929 0.033102 0.000000 -0.012305 0.990740 -0.135213 12.246100 -0.035085 0.134712 0.990263 0.234600 0.000000 0.000000 0.000000 1.000000
0.999544 0.020508 0.022182 0.000000 -0.017209 0.990023 -0.139854 12.246100 -0.024829 0.139408 0.989924 0.234600 0.000000 0.000000 0.000000 1.000000
0.999620 0.022182 0.016341 0.000000 -0.019588 0.989288 -0.144655 12.246100 -0.019374 0.144280 0.989347 0.234600 0.000000 0.000000 0.000000 1.000000
0.999626 0.021423 0.017025 0.000000 -0.018623 0.988461 -0.150326 12.246100 -0.020049 0.149952 0.988490 0.234600 0.000000 0.000000 0.000000 1.000000
0.999611 0.019579 0.019879 0.000000 -0.016233 0.987565 -0.156370 12.246100 -0.022693 0.155986 0.987499 0.234600 0.000000 0.000000 0.000000 1.000000
0.999545 0.017173 0.024783 0.000000 -0.012916 0.986592 -0.162693 12.246100 -0.027245 0.162298 0.986366 0.234600 0.000000 0.000000 0.000000 1.000000
0.999395 0.015725 0.031018 -0.000000 -0.010256 0.985534 -0.169169 12.246100 -0.033230 0.168748 0.985099 0.234600 0.000000 0.000000 0.000000 1.000000
0.999184 0.014678 0.037631 -0.000000 -0.007843 0.984410 -0.175713 12.246100 -0.039624 0.175274 0.983722 0.234600 0.000000 0.000000 0.000000 1.000000
0.998944 0.013064 0.044044 0.000000 -0.004824 0.983245 -0.182227 12.246100 -0.045686 0.181822 0.982270 0.234600 0.000000 0.000000 0.000000 1.000000
0.998702 0.011217 0.049691 0.000000 -0.001646 0.982051 -0.188608 12.246100 -0.050915 0.188281 0.980794 0.234600 0.000000 0.000000 0.000000 1.000000
0.998459 0.008838 0.054789 -0.000000 0.002005 0.980849 -0.194759 12.246100 -0.055461 0.194569 0.979320 0.234600 0.000000 0.000000 0.000000 1.000000
0.998208 0.006357 0.059501 -0.000000 0.005719 0.979655 -0.200606 12.246100 -0.059566 0.200587 0.977863 0.234600 0.000000 0.000000 0.000000 1.000000
0.997969 0.004098 0.063571 0.000000 0.009111 0.978490 -0.206095 12.246100 -0.063048 0.206256 0.976465 0.234600 0.000000 0.000000 0.000000 1.000000
0.997788 0.001824 0.066450 0.000000 0.012277 0.977370 -0.211178 12.246100 -0.065331 0.211527 0.975186 0.234600 0.000000 0.000000 0.000000 1.000000
0.997702 -0.000097 0.067759 -0.000000 0.014753 0.976322 -0.215819 12.246100 -0.066133 0.216323 0.974079 0.234600 0.000000 0.000000 0.000000 1.000000
0.997862 -0.001042 0.065352 0.000000 0.015344 0.975664 -0.218731 12.246100 -0.063533 0.219266 0.973594 0.234600 0.000000 0.000000 0.000000 1.000000
0.997775 -0.001781 0.066647 0.000000 0.016499 0.975146 -0.220947 12.246100 -0.064597 0.221555 0.973006 0.234600 0.000000 0.000000 0.000000 1.000000
0.997665 -0.002591 0.068251 0.000000 0.017736 0.974827 -0.222255 12.246100 -0.065957 0.222946 0.972597 0.234600 0.000000 0.000000 0.000000 1.000000</float_array>
        <technique_common>
          <accessor source="#mixamorig_Spine-Matrix-animation-output-transform-array" count="61" stride="16">
            <param type="float4x4"/>
          </accessor>
        </technique_common>
      </source>
      <source id="mixamorig_Spine-Interpolations">
        <Name_array id="mixamorig_Spine-Interpolations-array" count="61">
 LINEAR LINEAR LINEAR LINEAR LINEAR LINEAR LINEAR LINEAR LINEAR LINEAR LINEAR
LINEAR LINEAR LINEAR LINEAR LINEAR LINEAR LINEAR LINEAR LINEAR LINEAR LINEAR LINEAR
LINEAR LINEAR LINEAR LINEAR LINEAR LINEAR LINEAR LINEAR LINEAR LINEAR LINEAR LINEAR
LINEAR LINEAR LINEAR LINEAR LINEAR LINEAR LINEAR LINEAR LINEAR LINEAR LINEAR LINEAR
LINEAR LINEAR LINEAR LINEAR LINEAR LINEAR LINEAR LINEAR LINEAR LINEAR LINEAR LINEAR
LINEAR LINEAR</Name_array>
        <technique_common>
          <accessor source="#mixamorig_Spine-Interpolations-array" count="61">
            <param type="name"/>
          </accessor>
        </technique_common>
      </source>
      <sampler id="mixamorig_Spine-Matrix-animation-transform">
        <input semantic="INPUT" source="#mixamorig_Spine-Matrix-animation-input"/>
        <input semantic="OUTPUT" source="#mixamorig_Spine-Matrix-animation-output-transform"/>
        <input semantic="INTERPOLATION" source="#mixamorig_Spine-Interpolations"/>
      </sampler>
      <channel source="#mixamorig_Spine-Matrix-animation-transform" target="mixamorig_Spine/matrix"/>
    </animation>
    <animation id="mixamorig_Spine1-anim" name="mixamorig_Spine1">
      <source id="mixamorig_Spine1-Matrix-animation-input">
        <float_array id="mixamorig_Spine1-Matrix-animation-input-array" count="61">

0.000000 0.033333 0.066667 0.100000 0.133333 0.166667 0.200000 0.233333 0.266667 0.300000 0.333333 0.366667 0.400000 0.433333 0.466667 0.500000
0.533333 0.566667 0.600000 0.633333 0.666667 0.700000 0.733333 0.766667 0.800000 0.833333 0.866667 0.900000 0.933333 0.966667 1.000000 1.033333
1.066667 1.100000 1.133333 1.166667 1.200000 1.233333 1.266667 1.300000 1.333333 1.366667 1.400000 1.433333 1.466667 1.500000 1.533333 1.566667
1.600000 1.633333 1.666667 1.700000 1.733333 1.766667 1.800000 1.833333 1.866667 1.900000 1.933333 1.966667 2.000000</float_array>
        <technique_common>
          <accessor source="#mixamorig_Spine1-Matrix-animation-input-array" count="61">
            <param name="TIME" type="float"/>
          </accessor>
        </technique_common>
      </source>
      <source id="mixamorig_Spine1-Matrix-animation-output-transform">
        <float_array id="mixamorig_Spine1-Matrix-animation-output-transform-array" count="976">

0.991455 0.028972 0.127191 -0.000000 0.024311 0.916907 -0.398361 14.289700 -0.128164 0.398049 0.908367 0.000000 0.000000 0.000000 0.000000 1.000000
0.990956 0.032279 0.130249 -0.000000 0.020952 0.921513 -0.387781 14.289700 -0.132543 0.387003 0.912503 0.000000 0.000000 0.000000 0.000000 1.000000
0.991434 0.034097 0.126076 0.000000 0.015097 0.928931 -0.369944 14.289700 -0.129730 0.368679 0.920460 -0.000000 0.000000 0.000000 0.000000 1.000000
0.992708 0.040012 0.113708 0.000000 0.001013 0.940499 -0.339795 14.289700 -0.120538 0.337432 0.933601 0.000000 0.000000 0.000000 0.000000 1.000000
0.993782 0.044536 0.102045 0.000000 -0.011642 0.953059 -0.302561 14.289700 -0.110730 0.299492 0.947652 0.000000 0.000000 0.000000 0.000000 1.000000
0.994162 0.032312 0.102949 0.000000 -0.002660 0.961160 -0.275979 14.289700 -0.107868 0.274094 0.955634 -0.000000 0.000000 0.000000 0.000000 1.000000
0.992885 0.009049 0.118737 -0.000000 0.023214 0.963270 -0.267529 14.289700 -0.116796 0.268382 0.956206 0.000000 0.000000 0.000000 0.000000 1.000000
0.990932 -0.012446 0.133790 0.000000 0.048071 0.962638 -0.266491 14.289700 -0.125475 0.270506 0.954507 0.000000 0.000000 0.000000 0.000000 1.000000
0.990695 -0.028322 0.133123 0.000000 0.062910 0.962642 -0.263368 14.289700 -0.120691 0.269292 0.955466 0.000000 0.000000 0.000000 0.000000 1.000000
0.990538 -0.037477 0.132022 -0.000000 0.070490 0.964333 -0.255134 14.289700 -0.117751 0.262027 0.957850 0.000000 0.000000 0.000000 0.000000 1.000000
0.989058 -0.042214 0.141359 0.000000 0.075431 0.968172 -0.238650 14.289700 -0.126785 0.246702 0.960762 -0.000000 0.000000 0.000000 0.000000 1.000000
0.987093 -0.047046 0.153081 0.000000 0.080625 0.971891 -0.221195 14.289700 -0.138371 0.230682 0.963140 0.000000 0.000000 0.000000 0.000000 1.000000
0.984518 -0.058323 0.165296 0.000000 0.093663 0.972143 -0.214859 14.289700 -0.148160 0.227015 0.962555 0.000000 0.000000 0.000000 0.000000 1.000000
0.981328 -0.073117 0.177901 0.000000 0.111570 0.969809 -0.216846 14.289700 -0.156675 0.232645 0.959859 -0.000000 0.000000 0.000000 0.000000 1.000000
0.979118 -0.084886 0.184722 0.000000 0.124963 0.968022 -0.217525 14.289700 -0.160350 0.236066 0.958416 -0.000000 0.000000 0.000000 0.000000 1.000000
0.979573 -0.091961 0.178831 -0.000000 0.130566 0.967218 -0.217814 14.289700 -0.152938 0.236713 0.959467 -0.000000 0.000000 0.000000 0.000000 1.000000
0.982580 -0.092720 0.161056 -0.000000 0.127678 0.966533 -0.222515 14.289700 -0.135035 0.239202 0.961534 0.000000 0.000000 0.000000 0.000000 1.000000
0.986169 -0.090408 0.138915 0.000000 0.121234 0.964982 -0.232620 14.289700 -0.113020 0.246244 0.962596 -0.000000 0.000000 0.000000 0.000000 1.000000
0.989377 -0.088613 0.115244 0.000000 0.114393 0.963752 -0.241031 14.289700 -0.089708 0.251653 0.963651 -0.000000 0.000000 0.000000 0.000000 1.000000
0.992329 -0.088860 0.085943 0.000000 0.107151 0.964970 -0.239483 14.289700 -0.061652 0.246855 0.967089 -0.000000 0.000000 0.000000 0.000000 1.000000
0.994143 -0.093275 0.054580 -0.000000 0.103484 0.967195 -0.232003 14.289700 -0.031149 0.236292 0.971183 0.000000 0.000000 0.000000 0.000000 1.000000
0.994446 -0.098652 0.036685 0.000000 0.104407 0.968686 -0.225271 14.289700 -0.013313 0.227850 0.973605 -0.000000 0.000000 0.000000 0.000000 1.000000
0.994930 -0.096367 0.028753 0.000000 0.100386 0.968756 -0.226793 14.289700 -0.005999 0.228530 0.973518 0.000000 0.000000 0.000000 0.000000 1.000000
