<?xml version="1.0" encoding="utf-8"?>
<COLLADA xmlns="http://www.collada.org/2005/11/COLLADASchema" version="1.4.1">
  <asset>
    <contributor>
      <author>Mixamo</author>
      <authoring_tool>COLLADA Mixamo exporter</authoring_tool>
      <comments/>
    </contributor>
    <created>2024-03-29T14:17:26Z</created>
    <modified>2024-03-29T14:17:26Z</modified>
    <revision/>
    <title/>
    <unit meter="0.010000"/>
    <up_axis>Y_UP</up_axis>
  </asset>
  <library_animations>
    <animation id="mixamorig_Hips-anim" name="mixamorig_Hips">
      <source id="mixamorig_Hips-Matrix-animation-input">
        <float_array id="mixamorig_Hips-Matrix-animation-input-array" count="206">

0.000000 0.033333 0.066667 0.100000 0.133333 0.166667 0.200000 0.233333 0.266667 0.300000 0.333333 0.366667 0.400000 0.433333 0.466667 0.500000
0.533333 0.566667 0.600000 0.633333 0.666667 0.700000 0.733333 0.766667 0.800000 0.833333 0.866667 0.900000 0.933333 0.966667 1.000000 1.033333
1.066667 1.100000 1.133333 1.166667 1.200000 1.233333 1.266667 1.300000 1.333333 1.366667 1.400000 1.433333 1.466667 1.500000 1.533333 1.566667
1.600000 1.633333 1.666667 1.700000 1.733333 1.766667 1.800000 1.833333 1.866667 1.900000 1.933333 1.966667 2.000000 2.033333 2.066667 2.100000
2.133333 2.166667 2.200000 2.233333 2.266667 2.300000 2.333333 2.366667 2.400000 2.433333 2.466667 2.500000 2.533333 2.566667 2.600000 2.633333
2.666667 2.700000 2.733333 2.766667 2.800000 2.833333 2.866667 2.900000 2.933333 2.966667 3.000000 3.033333 3.066667 3.100000 3.133333 3.166667
3.200000 3.233333 3.266667 3.300000 3.333333 3.366667 3.400000 3.433333 3.466667 3.500000 3.533333 3.566667 3.600000 3.633333 3.666667 3.700000
3.733333 3.766667 3.800000 3.833333 3.866667 3.900000 3.933333 3.966667 4.000000 4.033333 4.066667 4.100000 4.133333 4.166667 4.200000 4.233333
4.266667 4.300000 4.333333 4.366667 4.400000 4.433333 4.466667 4.500000 4.533333 4.566667 4.600000 4.633333 4.666667 4.700000 4.733333 4.766667
4.800000 4.833333 4.866667 4.900000 4.933333 4.966667 5.000000 5.033333 5.066667 5.100000 5.133333 5.166667 5.200000 5.233333 5.266667 5.300000
5.333333 5.366667 5.400000 5.433333 5.466667 5.500000 5.533333 5.566667 5.600000 5.633333 5.666667 5.700000 5.733333 5.766667 5.800000 5.833333
5.866667 5.900000 5.933333 5.966667 6.000000 6.033333 6.066667 6.100000 6.133333 6.166667 6.200000 6.233333 6.266667 6.300000 6.333333 6.366667
6.400000 6.433333 6.466667 6.500000 6.533333 6.566667 6.600000 6.633333 6.666667 6.700000 6.733333 6.766667 6.800000 6.833333</float_array>
        <technique_common>
          <accessor source="#mixamorig_Hips-Matrix-animation-input-array" count="206">
            <param name="TIME" type="float"/>
          </accessor>
        </technique_common>
      </source>
      <source id="mixamorig_Hips-Matrix-animation-output-transform">
        <float_array id="mixamorig_Hips-Matrix-animation-output-transform-array" count="3296">

0.919743 -0.130732 -0.370112 -0.368953 -0.061924 0.882774 -0.465698 60.660061 0.387607 0.451241 0.803830 1.468010 0.000000 0.000000 0.000000 1.000000
0.920118 -0.130776 -0.369163 -0.404958 -0.061279 0.882919 -0.465509 60.592716 0.386818 0.450945 0.804375 1.431675 0.000000 0.000000 0.000000 1.000000
0.920475 -0.130831 -0.368251 -0.440144 -0.060642 0.883067 -0.465312 60.523407 0.386067 0.450640 0.804907 1.395580 0.000000 0.000000 0.000000 1.000000
0.920731 -0.130942 -0.367570 -0.473556 -0.060054 0.883234 -0.465072 60.442551 0.385548 0.450280 0.805357 1.361423 0.000000 0.000000 0.000000 1.000000
0.920692 -0.131223 -0.367568 -0.502037 -0.059607 0.883458 -0.464704 60.328110 0.385711 0.449759 0.805571 1.332708 0.000000 0.000000 0.000000 1.000000
0.920603 -0.131538 -0.367680 -0.529139 -0.059178 0.883692 -0.464314 60.210217 0.385991 0.449207 0.805745 1.304622 0.000000 0.000000 0.000000 1.000000
0.920391 -0.131946 -0.368064 -0.551643 -0.058778 0.883952 -0.463868 60.087776 0.386556 0.448574 0.805826 1.277391 0.000000 0.000000 0.000000 1.000000
0.919857 -0.132603 -0.369160 -0.561552 -0.058448 0.884285 -0.463275 59.955719 0.387875 0.447723 0.805666 1.252045 0.000000 0.000000 0.000000 1.000000
0.919253 -0.133322 -0.370405 -0.567469 -0.058121 0.884632 -0.462652 59.824860 0.389354 0.446823 0.805452 1.226750 0.000000 0.000000 0.000000 1.000000
0.918612 -0.134075 -0.371719 -0.569811 -0.057794 0.884981 -0.462027 59.696079 0.390911 0.445907 0.805205 1.201605 0.000000 0.000000 0.000000 1.000000
0.917972 -0.134840 -0.373021 -0.568749 -0.057459 0.885316 -0.461427 59.570385 0.392460 0.445010 0.804948 1.176766 0.000000 0.000000 0.000000 1.000000
0.917365 -0.135592 -0.374240 -0.564965 -0.057112 0.885627 -0.460872 59.448521 0.393928 0.444161 0.804700 1.152263 0.000000 0.000000 0.000000 1.000000
0.916830 -0.136306 -0.375291 -0.558285 -0.056748 0.885899 -0.460394 59.331726 0.395225 0.443399 0.804484 1.128456 0.000000 0.000000 0.000000 1.000000
0.916447 -0.136941 -0.375994 -0.547820 -0.056351 0.886091 -0.460073 59.224022 0.396168 0.442821 0.804339 1.105715 0.000000 0.000000 0.000000 1.000000
0.916267 -0.137481 -0.376236 -0.530536 -0.055892 0.886189 -0.459940 59.129570 0.396649 0.442456 0.804302 1.084835 0.000000 0.000000 0.000000 1.000000
0.916261 -0.137815 -0.376129 -0.502718 -0.055369 0.886372 -0.459651 59.047256 0.396737 0.441986 0.804517 1.064907 0.000000 0.000000 0.000000 1.000000
0.916439 -0.137915 -0.375657 -0.469380 -0.054857 0.886578 -0.459316 58.980034 0.396396 0.441542 0.804929 1.047564 0.000000 0.000000 0.000000 1.000000
0.916736 -0.137944 -0.374922 -0.439141 -0.054392 0.886655 -0.459221 58.924911 0.395773 0.441377 0.805326 1.034079 0.000000 0.000000 0.000000 1.000000
0.917102 -0.138011 -0.374001 -0.412922 -0.053925 0.886593 -0.459396 58.878296 0.394988 0.441481 0.805654 1.023033 0.000000 0.000000 0.000000 1.000000
0.917535 -0.138143 -0.372889 -0.391376 -0.053448 0.886368 -0.459885 58.840748 0.394047 0.441891 0.805891 1.014528 0.000000 0.000000 0.000000 1.000000
0.918007 -0.138328 -0.371656 -0.373932 -0.052970 0.886021 -0.460609 58.810719 0.393010 0.442529 0.806047 1.008153 0.000000 0.000000 0.000000 1.000000
0.918467 -0.138538 -0.370440 -0.358443 -0.052507 0.885638 -0.461399 58.784073 0.391996 0.443231 0.806155 1.003148 0.000000 0.000000 0.000000 1.000000
0.918804 -0.138782 -0.369513 -0.348744 -0.052127 0.885288 -0.462112 58.763199 0.391258 0.443852 0.806172 1.001783 0.000000 0.000000 0.000000 1.000000
0.918942 -0.139068 -0.369061 -0.348953 -0.051878 0.885016 -0.462661 58.751305 0.390966 0.444305 0.806064 1.006642 0.000000 0.000000 0.000000 1.000000
0.919035 -0.139362 -0.368717 -0.351444 -0.051659 0.884763 -0.463170 58.741474 0.390775 0.444717 0.805929 1.012025 0.000000 0.000000 0.000000 1.000000
0.919109 -0.139659 -0.368421 -0.355069 -0.051451 0.884520 -0.463657 58.732792 0.390630 0.445107 0.805784 1.019205 0.000000 0.000000 0.000000 1.000000
0.919119 -0.139959 -0.368283 -0.364721 -0.051286 0.884318 -0.464060 58.727905 0.390628 0.445414 0.805615 1.029731 0.000000 0.000000 0.000000 1.000000
0.919096 -0.140231 -0.368237 -0.383165 -0.051123 0.884192 -0.464317 58.725700 0.390704 0.445577 0.805488 1.045473 0.000000 0.000000 0.000000 1.000000
0.919074 -0.140493 -0.368191 -0.403889 -0.050948 0.884093 -0.464525 58.723213 0.390777 0.445692 0.805389 1.062983 0.000000 0.000000 0.000000 1.000000
0.919069 -0.140720 -0.368116 -0.433318 -0.050698 0.884098 -0.464543 58.718693 0.390821 0.445610 0.805413 1.086809 0.000000 0.000000 0.000000 1.000000
0.919073 -0.140938 -0.368023 -0.467408 -0.050392 0.884167 -0.464444 58.712708 0.390852 0.445404 0.805512 1.114349 0.000000 0.000000 0.000000 1.000000
0.919069 -0.141150 -0.367953 -0.502085 -0.050080 0.884260 -0.464301 58.705605 0.390902 0.445152 0.805627 1.142323 0.000000 0.000000 0.000000 1.000000
0.919031 -0.141358 -0.367967 -0.536747 -0.049781 0.884393 -0.464081 58.695427 0.391029 0.444823 0.805747 1.170276 0.000000 0.000000 0.000000 1.000000
0.918967 -0.141592 -0.368037 -0.568948 -0.049516 0.884491 -0.463922 58.682594 0.391213 0.444552 0.805807 1.195898 0.000000 0.000000 0.000000 1.000000
0.918898 -0.141831 -0.368117 -0.600702 -0.049259 0.884581 -0.463778 58.669128 0.391408 0.444297 0.805854 1.220922 0.000000 0.000000 0.000000 1.000000
0.918831 -0.142069 -0.368193 -0.631766 -0.049002 0.884669 -0.463637 58.655525 0.391598 0.444046 0.805900 1.245769 0.000000 0.000000 0.000000 1.000000
0.918766 -0.142305 -0.368264 -0.662396 -0.048744 0.884757 -0.463497 58.641701 0.391782 0.443796 0.805948 1.270446 0.000000 0.000000 0.000000 1.000000
0.918707 -0.142536 -0.368322 -0.691869 -0.048483 0.884845 -0.463356 58.627663 0.391953 0.443546 0.806002 1.294963 0.000000 0.000000 0.000000 1.000000
0.918699 -0.142729 -0.368268 -0.713672 -0.048198 0.884937 -0.463211 58.612133 0.392007 0.443301 0.806111 1.318257 0.000000 0.000000 0.000000 1.000000
0.918713 -0.142913 -0.368161 -0.728810 -0.047884 0.885039 -0.463048 58.595196 0.392012 0.443037 0.806253 1.340479 0.000000 0.000000 0.000000 1.000000
0.918748 -0.143081 -0.368008 -0.740224 -0.047554 0.885151 -0.462867 58.577751 0.391971 0.442758 0.806427 1.361985 0.000000 0.000000 0.000000 1.000000
0.918817 -0.143217 -0.367783 -0.747591 -0.047206 0.885276 -0.462664 58.559509 0.391850 0.442465 0.806646 1.382517 0.000000 0.000000 0.000000 1.000000
0.918971 -0.143271 -0.367378 -0.746181 -0.046820 0.885426 -0.462416 58.539604 0.391536 0.442148 0.806973 1.400726 0.000000 0.000000 0.000000 1.000000
0.919192 -0.143249 -0.366833 -0.736719 -0.046412 0.885599 -0.462125 58.518044 0.391066 0.441807 0.807387 1.415736 0.000000 0.000000 0.000000 1.000000
0.919434 -0.143178 -0.366253 -0.724622 -0.046026 0.885780 -0.461817 58.495541 0.390542 0.441468 0.807826 1.427516 0.000000 0.000000 0.000000 1.000000
0.919693 -0.143049 -0.365653 -0.710314 -0.045678 0.885967 -0.461493 58.472221 0.389973 0.441134 0.808283 1.435281 0.000000 0.000000 0.000000 1.000000
0.919963 -0.142856 -0.365049 -0.694159 -0.045383 0.886159 -0.461154 58.447937 0.389370 0.440812 0.808750 1.438236 0.000000 0.000000 0.000000 1.000000
0.920128 -0.142647 -0.364715 -0.667782 -0.045251 0.886336 -0.460826 58.429153 0.388995 0.440522 0.809088 1.434855 0.000000 0.000000 0.000000 1.000000
0.920267 -0.142416 -0.364453 -0.637473 -0.045183 0.886505 -0.460507 58.411701 0.388674 0.440257 0.809387 1.429472 0.000000 0.000000 0.000000 1.000000
0.920378 -0.142184 -0.364265 -0.604530 -0.045156 0.886672 -0.460190 58.395771 0.388415 0.439997 0.809652 1.422691 0.000000 0.000000 0.000000 1.000000
0.920456 -0.141966 -0.364153 -0.570059 -0.045151 0.886841 -0.459863 58.381649 0.388230 0.439726 0.809888 1.415265 0.000000 0.000000 0.000000 1.000000
0.920493 -0.141765 -0.364136 -0.535272 -0.045167 0.887023 -0.459511 58.369511 0.388140 0.439424 0.810095 1.408004 0.000000 0.000000 0.000000 1.000000
0.920496 -0.141572 -0.364203 -0.501508 -0.045200 0.887225 -0.459118 58.359646 0.388128 0.439079 0.810288 1.401752 0.000000 0.000000 0.000000 1.000000
0.920390 -0.141347 -0.364558 -0.469635 -0.045351 0.887487 -0.458595 58.355335 0.388361 0.438620 0.810425 1.397512 0.000000 0.000000 0.000000 1.000000
0.920183 -0.141115 -0.365171 -0.439652 -0.045580 0.887815 -0.457938 58.354843 0.388826 0.438031 0.810521 1.393306 0.000000 0.000000 0.000000 1.000000
0.919945 -0.140875 -0.365862 -0.411369 -0.045825 0.888174 -0.457217 58.354607 0.389359 0.437380 0.810616 1.388324 0.000000 0.000000 0.000000 1.000000
0.919692 -0.140619 -0.366597 -0.383552 -0.046106 0.888533 -0.456491 58.356411 0.389924 0.436734 0.810693 1.382800 0.000000 0.000000 0.000000 1.000000
0.919433 -0.140346 -0.367349 -0.355473 -0.046438 0.888860 -0.455819 58.361855 0.390495 0.436154 0.810730 1.376573 0.000000 0.000000 0.000000 1.000000
0.919172 -0.140069 -0.368107 -0.327277 -0.046786 0.889177 -0.455166 58.368324 0.391067 0.435598 0.810754 1.370056 0.000000 0.000000 0.000000 1.000000
0.918906 -0.139788 -0.368877 -0.298669 -0.047166 0.889465 -0.454562 58.376808 0.391646 0.435098 0.810742 1.361491 0.000000 0.000000 0.000000 1.000000
0.918633 -0.139490 -0.369670 -0.269804 -0.047665 0.889651 -0.454146 58.391403 0.392226 0.434814 0.810615 1.344950 0.000000 0.000000 0.000000 1.000000
0.918381 -0.139177 -0.370414 -0.242141 -0.048164 0.889826 -0.453751 58.404202 0.392755 0.434557 0.810496 1.325271 0.000000 0.000000 0.000000 1.000000
0.918129 -0.138861 -0.371155 -0.214457 -0.048666 0.889997 -0.453362 58.416534 0.393281 0.434308 0.810375 1.304462 0.000000 0.000000 0.000000 1.000000
0.917880 -0.138544 -0.371889 -0.186979 -0.049169 0.890165 -0.452978 58.428711 0.393800 0.434065 0.810253 1.282964 0.000000 0.000000 0.000000 1.000000
0.917641 -0.138220 -0.372598 -0.159998 -0.049666 0.890330 -0.452598 58.439995 0.394294 0.433828 0.810139 1.260744 0.000000 0.000000 0.000000 1.000000
0.917419 -0.137888 -0.373267 -0.133843 -0.050153 0.890494 -0.452222 58.449966 0.394748 0.433598 0.810041 1.238017 0.000000 0.000000 0.000000 1.000000
0.917222 -0.137542 -0.373879 -0.108798 -0.050625 0.890657 -0.451850 58.458054 0.395146 0.433374 0.809967 1.214712 0.000000 0.000000 0.000000 1.000000
0.917057 -0.137181 -0.374417 -0.085253 -0.051075 0.890818 -0.451481 58.463879 0.395472 0.433157 0.809924 1.191066 0.000000 0.000000 0.000000 1.000000
0.916931 -0.136801 -0.374864 -0.063927 -0.051498 0.890979 -0.451115 58.466824 0.395709 0.432946 0.809921 1.167088 0.000000 0.000000 0.000000 1.000000
0.916853 -0.136398 -0.375203 -0.045203 -0.051889 0.891139 -0.450753 58.466553 0.395840 0.432743 0.809966 1.143189 0.000000 0.000000 0.000000 1.000000
0.916944 -0.135911 -0.375155 -0.032886 -0.052166 0.891300 -0.450402 58.455170 0.395591 0.432564 0.810183 1.118648 0.000000 0.000000 0.000000 1.000000
0.917080 -0.135402 -0.375008 -0.022772 -0.052414 0.891463 -0.450052 58.441872 0.395244 0.432389 0.810446 1.094369 0.000000 0.000000 0.000000 1.000000
0.917225 -0.134883 -0.374841 -0.014358 -0.052653 0.891633 -0.449687 58.432072 0.394876 0.432200 0.810726 1.072632 0.000000 0.000000 0.000000 1.000000
0.917308 -0.134359 -0.374825 -0.006390 -0.052988 0.891786 -0.449343 58.438904 0.394637 0.432047 0.810923 1.060893 0.000000 0.000000 0.000000 1.000000
0.917286 -0.133844 -0.375062 0.002235 -0.053486 0.891886 -0.449087 58.462757 0.394620 0.432002 0.810956 1.060204 0.000000 0.000000 0.000000 1.000000
0.917242 -0.133284 -0.375370 0.011019 -0.054053 0.891993 -0.448806 58.493431 0.394647 0.431954 0.810969 1.063925 0.000000 0.000000 0.000000 1.000000
0.917173 -0.132719 -0.375737 0.020103 -0.054666 0.892087 -0.448546 58.530716 0.394721 0.431934 0.810943 1.070901 0.000000 0.000000 0.000000 1.000000
0.917014 -0.132266 -0.376286 0.028284 -0.055315 0.892125 -0.448390 58.580093 0.395000 0.431994 0.810775 1.080648 0.000000 0.000000 0.000000 1.000000
0.916777 -0.131919 -0.376984 0.035649 -0.055984 0.892115 -0.448326 58.641045 0.395456 0.432119 0.810486 1.091431 0.000000 0.000000 0.000000 1.000000
0.916504 -0.131623 -0.377751 0.042928 -0.056664 0.892078 -0.448314 58.707336 0.395992 0.432286 0.810135 1.102574 0.000000 0.000000 0.000000 1.000000
0.916181 -0.131376 -0.378620 0.048401 -0.057396 0.891991 -0.448394 58.781021 0.396634 0.432541 0.809685 1.114014 0.000000 0.000000 0.000000 1.000000
0.915811 -0.131161 -0.379588 0.051645 -0.058189 0.891857 -0.448559 58.861404 0.397372 0.432883 0.809140 1.125407 0.000000 0.000000 0.000000 1.000000
0.915421 -0.130962 -0.380596 0.053862 -0.059010 0.891700 -0.448763 58.944679 0.398148 0.433266 0.808553 1.136827 0.000000 0.000000 0.000000 1.000000
0.915021 -0.130772 -0.381621 0.055153 -0.059846 0.891526 -0.448998 59.029839 0.398941 0.433682 0.807939 1.148409 0.000000 0.000000 0.000000 1.000000
0.914608 -0.130590 -0.382673 0.055825 -0.060701 0.891339 -0.449255 59.116524 0.399760 0.434120 0.807299 1.159944 0.000000 0.000000 0.000000 1.000000
0.914317 -0.130423 -0.383424 0.049632 -0.061476 0.891065 -0.449694 59.205601 0.400306 0.434734 0.806698 1.178062 0.000000 0.000000 0.000000 1.000000
0.914190 -0.130261 -0.383783 0.035387 -0.062145 0.890690 -0.450343 59.295700 0.400494 0.435549 0.806165 1.204361 0.000000 0.000000 0.000000 1.000000
0.914149 -0.130098 -0.383934 0.017940 -0.062743 0.890282 -0.451066 59.385956 0.400493 0.436431 0.805688 1.234091 0.000000 0.000000 0.000000 1.000000
0.914157 -0.129954 -0.383964 -0.000716 -0.063254 0.889884 -0.451781 59.475960 0.400394 0.437286 0.805273 1.265002 0.000000 0.000000 0.000000 1.000000
0.914256 -0.129824 -0.383773 -0.019074 -0.063591 0.889541 -0.452409 59.565128 0.400115 0.438022 0.805012 1.295898 0.000000 0.000000 0.000000 1.000000
0.914532 -0.129703 -0.383156 -0.036677 -0.063628 0.889286 -0.452904 59.651112 0.399478 0.438574 0.805028 1.327981 0.000000 0.000000 0.000000 1.000000
0.914983 -0.129557 -0.382127 -0.052465 -0.063398 0.889125 -0.453253 59.732979 0.398480 0.438945 0.805320 1.360739 0.000000 0.000000 0.000000 1.000000
0.915486 -0.129401 -0.380972 -0.067808 -0.063085 0.888995 -0.453551 59.813278 0.397372 0.439254 0.805699 1.393510 0.000000 0.000000 0.000000 1.000000
0.916013 -0.129215 -0.379768 -0.082629 -0.062762 0.888879 -0.453822 59.891701 0.396209 0.439542 0.806115 1.425632 0.000000 0.000000 0.000000 1.000000
0.916609 -0.128844 -0.378453 -0.094915 -0.062491 0.888831 -0.453954 59.959290 0.394870 0.439748 0.806659 1.453482 0.000000 0.000000 0.000000 1.000000
0.917195 -0.128395 -0.377185 -0.096565 -0.062169 0.888945 -0.453775 60.007668 0.393559 0.439649 0.807353 1.473435 0.000000 0.000000 0.000000 1.000000
0.917782 -0.127913 -0.375919 -0.095455 -0.061838 0.889105 -0.453508 60.050705 0.392241 0.439467 0.808094 1.491064 0.000000 0.000000 0.000000 1.000000
0.918353 -0.127432 -0.374684 -0.091582 -0.061486 0.889305 -0.453162 60.089523 0.390956 0.439200 0.808861 1.506931 0.000000 0.000000 0.000000 1.000000
0.918895 -0.126987 -0.373506 -0.084886 -0.061100 0.889542 -0.452748 60.125191 0.389743 0.438849 0.809637 1.521514 0.000000 0.000000 0.000000 1.000000
0.919389 -0.126610 -0.372416 -0.075390 -0.060667 0.889811 -0.452279 60.158848 0.388643 0.438413 0.810401 1.535420 0.000000 0.000000 0.000000 1.000000
0.919686 -0.126530 -0.371710 -0.056470 -0.060038 0.890211 -0.451575 60.182308 0.388038 0.437623 0.811118 1.545184 0.000000 0.000000 0.000000 1.000000
0.919800 -0.126748 -0.371353 -0.035449 -0.059253 0.890676 -0.450761 60.200100 0.387888 0.436614 0.811734 1.551859 0.000000 0.000000 0.000000 1.000000
0.919771 -0.127206 -0.371269 -0.013355 -0.058340 0.891186 -0.449872 60.212875 0.388096 0.435438 0.812265 1.555021 0.000000 0.000000 0.000000 1.000000
0.919683 -0.127716 -0.371310 0.002012 -0.057536 0.891587 -0.449179 60.214355 0.388423 0.434466 0.812630 1.544246 0.000000 0.000000 0.000000 1.000000
0.919619 -0.128134 -0.371325 0.007161 -0.056976 0.891794 -0.448840 60.205399 0.388657 0.433918 0.812810 1.517545 0.000000 0.000000 0.000000 1.000000
0.919563 -0.128528 -0.371329 0.008947 -0.056499 0.891926 -0.448637 60.194004 0.388861 0.433530 0.812920 1.485835 0.000000 0.000000 0.000000 1.000000
0.919513 -0.128896 -0.371324 0.007791 -0.056095 0.891999 -0.448543 60.179543 0.389036 0.433271 0.812974 1.449272 0.000000 0.000000 0.000000 1.000000
0.919470 -0.129234 -0.371314 0.003827 -0.055755 0.892028 -0.448529 60.161499 0.389188 0.433111 0.812987 1.408336 0.000000 0.000000 0.000000 1.000000
0.919432 -0.129541 -0.371302 -0.002722 -0.055468 0.892028 -0.448565 60.139404 0.389319 0.433020 0.812973 1.363123 0.000000 0.000000 0.000000 1.000000
0.919398 -0.129812 -0.371290 -0.011207 -0.055223 0.892017 -0.448616 60.112667 0.389432 0.432961 0.812950 1.313729 0.000000 0.000000 0.000000 1.000000
0.919368 -0.130047 -0.371282 -0.021280 -0.055013 0.892007 -0.448662 60.080635 0.389534 0.432911 0.812928 1.260568 0.000000 0.000000 0.000000 1.000000
0.919340 -0.130247 -0.371281 -0.032751 -0.054826 0.892011 -0.448677 60.042850 0.389626 0.432842 0.812920 1.203829 0.000000 0.000000 0.000000 1.000000
0.919318 -0.130371 -0.371293 -0.047225 -0.054676 0.892057 -0.448603 59.994003 0.389699 0.432710 0.812956 1.140318 0.000000 0.000000 0.000000 1.000000
0.919302 -0.130388 -0.371325 -0.065324 -0.054597 0.892146 -0.448437 59.931023 0.389747 0.432522 0.813033 1.068080 0.000000 0.000000 0.000000 1.000000
0.919271 -0.130376 -0.371407 -0.082421 -0.054583 0.892217 -0.448296 59.854187 0.389823 0.432378 0.813073 0.992736 0.000000 0.000000 0.000000 1.000000
0.919151 -0.130308 -0.371726 -0.090831 -0.054760 0.892263 -0.448183 59.763901 0.390079 0.432304 0.812989 0.927538 0.000000 0.000000 0.000000 1.000000
0.918937 -0.130270 -0.372269 -0.089034 -0.054971 0.892360 -0.447963 59.666985 0.390555 0.432114 0.812862 0.876767 0.000000 0.000000 0.000000 1.000000
0.918639 -0.130528 -0.372913 -0.084695 -0.054715 0.892729 -0.447260 59.575336 0.391290 0.431274 0.812954 0.833633 0.000000 0.000000 0.000000 1.000000
0.918337 -0.130916 -0.373522 -0.080252 -0.054232 0.893194 -0.446389 59.486549 0.392067 0.430192 0.813153 0.792360 0.000000 0.000000 0.000000 1.000000
0.918153 -0.131420 -0.373796 -0.077606 -0.053503 0.893630 -0.445604 59.400120 0.392596 0.429132 0.813458 0.749701 0.000000 0.000000 0.000000 1.000000
0.918068 -0.132004 -0.373800 -0.076374 -0.052594 0.894038 -0.444893 59.315548 0.392919 0.428102 0.813845 0.705780 0.000000 0.000000 0.000000 1.000000
0.918005 -0.132580 -0.373750 -0.075243 -0.051678 0.894430 -0.444212 59.231441 0.393187 0.427103 0.814240 0.661272 0.000000 0.000000 0.000000 1.000000
0.917994 -0.133069 -0.373604 -0.074376 -0.050841 0.894772 -0.443619 59.148331 0.393322 0.426234 0.814630 0.614930 0.000000 0.000000 0.000000 1.000000
0.918110 -0.133260 -0.373250 -0.074057 -0.050473 0.894795 -0.443616 59.074646 0.393098 0.426127 0.814794 0.564005 0.000000 0.000000 0.000000 1.000000
0.918174 -0.133459 -0.373021 -0.073488 -0.050332 0.894628 -0.443969 59.007915 0.392967 0.426415 0.814707 0.514610 0.000000 0.000000 0.000000 1.000000
0.918197 -0.133685 -0.372885 -0.072835 -0.050256 0.894412 -0.444411 58.943466 0.392924 0.426797 0.814528 0.466278 0.000000 0.000000 0.000000 1.000000
0.918202 -0.133927 -0.372784 -0.072441 -0.050194 0.894183 -0.444879 58.880470 0.392918 0.427201 0.814318 0.418350 0.000000 0.000000 0.000000 1.000000
0.918201 -0.134153 -0.372706 -0.074302 -0.050116 0.894000 -0.445256 58.824230 0.392931 0.427513 0.814149 0.372253 0.000000 0.000000 0.000000 1.000000
0.918204 -0.134318 -0.372640 -0.079258 -0.049974 0.893954 -0.445363 58.775581 0.392944 0.427556 0.814120 0.328141 0.000000 0.000000 0.000000 1.000000
0.918192 -0.134477 -0.372611 -0.084941 -0.049822 0.893944 -0.445401 58.728676 0.392990 0.427528 0.814112 0.284759 0.000000 0.000000 0.000000 1.000000
0.918160 -0.134634 -0.372635 -0.090878 -0.049691 0.893942 -0.445419 58.682865 0.393083 0.427482 0.814092 0.242334 0.000000 0.000000 0.000000 1.000000
0.918111 -0.134583 -0.372773 -0.096221 -0.049798 0.893950 -0.445391 58.642288 0.393183 0.427482 0.814044 0.205867 0.000000 0.000000 0.000000 1.000000
0.917981 -0.134513 -0.373119 -0.100517 -0.050124 0.893847 -0.445561 58.615799 0.393445 0.427718 0.813792 0.196957 0.000000 0.000000 0.000000 1.000000
0.917806 -0.134487 -0.373559 -0.104060 -0.050487 0.893712 -0.445792 58.592667 0.393807 0.428010 0.813464 0.192808 0.000000 0.000000 0.000000 1.000000
0.917596 -0.134494 -0.374072 -0.106808 -0.050879 0.893549 -0.446074 58.572392 0.394245 0.428348 0.813073 0.193014 0.000000 0.000000 0.000000 1.000000
0.917361 -0.134527 -0.374636 -0.109066 -0.051295 0.893362 -0.446401 58.554409 0.394738 0.428727 0.812634 0.197166 0.000000 0.000000 0.000000 1.000000
0.917110 -0.134578 -0.375230 -0.111056 -0.051727 0.893157 -0.446761 58.538277 0.395264 0.429139 0.812162 0.204781 0.000000 0.000000 0.000000 1.000000
0.916854 -0.134638 -0.375834 -0.112948 -0.052167 0.892938 -0.447147 58.523396 0.395800 0.429575 0.811670 0.215382 0.000000 0.000000 0.000000 1.000000
0.916602 -0.134700 -0.376425 -0.114889 -0.052608 0.892710 -0.447549 58.509327 0.396324 0.430028 0.811174 0.228533 0.000000 0.000000 0.000000 1.000000
0.916365 -0.134755 -0.376983 -0.117021 -0.053044 0.892479 -0.447959 58.495495 0.396814 0.430491 0.810689 0.243822 0.000000 0.000000 0.000000 1.000000
0.916152 -0.134794 -0.377486 -0.119650 -0.053465 0.892249 -0.448368 58.481308 0.397249 0.430956 0.810229 0.260721 0.000000 0.000000 0.000000 1.000000
0.915974 -0.134810 -0.377913 -0.122642 -0.053867 0.892024 -0.448767 58.466442 0.397606 0.431416 0.809808 0.278939 0.000000 0.000000 0.000000 1.000000
0.915840 -0.134794 -0.378243 -0.126891 -0.054241 0.891810 -0.449147 58.450260 0.397863 0.431863 0.809444 0.297836 0.000000 0.000000 0.000000 1.000000
0.915761 -0.134738 -0.378455 -0.132003 -0.054579 0.891611 -0.449500 58.432232 0.397999 0.432291 0.809149 0.316970 0.000000 0.000000 0.000000 1.000000
0.915746 -0.134633 -0.378528 -0.137401 -0.054875 0.891433 -0.449817 58.411613 0.397993 0.432690 0.808938 0.336241 0.000000 0.000000 0.000000 1.000000
0.915806 -0.134472 -0.378440 -0.144170 -0.055121 0.891281 -0.450089 58.388313 0.397820 0.433054 0.808828 0.354900 0.000000 0.000000 0.000000 1.000000
0.916089 -0.134146 -0.377869 -0.154131 -0.055224 0.891188 -0.450260 58.357895 0.397153 0.433345 0.809000 0.376124 0.000000 0.000000 0.000000 1.000000
0.916313 -0.133873 -0.377425 -0.163390 -0.055389 0.891043 -0.450527 58.336681 0.396615 0.433729 0.809059 0.403476 0.000000 0.000000 0.000000 1.000000
0.916469 -0.133626 -0.377132 -0.171880 -0.055621 0.890880 -0.450821 58.318825 0.396220 0.434140 0.809032 0.431703 0.000000 0.000000 0.000000 1.000000
0.916572 -0.133404 -0.376961 -0.179531 -0.055903 0.890700 -0.451141 58.303692 0.395944 0.434576 0.808933 0.460522 0.000000 0.000000 0.000000 1.000000
0.916632 -0.133209 -0.376884 -0.186432 -0.056221 0.890505 -0.451486 58.291046 0.395759 0.435036 0.808776 0.489861 0.000000 0.000000 0.000000 1.000000
0.916661 -0.133043 -0.376871 -0.193113 -0.056557 0.890296 -0.451857 58.280430 0.395643 0.435514 0.808575 0.519612 0.000000 0.000000 0.000000 1.000000
0.916675 -0.132903 -0.376888 -0.199366 -0.056896 0.890073 -0.452253 58.271439 0.395564 0.436012 0.808346 0.549711 0.000000 0.000000 0.000000 1.000000
0.916685 -0.132788 -0.376903 -0.205789 -0.057221 0.889838 -0.452673 58.263798 0.395492 0.436526 0.808103 0.579933 0.000000 0.000000 0.000000 1.000000
0.916702 -0.132703 -0.376893 -0.212241 -0.057517 0.889593 -0.453119 58.256973 0.395411 0.437052 0.807858 0.610312 0.000000 0.000000 0.000000 1.000000
0.916730 -0.132654 -0.376840 -0.218963 -0.057766 0.889337 -0.453588 58.250748 0.395308 0.437587 0.807620 0.640471 0.000000 0.000000 0.000000 1.000000
0.916794 -0.132630 -0.376693 -0.225998 -0.057954 0.889073 -0.454082 58.244568 0.395133 0.438131 0.807410 0.670446 0.000000 0.000000 0.000000 1.000000
0.916900 -0.132627 -0.376436 -0.233537 -0.058073 0.888803 -0.454596 58.238098 0.394868 0.438680 0.807241 0.699994 0.000000 0.000000 0.000000 1.000000
0.917098 -0.132752 -0.375910 -0.242670 -0.057975 0.888495 -0.455210 58.232925 0.394424 0.439265 0.807141 0.728895 0.000000 0.000000 0.000000 1.000000
0.917448 -0.133003 -0.374966 -0.254550 -0.057601 0.888133 -0.455962 58.229305 0.393664 0.439920 0.807155 0.757398 0.000000 0.000000 0.000000 1.000000
0.917748 -0.133260 -0.374140 -0.266289 -0.057289 0.887761 -0.456726 58.224831 0.393010 0.440594 0.807106 0.787708 0.000000 0.000000 0.000000 1.000000
0.918034 -0.133519 -0.373345 -0.278008 -0.056996 0.887380 -0.457502 58.219711 0.392384 0.441282 0.807035 0.818575 0.000000 0.000000 0.000000 1.000000
0.918285 -0.133776 -0.372634 -0.289468 -0.056739 0.887006 -0.458259 58.214996 0.391832 0.441956 0.806934 0.850481 0.000000 0.000000 0.000000 1.000000
0.918482 -0.134029 -0.372059 -0.300823 -0.056536 0.886651 -0.458969 58.211479 0.391401 0.442590 0.806796 0.883829 0.000000 0.000000 0.000000 1.000000
0.918603 -0.134275 -0.371670 -0.311741 -0.056399 0.886331 -0.459604 58.209602 0.391136 0.443155 0.806614 0.918980 0.000000 0.000000 0.000000 1.000000
0.918558 -0.134510 -0.371696 -0.321267 -0.056449 0.886048 -0.460145 58.216583 0.391234 0.443652 0.806293 0.959967 0.000000 0.000000 0.000000 1.000000
0.918345 -0.134739 -0.372140 -0.328831 -0.056697 0.885783 -0.460624 58.232594 0.391699 0.444111 0.805815 1.007814 0.000000 0.000000 0.000000 1.000000
0.918066 -0.134978 -0.372741 -0.335293 -0.057021 0.885511 -0.461106 58.254265 0.392305 0.444580 0.805261 1.059369 0.000000 0.000000 0.000000 1.000000
0.917770 -0.135269 -0.373364 -0.339660 -0.057353 0.885190 -0.461682 58.284546 0.392949 0.445131 0.804642 1.114857 0.000000 0.000000 0.000000 1.000000
0.917505 -0.135657 -0.373873 -0.341262 -0.057622 0.884775 -0.462442 58.326294 0.393527 0.445837 0.803969 1.174416 0.000000 0.000000 0.000000 1.000000
0.917314 -0.136289 -0.374112 -0.335091 -0.057698 0.884175 -0.463580 58.402176 0.393961 0.446834 0.803202 1.242649 0.000000 0.000000 0.000000 1.000000
0.917144 -0.136980 -0.374278 -0.326701 -0.057728 0.883524 -0.464816 58.488365 0.394354 0.447909 0.802411 1.313266 0.000000 0.000000 0.000000 1.000000
0.916987 -0.137693 -0.374400 -0.318030 -0.057728 0.882860 -0.466076 58.577469 0.394718 0.448999 0.801622 1.384021 0.000000 0.000000 0.000000 1.000000
0.916881 -0.138376 -0.374409 -0.309076 -0.057696 0.882195 -0.467336 58.672508 0.394969 0.450093 0.800884 1.453401 0.000000 0.000000 0.000000 1.000000
0.917021 -0.138899 -0.373872 -0.300859 -0.057523 0.881539 -0.468595 58.796314 0.394670 0.451217 0.800399 1.515444 0.000000 0.000000 0.000000 1.000000
0.917360 -0.139283 -0.372896 -0.293811 -0.057270 0.880858 -0.469904 58.940681 0.393918 0.452427 0.800086 1.573678 0.000000 0.000000 0.000000 1.000000
0.917781 -0.139584 -0.371744 -0.287987 -0.057013 0.880159 -0.471243 59.091312 0.392972 0.453693 0.799835 1.630261 0.000000 0.000000 0.000000 1.000000
0.918253 -0.139805 -0.370495 -0.282335 -0.056769 0.879467 -0.472562 59.244583 0.391905 0.454964 0.799636 1.683936 0.000000 0.000000 0.000000 1.000000
0.918739 -0.139953 -0.369231 -0.277399 -0.056551 0.878807 -0.473815 59.396973 0.390794 0.456193 0.799480 1.733481 0.000000 0.000000 0.000000 1.000000
0.919209 -0.140034 -0.368030 -0.272199 -0.056374 0.878202 -0.474955 59.544910 0.389715 0.457330 0.799357 1.777597 0.000000 0.000000 0.000000 1.000000
0.919627 -0.140037 -0.366983 -0.266134 -0.056272 0.877682 -0.475928 59.684639 0.388742 0.458327 0.799260 1.814959 0.000000 0.000000 0.000000 1.000000
0.919962 -0.139985 -0.366161 -0.258662 -0.056243 0.877269 -0.476693 59.812576 0.387952 0.459133 0.799181 1.844314 0.000000 0.000000 0.000000 1.000000
0.920222 -0.139866 -0.365552 -0.249846 -0.056266 0.876995 -0.477194 59.926460 0.387331 0.459693 0.799161 1.861364 0.000000 0.000000 0.000000 1.000000
0.920427 -0.139567 -0.365150 -0.240045 -0.056430 0.876872 -0.477400 60.028152 0.386819 0.460017 0.799222 1.865383 0.000000 0.000000 0.000000 1.000000
0.920577 -0.139177 -0.364921 -0.229133 -0.056674 0.876860 -0.477394 60.119957 0.386427 0.460159 0.799330 1.860218 0.000000 0.000000 0.000000 1.000000
0.920653 -0.138744 -0.364894 -0.216290 -0.056988 0.876933 -0.477223 60.201302 0.386200 0.460151 0.799444 1.847635 0.000000 0.000000 0.000000 1.000000
0.920613 -0.138258 -0.365180 -0.201517 -0.057400 0.877141 -0.476791 60.267647 0.386234 0.459901 0.799571 1.825076 0.000000 0.000000 0.000000 1.000000
0.920503 -0.137769 -0.365641 -0.186537 -0.057852 0.877411 -0.476239 60.324928 0.386428 0.459533 0.799689 1.798176 0.000000 0.000000 0.000000 1.000000
0.920370 -0.137290 -0.366155 -0.172588 -0.058304 0.877702 -0.475646 60.376579 0.386677 0.459119 0.799807 1.770386 0.000000 0.000000 0.000000 1.000000
0.920233 -0.136821 -0.366675 -0.160865 -0.058739 0.878004 -0.475035 60.423203 0.386937 0.458681 0.799932 1.743037 0.000000 0.000000 0.000000 1.000000
0.920111 -0.136365 -0.367152 -0.152775 -0.059142 0.878305 -0.474428 60.465294 0.387167 0.458241 0.800073 1.717212 0.000000 0.000000 0.000000 1.000000
0.920023 -0.135923 -0.367536 -0.149773 -0.059495 0.878593 -0.473852 60.503517 0.387322 0.457821 0.800239 1.694248 0.000000 0.000000 0.000000 1.000000
0.919972 -0.135499 -0.367819 -0.152736 -0.059790 0.878867 -0.473305 60.538147 0.387397 0.457420 0.800432 1.674556 0.000000 0.000000 0.000000 1.000000
0.919930 -0.135043 -0.368092 -0.161530 -0.060074 0.879183 -0.472683 60.567551 0.387453 0.456948 0.800674 1.654315 0.000000 0.000000 0.000000 1.000000
0.919891 -0.134556 -0.368369 -0.175188 -0.060353 0.879538 -0.471985 60.591896 0.387503 0.456407 0.800958 1.633259 0.000000 0.000000 0.000000 1.000000
0.919872 -0.134027 -0.368608 -0.192613 -0.060626 0.879921 -0.471236 60.611603 0.387504 0.455824 0.801290 1.611716 0.000000 0.000000 0.000000 1.000000
0.919855 -0.133493 -0.368844 -0.213037 -0.060887 0.880321 -0.470454 60.627312 0.387504 0.455208 0.801640 1.590275 0.000000 0.000000 0.000000 1.000000
0.919838 -0.132966 -0.369076 -0.235342 -0.061134 0.880727 -0.469661 60.639259 0.387505 0.454576 0.801998 1.569227 0.000000 0.000000 0.000000 1.000000
0.919823 -0.132458 -0.369297 -0.258823 -0.061363 0.881128 -0.468880 60.648052 0.387505 0.453948 0.802354 1.549095 0.000000 0.000000 0.000000 1.000000
0.919809 -0.131979 -0.369504 -0.282318 -0.061573 0.881511 -0.468132 60.654171 0.387505 0.453343 0.802695 1.530134 0.000000 0.000000 0.000000 1.000000
0.919796 -0.131542 -0.369691 -0.304878 -0.061759 0.881866 -0.467438 60.657997 0.387506 0.452779 0.803013 1.512752 0.000000 0.000000 0.000000 1.000000
0.919785 -0.131157 -0.369855 -0.325473 -0.061918 0.882181 -0.466821 60.660194 0.387506 0.452276 0.803297 1.497595 0.000000 0.000000 0.000000 1.000000
0.919785 -0.130963 -0.369924 -0.343340 -0.061918 0.882427 -0.466356 60.660942 0.387507 0.451852 0.803535 1.485071 0.000000 0.000000 0.000000 1.000000
0.919785 -0.130813 -0.369977 -0.357065 -0.061918 0.882616 -0.465998 60.660934 0.387507 0.451526 0.803718 1.475726 0.000000 0.000000 0.000000 1.000000
0.919785 -0.130717 -0.370012 -0.365901 -0.061917 0.882738 -0.465769 60.660477 0.387508 0.451317 0.803835 1.469726 0.000000 0.000000 0.000000 1.000000
0.919785 -0.130692 -0.370021 -0.369338 -0.061918 0.882770 -0.465708 60.660110 0.387508 0.451262 0.803866 1.467820 0.000000 0.000000 0.000000 1.000000</float_array>
        <technique_common>
          <accessor source="#mixamorig_Hips-Matrix-animation-output-transform-array" count="206" stride="16">
            <param type="float4x4"/>
          </accessor>
        </technique_common>
      </source>
      <source id="mixamorig_Hips-Interpolations">
        <Name_array id="mixamorig_Hips-Interpolations-array" count="206">
 LINEAR LINEAR LINEAR LINEAR LINEAR LINEAR LINEAR LINEAR LINEAR LINEAR LINEAR
LINEAR LINEAR LINEAR LINEAR LINEAR LINEAR LINEAR LINEAR LINEAR LINEAR LINEAR LINEAR
LINEAR LINEAR LINEAR LINEAR LINEAR LINEAR LINEAR LINEAR LINEAR LINEAR LINEAR LINEAR
LINEAR LINEAR LINEAR LINEAR LINEAR LINEAR LINEAR LINEAR LINEAR LINEAR LINEAR LINEAR
LINEAR LINEAR LINEAR LINEAR LINEAR LINEAR LINEAR LINEAR LINEAR LINEAR LINEAR LINEAR
LINEAR LINEAR LINEAR LINEAR LINEAR LINEAR LINEAR LINEAR LINEAR LINEAR LINEAR LINEAR
LINEAR LINEAR LINEAR LINEAR LINEAR LINEAR LINEAR LINEAR LINEAR LINEAR LINEAR LINEAR
LINEAR LINEAR LINEAR LINEAR LINEAR LINEAR LINEAR LINEAR LINEAR LINEAR LINEAR LINEAR
LINEAR LINEAR LINEAR LINEAR LINEAR LINEAR LINEAR LINEAR LINEAR LINEAR LINEAR LINEAR
LINEAR LINEAR LINEAR LINEAR LINEAR LINEAR LINEAR LINEAR LINEAR LINEAR LINEAR LINEAR
LINEAR LINEAR LINEAR LINEAR LINEAR LINEAR LINEAR LINEAR LINEAR LINEAR LINEAR LINEAR
LINEAR LINEAR LINEAR LINEAR LINEAR LINEAR LINEAR LINEAR LINEAR LINEAR LINEAR LINEAR
LINEAR LINEAR LINEAR LINEAR LINEAR LINEAR LINEAR LINEAR LINEAR LINEAR LINEAR LINEAR
LINEAR LINEAR LINEAR LINEAR LINEAR LINEAR LINEAR LINEAR LINEAR LINEAR LINEAR LINEAR
LINEAR LINEAR LINEAR LINEAR LINEAR LINEAR LINEAR LINEAR LINEAR LINEAR LINEAR LINEAR
LINEAR LINEAR LINEAR LINEAR LINEAR LINEAR LINEAR LINEAR LINEAR LINEAR LINEAR LINEAR
LINEAR LINEAR LINEAR LINEAR LINEAR LINEAR LINEAR LINEAR LINEAR LINEAR LINEAR LINEAR
LINEAR LINEAR LINEAR</Name_array>
        <technique_common>
          <accessor source="#mixamorig_Hips-Interpolations-array" count="206">
            <param type="name"/>
          </accessor>
        </technique_common>
      </source>
      <sampler id="mixamorig_Hips-Matrix-animation-transform">
        <input semantic="INPUT" source="#mixamorig_Hips-Matrix-animation-input"/>
        <input semantic="OUTPUT" source="#mixamorig_Hips-Matrix-animation-output-transform"/>
        <input semantic="INTERPOLATION" source="#mixamorig_Hips-Interpolations"/>
      </sampler>
      <channel source="#mixamorig_Hips-Matrix-animation-transform" target="mixamorig_Hips/matrix"/>
    </animation>
    <animation id="mixamorig_Spine-anim" name="mixamorig_Spine">
      <source id="mixamorig_Spine-Matrix-animation-input">
        <float_array id="mixamorig_Spine-Matrix-animation-input-array" count="206">

0.000000 0.033333 0.066667 0.100000 0.133333 0.166667 0.200000 0.233333 0.266667 0.300000 0.333333 0.366667 0.400000 0.433333 0.466667 0.500000
0.533333 0.566667 0.600000 0.633333 0.666667 0.700000 0.733333 0.766667 0.800000 0.833333 0.866667 0.900000 0.933333 0.966667 1.000000 1.033333
1.066667 1.100000 1.133333 1.166667 1.200000 1.233333 1.266667 1.300000 1.333333 1.366667 1.400000 1.433333 1.466667 1.500000 1.533333 1.566667
1.600000 1.633333 1.666667 1.700000 1.733333 1.766667 1.800000 1.833333 1.866667 1.900000 1.933333 1.966667 2.000000 2.033333 2.066667 2.100000
2.133333 2.166667 2.200000 2.233333 2.266667 2.300000 2.333333 2.366667 2.400000 2.433333 2.466667 2.500000 2.533333 2.566667 2.600000 2.633333
2.666667 2.700000 2.733333 2.766667 2.800000 2.833333 2.866667 2.900000 2.933333 2.966667 3.000000 3.033333 3.066667 3.100000 3.133333 3.166667
3.200000 3.233333 3.266667 3.300000 3.333333 3.366667 3.400000 3.433333 3.466667 3.500000 3.533333 3.566667 3.600000 3.633333 3.666667 3.700000
3.733333 3.766667 3.800000 3.833333 3.866667 3.900000 3.933333 3.966667 4.000000 4.033333 4.066667 4.100000 4.133333 4.166667 4.200000 4.233333
4.266667 4.300000 4.333333 4.366667 4.400000 4.433333 4.466667 4.500000 4.533333 4.566667 4.600000 4.633333 4.666667 4.700000 4.733333 4.766667
4.800000 4.833333 4.866667 4.900000 4.933333 4.966667 5.000000 5.033333 5.066667 5.100000 5.133333 5.166667 5.200000 5.233333 5.266667 5.300000
5.333333 5.366667 5.400000 5.433333 5.466667 5.500000 5.533333 5.566667 5.600000 5.633333 5.666667 5.700000 5.733333 5.766667 5.800000 5.833333
5.866667 5.900000 5.933333 5.966667 6.000000 6.033333 6.066667 6.100000 6.133333 6.166667 6.200000 6.233333 6.266667 6.300000 6.333333 6.366667
6.400000 6.433333 6.466667 6.500000 6.533333 6.566667 6.600000 6.633333 6.666667 6.700000 6.733333 6.766667 6.800000 6.833333</float_array>
        <technique_common>
          <accessor source="#mixamorig_Spine-Matrix-animation-input-array" count="206">
            <param name="TIME" type="float"/>
          </accessor>
        </technique_common>
      </source>
      <source id="mixamorig_Spine-Matrix-animation-output-transform">
        <float_array id="mixamorig_Spine-Matrix-animation-output-transform-array" count="3296">

0.997854 -0.005659 0.065227 0.000000 0.021370 0.969848 -0.242773 7.244500 -0.061886 0.243646 0.967888 0.633400 0.000000 0.000000 0.000000 1.000000
0.997864 -0.004916 0.065134 0.000000 0.020654 0.969747 -0.243236 7.244500 -0.061968 0.244061 0.967778 0.633400 0.000000 0.000000 0.000000 1.000000
0.997874 -0.004166 0.065041 0.000000 0.019934 0.969637 -0.243736 7.244500 -0.062051 0.244514 0.967658 0.633400 0.000000 0.000000 0.000000 1.000000
0.997889 -0.003409 0.064857 0.000000 0.019201 0.969465 -0.244476 7.244500 -0.062043 0.245205 0.967484 0.633400 0.000000 0.000000 0.000000 1.000000
0.997907 -0.002508 0.064619 0.000000 0.018359 0.969119 -0.245908 7.244500 -0.062007 0.246579 0.967137 0.633400 0.000000 0.000000 0.000000 1.000000
0.997925 -0.001611 0.064363 -0.000000 0.017522 0.968748 -0.247428 7.244500 -0.061953 0.248043 0.966766 0.633400 0.000000 0.000000 0.000000 1.000000
0.997943 -0.000727 0.064098 0.000000 0.016708 0.968323 -0.249141 7.244500 -0.061886 0.249700 0.966344 0.633400 0.000000 0.000000 0.000000 1.000000
0.997960 0.000110 0.063844 0.000000 0.015970 0.967774 -0.251313 7.244500 -0.061814 0.251820 0.965798 0.633400 0.000000 0.000000 0.000000 1.000000
