<?xml version="1.0" encoding="utf-8"?>
<COLLADA xmlns="http://www.collada.org/2005/11/COLLADASchema" version="1.4.1">
  <asset>
    <contributor>
      <author>Mixamo</author>
      <authoring_tool>COLLADA Mixamo exporter</authoring_tool>
      <comments/>
    </contributor>
    <created>2024-03-29T12:41:56Z</created>
    <modified>2024-03-29T12:41:56Z</modified>
    <revision/>
    <title/>
    <unit meter="0.010000"/>
    <up_axis>Y_UP</up_axis>
  </asset>
  <library_animations>
    <animation id="mixamorig_Hips-anim" name="mixamorig_Hips">
      <source id="mixamorig_Hips-Matrix-animation-input">
        <float_array id="mixamorig_Hips-Matrix-animation-input-array" count="78">

0.000000 0.033333 0.066667 0.100000 0.133333 0.166667 0.200000 0.233333 0.266667 0.300000 0.333333 0.366667 0.400000 0.433333 0.466667 0.500000
0.533333 0.566667 0.600000 0.633333 0.666667 0.700000 0.733333 0.766667 0.800000 0.833333 0.866667 0.900000 0.933333 0.966667 1.000000 1.033333
1.066667 1.100000 1.133333 1.166667 1.200000 1.233333 1.266667 1.300000 1.333333 1.366667 1.400000 1.433333 1.466667 1.500000 1.533333 1.566667
1.600000 1.633333 1.666667 1.700000 1.733333 1.766667 1.800000 1.833333 1.866667 1.900000 1.933333 1.966667 2.000000 2.033333 2.066667 2.100000
2.133333 2.166667 2.200000 2.233333 2.266667 2.300000 2.333333 2.366667 2.400000 2.433333 2.466667 2.500000 2.533333 2.566667</float_array>
        <technique_common>
          <accessor source="#mixamorig_Hips-Matrix-animation-input-array" count="78">
            <param name="TIME" type="float"/>
          </accessor>
        </technique_common>
      </source>
      <source id="mixamorig_Hips-Matrix-animation-output-transform">
        <float_array id="mixamorig_Hips-Matrix-animation-output-transform-array" count="1248">

0.984567 -0.103558 0.141080 -0.235976 0.132102 0.968522 -0.210982 46.478249 -0.114790 0.226363 0.967255 -0.449524 0.000000 0.000000 0.000000 1.000000
0.984293 -0.104324 0.142424 -0.234586 0.132994 0.968712 -0.209549 46.469357 -0.116107 0.225199 0.967370 -0.459187 0.000000 0.000000 0.000000 1.000000
0.983893 -0.105764 0.144114 -0.215652 0.134530 0.968974 -0.207344 46.455254 -0.117713 0.223392 0.967595 -0.469188 0.000000 0.000000 0.000000 1.000000
0.983429 -0.107690 0.145844 -0.164187 0.136466 0.969316 -0.204460 46.433975 -0.119350 0.220975 0.967949 -0.478157 0.000000 0.000000 0.000000 1.000000
0.983063 -0.109371 0.147054 -0.068825 0.138015 0.969738 -0.201394 46.398697 -0.120577 0.218279 0.968409 -0.485000 0.000000 0.000000 0.000000 1.000000
0.983136 -0.109389 0.146554 0.072150 0.137697 0.970158 -0.199583 46.336578 -0.120348 0.216398 0.968859 -0.489102 0.000000 0.000000 0.000000 1.000000
0.983640 -0.107710 0.144395 0.268898 0.135449 0.970668 -0.198637 46.236126 -0.118764 0.214946 0.969378 -0.489641 0.000000 0.000000 0.000000 1.000000
0.984501 -0.104286 0.141002 0.535125 0.131340 0.971215 -0.198725 46.096710 -0.116219 0.214165 0.969859 -0.483079 0.000000 0.000000 0.000000 1.000000
0.985469 -0.099933 0.137348 0.890151 0.126300 0.971801 -0.199125 45.939323 -0.113576 0.213578 0.970301 -0.466912 0.000000 0.000000 0.000000 1.000000
0.986226 -0.096387 0.134419 1.351840 0.121970 0.972706 -0.197397 45.817108 -0.111724 0.211074 0.971064 -0.435597 0.000000 0.000000 0.000000 1.000000
0.986471 -0.095782 0.133047 1.930173 0.120128 0.974589 -0.189064 45.816429 -0.111557 0.202488 0.972910 -0.374293 0.000000 0.000000 0.000000 1.000000
0.985971 -0.099740 0.133843 2.623647 0.122084 0.977722 -0.170747 46.035110 -0.113831 0.184692 0.976182 -0.258331 0.000000 0.000000 0.000000 1.000000
0.984744 -0.107829 0.136576 3.413482 0.127580 0.981134 -0.145257 46.533375 -0.118336 0.160465 0.979922 -0.067355 0.000000 0.000000 0.000000 1.000000
0.983199 -0.117305 0.139855 4.260061 0.134324 0.983744 -0.119187 47.312405 -0.123600 0.135970 0.982973 0.193184 0.000000 0.000000 0.000000 1.000000
0.981962 -0.124356 0.142428 5.114669 0.139050 0.985393 -0.098316 48.333733 -0.128122 0.116347 0.984910 0.497412 0.000000 0.000000 0.000000 1.000000
0.981509 -0.126361 0.143778 5.938131 0.139457 0.986578 -0.084948 49.550949 -0.131114 0.103428 0.985957 0.823379 0.000000 0.000000 0.000000 1.000000
0.981858 -0.123529 0.143862 6.671199 0.135628 0.987721 -0.077542 50.978111 -0.132516 0.095647 0.986555 1.136515 0.000000 0.000000 0.000000 1.000000
0.983174 -0.116414 0.140769 7.467937 0.127587 0.989129 -0.073108 52.484104 -0.130728 0.089839 0.987339 1.520894 0.000000 0.000000 0.000000 1.000000
0.985159 -0.106635 0.134502 8.252632 0.116668 0.990769 -0.069038 54.183781 -0.125899 0.083706 0.988505 1.862307 0.000000 0.000000 0.000000 1.000000
0.987646 -0.094622 0.124908 9.048820 0.103300 0.992530 -0.064917 56.064358 -0.117833 0.077018 0.990042 2.171314 0.000000 0.000000 0.000000 1.000000
0.990283 -0.080827 0.113169 9.869404 0.088208 0.994183 -0.061809 58.076122 -0.107515 0.071191 0.991651 2.480896 0.000000 0.000000 0.000000 1.000000
0.992724 -0.066289 0.100518 10.716410 0.072630 0.995505 -0.060787 60.157772 -0.096036 0.067645 0.993077 2.825603 0.000000 0.000000 0.000000 1.000000
0.994816 -0.052321 0.087198 11.584391 0.057858 0.996383 -0.062239 62.260414 -0.083627 0.066961 0.994245 3.225346 0.000000 0.000000 0.000000 1.000000
0.996538 -0.039901 0.072937 12.478679 0.044731 0.996827 -0.065838 64.345673 -0.070078 0.068873 0.995161 3.690598 0.000000 0.000000 0.000000 1.000000
0.997910 -0.029027 0.057731 13.419110 0.033109 0.996922 -0.071060 66.413101 -0.055491 0.072823 0.995800 4.238507 0.000000 0.000000 0.000000 1.000000
0.998949 -0.019119 0.041667 14.410685 0.022323 0.996716 -0.077844 68.481163 -0.040042 0.078692 0.996094 4.886643 0.000000 0.000000 0.000000 1.000000
0.999652 -0.008888 0.024846 15.455265 0.011000 0.996217 -0.086198 70.551201 -0.023986 0.086441 0.995968 5.652000 0.000000 0.000000 0.000000 1.000000
0.999976 0.002060 0.006541 16.558987 -0.001425 0.995420 -0.095584 72.636398 -0.006707 0.095572 0.995400 6.549351 0.000000 0.000000 0.000000 1.000000
0.999808 0.013271 -0.014444 17.724775 -0.014718 0.994344 -0.105184 74.745079 0.012966 0.105376 0.994348 7.583456 0.000000 0.000000 0.000000 1.000000
0.998962 0.024294 -0.038544 18.932976 -0.028571 0.993000 -0.114603 76.857422 0.035490 0.115585 0.992663 8.727670 0.000000 0.000000 0.000000 1.000000
0.997261 0.034477 -0.065431 20.146248 -0.042426 0.991341 -0.124274 78.934540 0.060579 0.126709 0.990088 9.931960 0.000000 0.000000 0.000000 1.000000
0.994573 0.043087 -0.094703 21.326326 -0.055715 0.989274 -0.135026 80.911186 0.087870 0.139570 0.986306 11.143339 0.000000 0.000000 0.000000 1.000000
0.990757 0.049782 -0.126187 22.447691 -0.068271 0.986819 -0.146720 82.744423 0.117220 0.153979 0.981096 12.316626 0.000000 0.000000 0.000000 1.000000
0.985662 0.054800 -0.159582 23.499344 -0.080197 0.984283 -0.157339 84.461456 0.148452 0.167881 0.974566 13.414532 0.000000 0.000000 0.000000 1.000000
0.979160 0.059420 -0.194203 24.503714 -0.092225 0.982053 -0.164519 86.095520 0.180942 0.179001 0.967067 14.437948 0.000000 0.000000 0.000000 1.000000
0.971405 0.064193 -0.228587 25.475576 -0.104181 0.980367 -0.167414 87.673149 0.213352 0.186441 0.959021 15.407993 0.000000 0.000000 0.000000 1.000000
0.962878 0.068545 -0.261088 26.397997 -0.114874 0.979320 -0.166540 89.188622 0.244273 0.190350 0.950840 16.337538 0.000000 0.000000 0.000000 1.000000
0.954116 0.071520 -0.290769 27.237873 -0.122944 0.978999 -0.162619 90.607979 0.273032 0.190906 0.942872 17.222935 0.000000 0.000000 0.000000 1.000000
0.945429 0.072922 -0.317564 27.981226 -0.127950 0.979432 -0.156018 91.902122 0.299655 0.188136 0.935314 18.061876 0.000000 0.000000 0.000000 1.000000
0.936923 0.073215 -0.341782 28.627131 -0.130326 0.980479 -0.147227 93.047302 0.324330 0.182484 0.928175 18.844660 0.000000 0.000000 0.000000 1.000000
0.928617 0.073016 -0.363784 29.177670 -0.130915 0.981867 -0.137107 94.029930 0.347177 0.174944 0.921338 19.554756 0.000000 0.000000 0.000000 1.000000
0.920549 0.072764 -0.383790 29.633030 -0.130462 0.983352 -0.126486 94.856926 0.368197 0.166506 0.914717 20.176779 0.000000 0.000000 0.000000 1.000000
0.912969 0.072478 -0.401539 29.992561 -0.129231 0.984798 -0.116073 95.554817 0.387022 0.157862 0.908457 20.701559 0.000000 0.000000 0.000000 1.000000
0.906360 0.072158 -0.416298 30.257566 -0.127377 0.986132 -0.106394 96.149284 0.402848 0.149458 0.902982 21.127213 0.000000 0.000000 0.000000 1.000000
0.901167 0.071893 -0.427469 30.431280 -0.125127 0.987315 -0.097737 96.649651 0.415020 0.141566 0.898731 21.460327 0.000000 0.000000 0.000000 1.000000
0.897554 0.071621 -0.435048 30.518469 -0.122720 0.988308 -0.090482 97.064766 0.423480 0.134602 0.895850 21.708845 0.000000 0.000000 0.000000 1.000000
0.895354 0.071476 -0.439581 30.523735 -0.120693 0.989043 -0.085013 97.406448 0.428688 0.129171 0.894171 21.878483 0.000000 0.000000 0.000000 1.000000
0.894223 0.071367 -0.441895 30.447901 -0.119123 0.989550 -0.081246 97.695778 0.431479 0.125292 0.893380 21.974363 0.000000 0.000000 0.000000 1.000000
0.893783 0.070796 -0.442877 30.289049 -0.117467 0.989944 -0.078816 97.954010 0.432843 0.122468 0.893112 22.005781 0.000000 0.000000 0.000000 1.000000
0.893639 0.069486 -0.443375 30.046196 -0.115542 0.990260 -0.077684 98.186989 0.433658 0.120650 0.892964 21.985228 0.000000 0.000000 0.000000 1.000000
0.893600 0.067473 -0.443764 29.720007 -0.113277 0.990536 -0.077498 98.381744 0.434335 0.119520 0.892786 21.924610 0.000000 0.000000 0.000000 1.000000
0.893839 0.064391 -0.443741 29.305527 -0.109748 0.990951 -0.077272 98.532753 0.434750 0.117769 0.892817 21.834501 0.000000 0.000000 0.000000 1.000000
0.894582 0.059702 -0.442898 28.797974 -0.104065 0.991622 -0.076525 98.634171 0.434618 0.114548 0.893300 21.728525 0.000000 0.000000 0.000000 1.000000
0.895906 0.052302 -0.441154 28.197924 -0.094949 0.992642 -0.075141 98.726196 0.433978 0.109207 0.894280 21.603943 0.000000 0.000000 0.000000 1.000000
0.897530 0.041913 -0.438958 27.526485 -0.082256 0.993913 -0.073286 98.808762 0.433214 0.101883 0.895514 21.456882 0.000000 0.000000 0.000000 1.000000
0.898908 0.029962 -0.437112 26.831434 -0.067871 0.995139 -0.071364 98.884201 0.432849 0.093817 0.896571 21.303011 0.000000 0.000000 0.000000 1.000000
0.899693 0.018652 -0.436125 26.144896 -0.054344 0.996100 -0.069506 98.966415 0.433128 0.086235 0.897198 21.134905 0.000000 0.000000 0.000000 1.000000
0.900036 0.009584 -0.435711 25.473387 -0.043219 0.996793 -0.067352 99.040657 0.433668 0.079450 0.897563 20.935234 0.000000 0.000000 0.000000 1.000000
0.900521 0.003918 -0.434794 24.838737 -0.035419 0.997297 -0.064372 99.118553 0.433367 0.073369 0.898226 20.717434 0.000000 0.000000 0.000000 1.000000
0.901817 0.001848 -0.432114 24.239187 -0.030902 0.997706 -0.060225 99.213776 0.431012 0.067665 0.899806 20.480776 0.000000 0.000000 0.000000 1.000000
0.904216 0.002088 -0.427069 23.666149 -0.028276 0.998087 -0.054988 99.307419 0.426137 0.061797 0.902545 20.231297 0.000000 0.000000 0.000000 1.000000
0.907438 0.003082 -0.420174 23.109943 -0.026162 0.998447 -0.049178 99.380287 0.419370 0.055619 0.906110 19.979752 0.000000 0.000000 0.000000 1.000000
0.910786 0.003540 -0.412864 22.571455 -0.023691 0.998764 -0.043700 99.425354 0.412198 0.049583 0.909744 19.741938 0.000000 0.000000 0.000000 1.000000
0.913524 0.003238 -0.406773 22.072905 -0.021284 0.998979 -0.039847 99.439339 0.406229 0.045059 0.912660 19.533035 0.000000 0.000000 0.000000 1.000000
0.915301 0.002218 -0.402764 21.619469 -0.019253 0.999083 -0.038252 99.445572 0.402309 0.042767 0.914504 19.354443 0.000000 0.000000 0.000000 1.000000
0.916217 0.001144 -0.400680 21.225403 -0.018021 0.999102 -0.038354 99.450409 0.400277 0.042361 0.915415 19.217012 0.000000 0.000000 0.000000 1.000000
0.916647 -0.000020 -0.399698 20.879450 -0.017112 0.999081 -0.039294 99.461807 0.399331 0.042859 0.915804 19.117102 0.000000 0.000000 0.000000 1.000000
0.917061 -0.001309 -0.398744 20.573059 -0.016186 0.999048 -0.040506 99.479164 0.398417 0.043600 0.916167 19.053612 0.000000 0.000000 0.000000 1.000000
0.917793 -0.002632 -0.397051 20.302856 -0.015198 0.999012 -0.041752 99.497086 0.396768 0.044354 0.916847 19.026915 0.000000 0.000000 0.000000 1.000000
0.918879 -0.003868 -0.394521 20.066973 -0.014268 0.998972 -0.043026 99.512375 0.394281 0.045164 0.917879 19.035660 0.000000 0.000000 0.000000 1.000000
0.920128 -0.004892 -0.391587 19.864508 -0.013551 0.998925 -0.044320 99.524544 0.391384 0.046086 0.919073 19.077520 0.000000 0.000000 0.000000 1.000000
0.921263 -0.005624 -0.388900 19.693684 -0.013082 0.998882 -0.045434 99.537666 0.388720 0.046944 0.920159 19.149525 0.000000 0.000000 0.000000 1.000000
0.922065 -0.006057 -0.386987 19.550165 -0.012805 0.998853 -0.046144 99.555450 0.386823 0.047503 0.920930 19.246346 0.000000 0.000000 0.000000 1.000000
0.922468 -0.006227 -0.386023 19.428650 -0.012707 0.998839 -0.046477 99.578186 0.385864 0.047779 0.921317 19.362389 0.000000 0.000000 0.000000 1.000000
0.922496 -0.006180 -0.385957 19.326918 -0.012785 0.998834 -0.046550 99.602684 0.385794 0.047876 0.921342 19.491415 0.000000 0.000000 0.000000 1.000000
0.922215 -0.006055 -0.386629 19.243675 -0.012947 0.998833 -0.046525 99.623970 0.386460 0.047911 0.921061 19.624796 0.000000 0.000000 0.000000 1.000000
0.921745 -0.005995 -0.387750 19.179169 -0.013075 0.998832 -0.046523 99.638779 0.387576 0.047952 0.920590 19.753607 0.000000 0.000000 0.000000 1.000000
0.921244 -0.005973 -0.388940 19.132828 -0.013125 0.998835 -0.046429 99.647156 0.388764 0.047877 0.920092 19.870995 0.000000 0.000000 0.000000 1.000000</float_array>
        <technique_common>
          <accessor source="#mixamorig_Hips-Matrix-animation-output-transform-array" count="78" stride="16">
            <param type="float4x4"/>
          </accessor>
        </technique_common>
      </source>
      <source id="mixamorig_Hips-Interpolations">
        <Name_array id="mixamorig_Hips-Interpolations-array" count="78">
 LINEAR LINEAR LINEAR LINEAR LINEAR LINEAR LINEAR LINEAR LINEAR LINEAR LINEAR
LINEAR LINEAR LINEAR LINEAR LINEAR LINEAR LINEAR LINEAR LINEAR LINEAR LINEAR LINEAR
LINEAR LINEAR LINEAR LINEAR LINEAR LINEAR LINEAR LINEAR LINEAR LINEAR LINEAR LINEAR
LINEAR LINEAR LINEAR LINEAR LINEAR LINEAR LINEAR LINEAR LINEAR LINEAR LINEAR LINEAR
LINEAR LINEAR LINEAR LINEAR LINEAR LINEAR LINEAR LINEAR LINEAR LINEAR LINEAR LINEAR
LINEAR LINEAR LINEAR LINEAR LINEAR LINEAR LINEAR LINEAR LINEAR LINEAR LINEAR LINEAR
LINEAR LINEAR LINEAR LINEAR LINEAR LINEAR LINEAR</Name_array>
        <technique_common>
          <accessor source="#mixamorig_Hips-Interpolations-array" count="78">
            <param type="name"/>
          </accessor>
        </technique_common>
      </source>
      <sampler id="mixamorig_Hips-Matrix-animation-transform">
        <input semantic="INPUT" source="#mixamorig_Hips-Matrix-animation-input"/>
        <input semantic="OUTPUT" source="#mixamorig_Hips-Matrix-animation-output-transform"/>
        <input semantic="INTERPOLATION" source="#mixamorig_Hips-Interpolations"/>
      </sampler>
      <channel source="#mixamorig_Hips-Matrix-animation-transform" target="mixamorig_Hips/matrix"/>
    </animation>
    <animation id="mixamorig_Spine-anim" name="mixamorig_Spine">
      <source id="mixamorig_Spine-Matrix-animation-input">
        <float_array id="mixamorig_Spine-Matrix-animation-input-array" count="78">

0.000000 0.033333 0.066667 0.100000 0.133333 0.166667 0.200000 0.233333 0.266667 0.300000 0.333333 0.366667 0.400000 0.433333 0.466667 0.500000
0.533333 0.566667 0.600000 0.633333 0.666667 0.700000 0.733333 0.766667 0.800000 0.833333 0.866667 0.900000 0.933333 0.966667 1.000000 1.033333
1.066667 1.100000 1.133333 1.166667 1.200000 1.233333 1.266667 1.300000 1.333333 1.366667 1.400000 1.433333 1.466667 1.500000 1.533333 1.566667
1.600000 1.633333 1.666667 1.700000 1.733333 1.766667 1.800000 1.833333 1.866667 1.900000 1.933333 1.966667 2.000000 2.033333 2.066667 2.100000
2.133333 2.166667 2.200000 2.233333 2.266667 2.300000 2.333333 2.366667 2.400000 2.433333 2.466667 2.500000 2.533333 2.566667</float_array>
        <technique_common>
          <accessor source="#mixamorig_Spine-Matrix-animation-input-array" count="78">
            <param name="TIME" type="float"/>
          </accessor>
        </technique_common>
      </source>
      <source id="mixamorig_Spine-Matrix-animation-output-transform">
        <float_array id="mixamorig_Spine-Matrix-animation-output-transform-array" count="1248">

0.999962 -0.008538 -0.001755 -0.000000 0.008194 0.989413 -0.144895 14.652500 0.002973 0.144875 0.989446 0.432500 0.000000 0.000000 0.000000 1.000000
0.999962 -0.008510 -0.001862 0.000000 0.008149 0.989352 -0.145317 14.652500 0.003079 0.145297 0.989383 0.432500 0.000000 0.000000 0.000000 1.000000
0.999963 -0.008348 -0.002282 0.000000 0.007925 0.989212 -0.146278 14.652500 0.003479 0.146254 0.989241 0.432500 0.000000 0.000000 0.000000 1.000000
0.999961 -0.008444 -0.002486 0.000000 0.007987 0.989082 -0.147152 14.652500 0.003701 0.147126 0.989111 0.432500 0.000000 0.000000 0.000000 1.000000
0.999959 -0.008664 -0.002713 -0.000000 0.008167 0.988937 -0.148110 14.652500 0.003966 0.148082 0.988967 0.432500 0.000000 0.000000 0.000000 1.000000
0.999957 -0.008868 -0.002789 0.000000 0.008354 0.988823 -0.148858 14.652500 0.004078 0.148828 0.988855 0.432500 0.000000 0.000000 0.000000 1.000000
0.999956 -0.008956 -0.002799 -0.000000 0.008438 0.988753 -0.149320 14.652500 0.004104 0.149289 0.988785 0.432500 0.000000 0.000000 0.000000 1.000000
0.999959 -0.008622 -0.002737 0.000000 0.008117 0.988757 -0.149310 14.652500 0.003993 0.149282 0.988787 0.432500 0.000000 0.000000 0.000000 1.000000
0.999968 -0.007545 -0.002713 0.000000 0.007058 0.988844 -0.148789 14.652500 0.003805 0.148765 0.988865 0.432500 0.000000 0.000000 0.000000 1.000000
0.999980 -0.005473 -0.003007 0.000000 0.004968 0.988966 -0.148058 14.652500 0.003784 0.148040 0.988974 0.432500 0.000000 0.000000 0.000000 1.000000
0.999989 -0.002277 -0.004034 -0.000000 0.001655 0.988998 -0.147917 14.652500 0.004326 0.147909 0.988991 0.432500 0.000000 0.000000 0.000000 1.000000
0.999978 0.002063 -0.006225 0.000000 -0.002968 0.988820 -0.149085 14.652500 0.005848 0.149100 0.988805 0.432500 0.000000 0.000000 0.000000 1.000000
0.999924 0.007711 -0.009588 -0.000000 -0.009072 0.988467 -0.151163 14.652500 0.008312 0.151238 0.988462 0.432500 0.000000 0.000000 0.000000 1.000000
0.999800 0.014776 -0.013479 0.000000 -0.016667 0.988075 -0.153069 14.652500 0.011057 0.153263 0.988124 0.432500 0.000000 0.000000 0.000000 1.000000
0.999593 0.022899 -0.017001 0.000000 -0.025246 0.987762 -0.153911 14.652500 0.013268 0.154278 0.987938 0.432500 0.000000 0.000000 0.000000 1.000000
0.999317 0.031388 -0.019483 -0.000000 -0.034011 0.987574 -0.153429 14.652500 0.014425 0.153987 0.987968 0.432500 0.000000 0.000000 0.000000 1.000000
0.998991 0.039637 -0.021099 0.000000 -0.042391 0.987461 -0.152064 14.652500 0.014807 0.152805 0.988145 0.432500 0.000000 0.000000 0.000000 1.000000
0.998707 0.046373 -0.020841 0.000000 -0.048991 0.987373 -0.150648 14.652500 0.013592 0.151474 0.988368 0.432500 0.000000 0.000000 0.000000 1.000000
0.998476 0.051406 -0.020061 -0.000000 -0.053836 0.987264 -0.149707 14.652500 0.012110 0.150559 0.988527 0.432500 0.000000 0.000000 0.000000 1.000000
0.998325 0.054723 -0.018766 0.000000 -0.056917 0.987150 -0.149318 14.652500 0.010354 0.150136 0.988611 0.432500 0.000000 0.000000 0.000000 1.000000
0.998251 0.056607 -0.017036 0.000000 -0.058518 0.987088 -0.149108 14.652500 0.008376 0.149844 0.988674 0.432500 0.000000 0.000000 0.000000 1.000000
0.998228 0.057559 -0.015107 0.000000 -0.059168 0.987119 -0.148647 14.652500 0.006357 0.149278 0.988775 0.432500 0.000000 0.000000 0.000000 1.000000
0.998207 0.058408 -0.013066 0.000000 -0.059699 0.987229 -0.147698 14.652500 0.004273 0.148214 0.988946 0.432500 0.000000 0.000000 0.000000 1.000000
0.998152 0.059786 -0.010858 0.000000 -0.060732 0.987390 -0.146191 14.652500 0.001980 0.146581 0.989197 0.432500 0.000000 0.000000 0.000000 1.000000
0.998068 0.061532 -0.008591 0.000000 -0.062128 0.987623 -0.144015 14.652500 -0.000377 0.144270 0.989538 0.432500 0.000000 0.000000 0.000000 1.000000
0.997938 0.063899 -0.006124 0.000000 -0.064123 0.987917 -0.141099 14.652500 -0.002966 0.141201 0.989977 0.432500 0.000000 0.000000 0.000000 1.000000
0.997806 0.066109 -0.003578 0.000000 -0.065973 0.988321 -0.137368 14.652500 -0.005545 0.137302 0.990514 0.432500 0.000000 0.000000 0.000000 1.000000
0.997714 0.067567 -0.000928 -0.000000 -0.067091 0.988867 -0.132816 14.652500 -0.008056 0.132575 0.991140 0.432500 0.000000 0.000000 0.000000 1.000000
0.997659 0.068356 0.002089 0.000000 -0.067532 0.989530 -0.127555 14.652500 -0.010786 0.127116 0.991829 0.432500 0.000000 0.000000 0.000000 1.000000
0.997640 0.068450 0.005410 0.000000 -0.067285 0.990287 -0.121675 14.652500 -0.013686 0.121024 0.992555 0.432500 0.000000 0.000000 0.000000 1.000000
0.997643 0.068063 0.008703 -0.000000 -0.066613 0.991109 -0.115178 14.652500 -0.016465 0.114327 0.993307 0.432500 0.000000 0.000000 0.000000 1.000000
0.997665 0.067292 0.011650 -0.000000 -0.065647 0.991976 -0.108045 14.652500 -0.018827 0.107028 0.994078 0.432500 0.000000 0.000000 0.000000 1.000000
0.997728 0.065874 0.014100 -0.000000 -0.064133 0.992868 -0.100502 14.652500 -0.020620 0.099369 0.994837 0.432500 0.000000 0.000000 0.000000 1.000000
0.997826 0.063933 0.016019 0.000000 -0.062172 0.993700 -0.093243 14.652500 -0.021880 0.092044 0.995514 0.432500 0.000000 0.000000 0.000000 1.000000
0.997969 0.061205 0.017631 -0.000000 -0.059451 0.994433 -0.086994 14.652500 -0.022857 0.085769 0.996053 0.432500 0.000000 0.000000 0.000000 1.000000
0.998155 0.057666 0.018997 0.000000 -0.055926 0.995061 -0.082013 14.652500 -0.023633 0.080800 0.996450 0.432500 0.000000 0.000000 0.000000 1.000000
0.998354 0.053741 0.020033 -0.000000 -0.052024 0.995583 -0.078151 14.652500 -0.024144 0.076980 0.996740 0.432500 0.000000 0.000000 0.000000 1.000000
0.998524 0.050209 0.020695 0.000000 -0.048524 0.995990 -0.075159 14.652500 -0.024386 0.074044 0.996957 0.432500 0.000000 0.000000 0.000000 1.000000
0.998649 0.047530 0.020988 0.000000 -0.045886 0.996288 -0.072840 14.652500 -0.024372 0.071778 0.997123 0.432500 0.000000 0.000000 0.000000 1.000000
0.998742 0.045595 0.020878 0.000000 -0.044008 0.996502 -0.071046 14.652500 -0.024045 0.070038 0.997255 0.432500 0.000000 0.000000 0.000000 1.000000
0.998824 0.043979 0.020385 -0.000000 -0.042463 0.996669 -0.069632 14.652500 -0.023380 0.068684 0.997364 0.432500 0.000000 0.000000 0.000000 1.000000
0.998908 0.042399 0.019603 -0.000000 -0.040966 0.996810 -0.068495 14.652500 -0.022444 0.067617 0.997459 0.432500 0.000000 0.000000 0.000000 1.000000
0.998993 0.040839 0.018570 0.000000 -0.039499 0.996933 -0.067554 14.652500 -0.021272 0.066753 0.997543 0.432500 0.000000 0.000000 0.000000 1.000000
0.999079 0.039290 0.017267 0.000000 -0.038057 0.997045 -0.066735 14.652500 -0.019838 0.066017 0.997621 0.432500 0.000000 0.000000 0.000000 1.000000
0.999168 0.037650 0.015692 0.000000 -0.036537 0.997149 -0.066021 14.652500 -0.018133 0.065393 0.997695 0.432500 0.000000 0.000000 0.000000 1.000000
0.999256 0.035949 0.013947 0.000000 -0.034965 0.997250 -0.065345 14.652500 -0.016257 0.064809 0.997765 0.432500 0.000000 0.000000 0.000000 1.000000
0.999338 0.034275 0.012237 0.000000 -0.033417 0.997356 -0.064525 14.652500 -0.014416 0.064073 0.997841 0.432500 0.000000 0.000000 0.000000 1.000000
0.999404 0.032793 0.010766 0.000000 -0.032046 0.997473 -0.063408 14.652500 -0.012818 0.063025 0.997930 0.432500 0.000000 0.000000 0.000000 1.000000
0.999451 0.031684 0.009657 0.000000 -0.031027 0.997598 -0.061925 14.652500 -0.011596 0.061591 0.998034 0.432500 0.000000 0.000000 0.000000 1.000000
0.999482 0.030922 0.008933 0.000000 -0.030331 0.997738 -0.059988 14.652500 -0.010768 0.059685 0.998159 0.432500 0.000000 0.000000 0.000000 1.000000
0.999505 0.030304 0.008464 0.000000 -0.029767 0.997894 -0.057640 14.652500 -0.010193 0.057360 0.998302 0.432500 0.000000 0.000000 0.000000 1.000000
0.999520 0.029921 0.008034 0.000000 -0.029435 0.998052 -0.055013 14.652500 -0.009664 0.054751 0.998453 0.432500 0.000000 0.000000 0.000000 1.000000
0.999532 0.029654 0.007527 0.000000 -0.029222 0.998210 -0.052180 14.652500 -0.009061 0.051936 0.998609 0.432500 0.000000 0.000000 0.000000 1.000000
0.999523 0.030119 0.006882 0.000000 -0.029745 0.998347 -0.049176 14.652500 -0.008352 0.048948 0.998766 0.432500 0.000000 0.000000 0.000000 1.000000
0.999489 0.031361 0.006203 -0.000000 -0.031043 0.998458 -0.046026 14.652500 -0.007637 0.045810 0.998921 0.432500 0.000000 0.000000 0.000000 1.000000
0.999456 0.032476 0.005728 0.000000 -0.032202 0.998565 -0.042790 14.652500 -0.007109 0.042583 0.999068 0.432500 0.000000 0.000000 0.000000 1.000000
0.999453 0.032590 0.005554 -0.000000 -0.032346 0.998693 -0.039584 14.652500 -0.006837 0.039383 0.999201 0.432500 0.000000 0.000000 0.000000 1.000000
0.999483 0.031672 0.005523 -0.000000 -0.031449 0.998834 -0.036627 14.652500 -0.006677 0.036434 0.999314 0.432500 0.000000 0.000000 0.000000 1.000000
0.999543 0.029753 0.005385 0.000000 -0.029553 0.998980 -0.034137 14.652500 -0.006395 0.033962 0.999403 0.432500 0.000000 0.000000 0.000000 1.000000
0.999634 0.026621 0.004894 0.000000 -0.026450 0.999131 -0.032202 14.652500 -0.005747 0.032061 0.999469 0.432500 0.000000 0.000000 0.000000 1.000000
0.999732 0.022819 0.003950 -0.000000 -0.022687 0.999268 -0.030801 14.652500 -0.004650 0.030704 0.999518 0.432500 0.000000 0.000000 0.000000 1.000000
0.999817 0.018930 0.002717 0.000000 -0.018841 0.999379 -0.029786 14.652500 -0.003280 0.029730 0.999553 0.432500 0.000000 0.000000 0.000000 1.000000
0.999878 0.015570 0.001561 0.000000 -0.015518 0.999463 -0.028856 14.652500 -0.002010 0.028828 0.999582 0.432500 0.000000 0.000000 0.000000 1.000000
0.999921 0.012521 0.000866 0.000000 -0.012492 0.999541 -0.027588 14.652500 -0.001211 0.027575 0.999619 0.432500 0.000000 0.000000 0.000000 1.000000
0.999950 0.009981 0.000813 -0.000000 -0.009957 0.999619 -0.025738 14.652500 -0.001069 0.025729 0.999668 0.432500 0.000000 0.000000 0.000000 1.000000
0.999970 0.007588 0.001280 0.000000 -0.007556 0.999698 -0.023400 14.652500 -0.001457 0.023389 0.999725 0.432500 0.000000 0.000000 0.000000 1.000000
0.999981 0.005769 0.001944 0.000000 -0.005727 0.999767 -0.020807 14.652500 -0.002063 0.020795 0.999782 0.432500 0.000000 0.000000 0.000000 1.000000
0.999987 0.004457 0.002461 0.000000 -0.004412 0.999825 -0.018183 14.652500 -0.002542 0.018172 0.999832 0.432500 0.000000 0.000000 0.000000 1.000000
0.999991 0.003296 0.002611 -0.000000 -0.003254 0.999872 -0.015685 14.652500 -0.002662 0.015676 0.999874 0.432500 0.000000 0.000000 0.000000 1.000000
0.999995 0.002031 0.002356 0.000000 -0.001999 0.999908 -0.013381 14.652500 -0.002383 0.013376 0.999908 0.432500 0.000000 0.000000 0.000000 1.000000
0.999998 0.000607 0.001818 0.000000 -0.000586 0.999936 -0.011292 14.652500 -0.001825 0.011291 0.999935 0.432500 0.000000 0.000000 0.000000 1.000000
0.999999 -0.000876 0.001162 0.000000 0.000887 0.999955 -0.009449 14.652500 -0.001154 0.009450 0.999955 0.432500 0.000000 0.000000 0.000000 1.000000
0.999997 -0.002306 0.000557 0.000000 0.002310 0.999967 -0.007850 14.652500 -0.000539 0.007851 0.999969 0.432500 0.000000 0.000000 0.000000 1.000000
0.999994 -0.003599 0.000128 0.000000 0.003600 0.999973 -0.006429 14.652500 -0.000104 0.006429 0.999979 0.432500 0.000000 0.000000 0.000000 1.000000
0.999989 -0.004668 -0.000077 0.000000 0.004668 0.999976 -0.005132 14.652500 0.000101 0.005132 0.999987 0.432500 0.000000 0.000000 0.000000 1.000000
0.999985 -0.005441 -0.000073 0.000000 0.005440 0.999977 -0.003952 14.652500 0.000095 0.003951 0.999992 0.432500 0.000000 0.000000 0.000000 1.000000
0.999983 -0.005905 0.000091 -0.000000 0.005906 0.999978 -0.002920 14.652500 -0.000073 0.002921 0.999996 0.432500 0.000000 0.000000 0.000000 1.000000
0.999981 -0.006154 0.000333 -0.000000 0.006154 0.999979 -0.002116 14.652500 -0.000320 0.002118 0.999998 0.432500 0.000000 0.000000 0.000000 1.000000</float_array>
        <technique_common>
          <accessor source="#mixamorig_Spine-Matrix-animation-output-transform-array" count="78" stride="16">
            <param type="float4x4"/>
          </accessor>
        </technique_common>
      </source>
      <source id="mixamorig_Spine-Interpolations">
        <Name_array id="mixamorig_Spine-Interpolations-array" count="78">
 LINEAR LINEAR LINEAR LINEAR LINEAR LINEAR LINEAR LINEAR LINEAR LINEAR LINEAR
LINEAR LINEAR LINEAR LINEAR LINEAR LINEAR LINEAR LINEAR LINEAR LINEAR LINEAR LINEAR
LINEAR LINEAR LINEAR LINEAR LINEAR LINEAR LINEAR LINEAR LINEAR LINEAR LINEAR LINEAR
LINEAR LINEAR LINEAR LINEAR LINEAR LINEAR LINEAR LINEAR LINEAR LINEAR LINEAR LINEAR
LINEAR LINEAR LINEAR LINEAR LINEAR LINEAR LINEAR LINEAR LINEAR LINEAR LINEAR LINEAR
LINEAR LINEAR LINEAR LINEAR LINEAR LINEAR LINEAR LINEAR LINEAR LINEAR LINEAR LINEAR
LINEAR LINEAR LINEAR LINEAR LINEAR LINEAR LINEAR</Name_array>
        <technique_common>
          <accessor source="#mixamorig_Spine-Interpolations-array" count="78">
            <param type="name"/>
          </accessor>
        </technique_common>
      </source>
      <sampler id="mixamorig_Spine-Matrix-animation-transform">
        <input semantic="INPUT" source="#mixamorig_Spine-Matrix-animation-input"/>
        <input semantic="OUTPUT" source="#mixamorig_Spine-Matrix-animation-output-transform"/>
        <input semantic="INTERPOLATION" source="#mixamorig_Spine-Interpolations"/>
      </sampler>
      <channel source="#mixamorig_Spine-Matrix-animation-transform" target="mixamorig_Spine/matrix"/>
    </animation>
    <animation id="mixamorig_Spine1-anim" name="mixamorig_Spine1">
      <source id="mixamorig_Spine1-Matrix-animation-input">
        <float_array id="mixamorig_Spine1-Matrix-animation-input-array" count="78">

0.000000 0.033333 0.066667 0.100000 0.133333 0.166667 0.200000 0.233333 0.266667 0.300000 0.333333 0.366667 0.400000 0.433333 0.466667 0.500000
0.533333 0.566667 0.600000 0.633333 0.666667 0.700000 0.733333 0.766667 0.800000 0.833333 0.866667 0.900000 0.933333 0.966667 1.000000 1.033333
1.066667 1.100000 1.133333 1.166667 1.200000 1.233333 1.266667 1.300000 1.333333 1.366667 1.400000 1.433333 1.466667 1.500000 1.533333 1.566667
1.600000 1.633333 1.666667 1.700000 1.733333 1.766667 1.800000 1.833333 1.866667 1.900000 1.933333 1.966667 2.000000 2.033333 2.066667 2.100000
2.133333 2.166667 2.200000 2.233333 2.266667 2.300000 2.333333 2.366667 2.400000 2.433333 2.466667 2.500000 2.533333 2.566667</float_array>
        <technique_common>
          <accessor source="#mixamorig_Spine1-Matrix-animation-input-array" count="78">
            <param name="TIME" type="float"/>
          </accessor>
        </technique_common>
      </source>
      <source id="mixamorig_Spine1-Matrix-animation-output-transform">
        <float_array id="mixamorig_Spine1-Matrix-animation-output-transform-array" count="1248">

0.999547 -0.029687 0.004900 -0.000000 0.029827 0.956191 -0.291218 10.372600 0.003960 0.291233 0.956644 0.000000 0.000000 0.000000 0.000000 1.000000
0.999553 -0.029516 0.004733 -0.000000 0.029612 0.955962 -0.291992 10.372600 0.004094 0.292002 0.956409 0.000000 0.000000 0.000000 0.000000 1.000000
0.999570 -0.029062 0.003820 0.000000 0.028901 0.955424 -0.293818 10.372600 0.004889 0.293802 0.955854 0.000000 0.000000 0.000000 0.000000 1.000000
0.999574 -0.029022 0.003171 0.000000 0.028663 0.954908 -0.295515 10.372600 0.005549 0.295479 0.955333 0.000000 0.000000 0.000000 0.000000 1.000000
0.999569 -0.029254 0.002312 0.000000 0.028617 0.954321 -0.297410 10.372600 0.006494 0.297348 0.954747 0.000000 0.000000 0.000000 0.000000 1.000000
0.999553 -0.029860 0.001787 -0.000000 0.029029 0.953853 -0.298868 10.372600 0.007220 0.298786 0.954293 0.000000 0.000000 0.000000 0.000000 1.000000
0.999529 -0.030647 0.001454 0.000000 0.029673 0.953561 -0.299736 10.372600 0.007800 0.299638 0.954021 0.000000 0.000000 0.000000 0.000000 1.000000
0.999511 -0.031232 0.001261 -0.000000 0.030175 0.953577 -0.299633 10.372600 0.008156 0.299525 0.954054 0.000000 0.000000 0.000000 0.000000 1.000000
0.999519 -0.030998 0.000822 -0.000000 0.029830 0.953943 -0.298501 10.372600 0.008469 0.298382 0.954409 -0.000000 0.000000 0.000000 0.000000 1.000000
0.999577 -0.029062 -0.000537 0.000000 0.027591 0.954484 -0.296984 10.372600 0.009144 0.296843 0.954882 -0.000000 0.000000 0.000000 0.000000 1.000000
0.999695 -0.024452 -0.003578 0.000000 0.022290 0.954714 -0.296689 10.372600 0.010670 0.296519 0.954967 0.000000 0.000000 0.000000 0.000000 1.000000
0.999825 -0.016513 -0.008802 0.000000 0.013127 0.954160 -0.299009 10.372600 0.013336 0.298841 0.954210 -0.000000 0.000000 0.000000 0.000000 1.000000
0.999862 -0.005185 -0.015794 -0.000000 0.000154 0.952966 -0.303077 10.372600 0.016622 0.303033 0.952835 -0.000000 0.000000 0.000000 0.000000 1.000000
0.999694 0.008912 -0.023065 -0.000000 -0.015560 0.951684 -0.306684 10.372600 0.019217 0.306949 0.951532 -0.000000 0.000000 0.000000 0.000000 1.000000
0.999287 0.024281 -0.028903 -0.000000 -0.032013 0.950834 -0.308041 10.372600 0.020002 0.308746 0.950934 0.000000 0.000000 0.000000 0.000000 1.000000
0.998714 0.039192 -0.032176 0.000000 -0.047186 0.950646 -0.306670 10.372600 0.018569 0.307794 0.951272 -0.000000 0.000000 0.000000 0.000000 1.000000
0.998084 0.052333 -0.033017 0.000000 -0.059903 0.950917 -0.303592 10.372600 0.015508 0.304988 0.952230 0.000000 0.000000 0.000000 0.000000 1.000000
0.997512 0.062728 -0.032165 -0.000000 -0.069508 0.951243 -0.300510 10.372600 0.011746 0.301998 0.953236 0.000000 0.000000 0.000000 0.000000 1.000000
0.997116 0.069736 -0.029944 0.000000 -0.075505 0.951388 -0.298595 10.372600 0.007665 0.299995 0.953910 0.000000 0.000000 0.000000 0.000000 1.000000
0.996957 0.073342 -0.026402 0.000000 -0.077881 0.951400 -0.297947 10.372600 0.003267 0.299096 0.954217 0.000000 0.000000 0.000000 0.000000 1.000000
0.997015 0.073994 -0.022024 0.000000 -0.077195 0.951512 -0.297767 10.372600 -0.001077 0.298578 0.954385 0.000000 0.000000 0.000000 0.000000 1.000000
0.997207 0.072596 -0.017562 0.000000 -0.074532 0.951920 -0.297141 10.372600 -0.004854 0.297620 0.954672 0.000000 0.000000 0.000000 0.000000 1.000000
0.997436 0.070285 -0.013461 0.000000 -0.071120 0.952690 -0.295505 10.372600 -0.007945 0.295705 0.955246 0.000000 0.000000 0.000000 0.000000 1.000000
0.997640 0.067945 -0.009903 0.000000 -0.067864 0.953802 -0.292671 10.372600 -0.010440 0.292653 0.956162 0.000000 0.000000 0.000000 0.000000 1.000000
0.997799 0.065969 -0.006750 0.000000 -0.065108 0.955255 -0.288528 10.372600 -0.012586 0.288332 0.957448 0.000000 0.000000 0.000000 0.000000 1.000000
0.997899 0.064684 -0.003552 0.000000 -0.063043 0.957050 -0.282986 10.372600 -0.014905 0.282616 0.959117 -0.000000 0.000000 0.000000 0.000000 1.000000
0.997985 0.063457 0.000084 -0.000000 -0.060970 0.959239 -0.275941 10.372600 -0.017591 0.275380 0.961174 0.000000 0.000000 0.000000 0.000000 1.000000
0.998105 0.061389 0.004278 0.000000 -0.058012 0.961832 -0.267421 10.372600 -0.020532 0.266666 0.963570 -0.000000 0.000000 0.000000 0.000000 1.000000
0.998249 0.058446 0.009145 0.000000 -0.054122 0.964717 -0.257668 10.372600 -0.023882 0.256722 0.966190 0.000000 0.000000 0.000000 0.000000 1.000000
0.998387 0.054856 0.014670 -0.000000 -0.049547 0.967783 -0.246863 10.372600 -0.027740 0.245737 0.968939 0.000000 0.000000 0.000000 0.000000 1.000000
0.998499 0.050800 0.020486 -0.000000 -0.044580 0.970988 -0.234935 10.372600 -0.031826 0.233669 0.971795 -0.000000 0.000000 0.000000 0.000000 1.000000
0.998576 0.046587 0.026003 0.000000 -0.039680 0.974295 -0.221752 10.372600 -0.035666 0.220405 0.974756 -0.000000 0.000000 0.000000 0.000000 1.000000
0.998624 0.042446 0.030781 0.000000 -0.035147 0.977552 -0.207743 10.372600 -0.038908 0.206375 0.977699 0.000000 0.000000 0.000000 0.000000 1.000000
0.998659 0.038365 0.034752 0.000000 -0.030906 0.980465 -0.194252 10.372600 -0.041526 0.192918 0.980336 0.000000 0.000000 0.000000 0.000000 1.000000
0.998683 0.034394 0.038062 0.000000 -0.026884 0.982803 -0.182692 10.372600 -0.043691 0.181428 0.982433 0.000000 0.000000 0.000000 0.000000 1.000000
0.998695 0.030825 0.040726 -0.000000 -0.023310 0.984543 -0.173583 10.372600 -0.045447 0.172407 0.983977 -0.000000 0.000000 0.000000 0.000000 1.000000
0.998700 0.027922 0.042635 0.000000 -0.020448 0.985808 -0.166628 10.372600 -0.046682 0.165540 0.985098 -0.000000 0.000000 0.000000 0.000000 1.000000
0.998707 0.025817 0.043798 0.000000 -0.018434 0.986733 -0.161301 10.372600 -0.047381 0.160285 0.985933 0.000000 0.000000 0.000000 0.000000 1.000000
0.998723 0.024359 0.044256 -0.000000 -0.017117 0.987419 -0.157193 10.372600 -0.047529 0.156235 0.986576 0.000000 0.000000 0.000000 0.000000 1.000000
0.998765 0.023095 0.043985 -0.000000 -0.016061 0.987935 -0.154037 10.372600 -0.047011 0.153141 0.987086 0.000000 0.000000 0.000000 0.000000 1.000000
0.998839 0.021648 0.043029 -0.000000 -0.014889 0.988331 -0.151594 10.372600 -0.045808 0.150778 0.987506 -0.000000 0.000000 0.000000 0.000000 1.000000
0.998938 0.019940 0.041532 0.000000 -0.013511 0.988640 -0.149692 10.372600 -0.044045 0.148972 0.987860 0.000000 0.000000 0.000000 0.000000 1.000000
0.999055 0.018054 0.039547 -0.000000 -0.012005 0.988889 -0.148169 10.372600 -0.041782 0.147554 0.988171 0.000000 0.000000 0.000000 0.000000 1.000000
0.999185 0.016060 0.037020 0.000000 -0.010456 0.989099 -0.146878 10.372600 -0.038975 0.146371 0.988462 0.000000 0.000000 0.000000 0.000000 1.000000
0.999326 0.013962 0.033954 0.000000 -0.008869 0.989276 -0.145786 10.372600 -0.035625 0.145386 0.988733 0.000000 0.000000 0.000000 0.000000 1.000000
0.999463 0.011734 0.030587 0.000000 -0.007187 0.989444 -0.144737 10.372600 -0.031962 0.144439 0.988997 -0.000000 0.000000 0.000000 0.000000 1.000000
0.999582 0.009353 0.027353 0.000000 -0.005338 0.989657 -0.143357 10.372600 -0.028411 0.143151 0.989293 0.000000 0.000000 0.000000 0.000000 1.000000
0.999673 0.006946 0.024626 0.000000 -0.003396 0.989953 -0.141359 10.372600 -0.025361 0.141229 0.989652 0.000000 0.000000 0.000000 0.000000 1.000000
0.999733 0.004719 0.022613 -0.000000 -0.001538 0.990342 -0.138636 10.372600 -0.023049 0.138565 0.990085 0.000000 0.000000 0.000000 0.000000 1.000000
0.999768 0.002692 0.021364 0.000000 0.000217 0.990844 -0.135012 10.372600 -0.021531 0.134985 0.990614 0.000000 0.000000 0.000000 0.000000 1.000000
0.999787 0.000879 0.020609 0.000000 0.001818 0.991446 -0.130504 10.372600 -0.020547 0.130514 0.991234 0.000000 0.000000 0.000000 0.000000 1.000000
0.999803 -0.000360 0.019825 0.000000 0.002844 0.992102 -0.125400 10.372600 -0.019624 0.125432 0.991908 0.000000 0.000000 0.000000 0.000000 1.000000
0.999825 -0.000507 0.018687 0.000000 0.002743 0.992786 -0.119871 10.372600 -0.018491 0.119902 0.992614 0.000000 0.000000 0.000000 0.000000 1.000000
0.999853 0.000987 0.017097 0.000000 0.000969 0.993482 -0.113989 10.372600 -0.017098 0.113989 0.993335 0.000000 0.000000 0.000000 0.000000 1.000000
0.999874 0.004217 0.015293 0.000000 -0.002544 0.994171 -0.107783 10.372600 -0.015658 0.107730 0.994057 0.000000 0.000000 0.000000 0.000000 1.000000
0.999868 0.008596 0.013785 0.000000 -0.007155 0.994825 -0.101353 10.372600 -0.014585 0.101241 0.994755 0.000000 0.000000 0.000000 0.000000 1.000000
0.999834 0.012930 0.012838 0.000000 -0.011654 0.995412 -0.094974 10.372600 -0.014007 0.094808 0.995397 0.000000 0.000000 0.000000 0.000000 1.000000
0.999800 0.015789 0.012260 -0.000000 -0.014635 0.995916 -0.089092 10.372600 -0.013617 0.088895 0.995948 -0.000000 0.000000 0.000000 0.000000 1.000000
0.999799 0.016376 0.011593 0.000000 -0.015344 0.996336 -0.084137 10.372600 -0.012928 0.083942 0.996387 0.000000 0.000000 0.000000 0.000000 1.000000
0.999839 0.014707 0.010326 0.000000 -0.013832 0.996675 -0.080297 10.372600 -0.011472 0.080141 0.996718 -0.000000 0.000000 0.000000 0.000000 1.000000
0.999899 0.011597 0.008229 0.000000 -0.010924 0.996931 -0.077525 10.372600 -0.009103 0.077428 0.996956 0.000000 0.000000 0.000000 0.000000 1.000000
