<?xml version="1.0" encoding="utf-8"?>
<COLLADA xmlns="http://www.collada.org/2005/11/COLLADASchema" version="1.4.1">
  <asset>
    <contributor>
      <author>Mixamo</author>
      <authoring_tool>COLLADA Mixamo exporter</authoring_tool>
      <comments/>
    </contributor>
    <created>2024-04-05T10:39:13Z</created>
    <modified>2024-04-05T10:39:13Z</modified>
    <revision/>
    <title/>
    <unit meter="0.010000"/>
    <up_axis>Y_UP</up_axis>
  </asset>
  <library_animations>
    <animation id="Armature-anim" name="Armature">
      <source id="Armature-Matrix-animation-input">
        <float_array id="Armature-Matrix-animation-input-array" count="56">

0.000000 0.033333 0.066667 0.100000 0.133333 0.166667 0.200000 0.233333 0.266667 0.300000 0.333333 0.366667 0.400000 0.433333 0.466667 0.500000
0.533333 0.566667 0.600000 0.633333 0.666667 0.700000 0.733333 0.766667 0.800000 0.833333 0.866667 0.900000 0.933333 0.966667 1.000000 1.033333
1.066667 1.100000 1.133333 1.166667 1.200000 1.233333 1.266667 1.300000 1.333333 1.366667 1.400000 1.433333 1.466667 1.500000 1.533333 1.566667
1.600000 1.633333 1.666667 1.700000 1.733333 1.766667 1.800000 1.833333</float_array>
        <technique_common>
          <accessor source="#Armature-Matrix-animation-input-array" count="56">
            <param name="TIME" type="float"/>
          </accessor>
        </technique_common>
      </source>
      <source id="Armature-Matrix-animation-output-transform">
        <float_array id="Armature-Matrix-animation-output-transform-array" count="896">

1.000000 0.000000 0.000000 0.000000 0.000000 1.000000 0.000000 0.000000 0.000000 0.000000 1.000000 0.000000 0.000000 0.000000 0.000000 1.000000
1.000000 0.000000 0.000000 0.000000 0.000000 1.000000 0.000000 0.000000 0.000000 0.000000 1.000000 0.000000 0.000000 0.000000 0.000000 1.000000
1.000000 0.000000 0.000000 0.000000 0.000000 1.000000 0.000000 0.000000 0.000000 0.000000 1.000000 0.000000 0.000000 0.000000 0.000000 1.000000
1.000000 0.000000 0.000000 0.000000 0.000000 1.000000 0.000000 0.000000 0.000000 0.000000 1.000000 0.000000 0.000000 0.000000 0.000000 1.000000
1.000000 0.000000 0.000000 0.000000 0.000000 1.000000 0.000000 0.000000 0.000000 0.000000 1.000000 0.000000 0.000000 0.000000 0.000000 1.000000
1.000000 0.000000 0.000000 0.000000 0.000000 1.000000 0.000000 0.000000 0.000000 0.000000 1.000000 0.000000 0.000000 0.000000 0.000000 1.000000
1.000000 0.000000 0.000000 0.000000 0.000000 1.000000 0.000000 0.000000 0.000000 0.000000 1.000000 0.000000 0.000000 0.000000 0.000000 1.000000
1.000000 0.000000 0.000000 0.000000 0.000000 1.000000 0.000000 0.000000 0.000000 0.000000 1.000000 0.000000 0.000000 0.000000 0.000000 1.000000
1.000000 0.000000 0.000000 0.000000 0.000000 1.000000 0.000000 0.000000 0.000000 0.000000 1.000000 0.000000 0.000000 0.000000 0.000000 1.000000
1.000000 0.000000 0.000000 0.000000 0.000000 1.000000 0.000000 0.000000 0.000000 0.000000 1.000000 0.000000 0.000000 0.000000 0.000000 1.000000
1.000000 0.000000 0.000000 0.000000 0.000000 1.000000 0.000000 0.000000 0.000000 0.000000 1.000000 0.000000 0.000000 0.000000 0.000000 1.000000
1.000000 0.000000 0.000000 0.000000 0.000000 1.000000 0.000000 0.000000 0.000000 0.000000 1.000000 0.000000 0.000000 0.000000 0.000000 1.000000
1.000000 0.000000 0.000000 0.000000 0.000000 1.000000 0.000000 0.000000 0.000000 0.000000 1.000000 0.000000 0.000000 0.000000 0.000000 1.000000
1.000000 0.000000 0.000000 0.000000 0.000000 1.000000 0.000000 0.000000 0.000000 0.000000 1.000000 0.000000 0.000000 0.000000 0.000000 1.000000
1.000000 0.000000 0.000000 0.000000 0.000000 1.000000 0.000000 0.000000 0.000000 0.000000 1.000000 0.000000 0.000000 0.000000 0.000000 1.000000
1.000000 0.000000 0.000000 0.000000 0.000000 1.000000 0.000000 0.000000 0.000000 0.000000 1.000000 0.000000 0.000000 0.000000 0.000000 1.000000
1.000000 0.000000 0.000000 0.000000 0.000000 1.000000 0.000000 0.000000 0.000000 0.000000 1.000000 0.000000 0.000000 0.000000 0.000000 1.000000
1.000000 0.000000 0.000000 0.000000 0.000000 1.000000 0.000000 0.000000 0.000000 0.000000 1.000000 0.000000 0.000000 0.000000 0.000000 1.000000
1.000000 0.000000 0.000000 0.000000 0.000000 1.000000 0.000000 0.000000 0.000000 0.000000 1.000000 0.000000 0.000000 0.000000 0.000000 1.000000
1.000000 0.000000 0.000000 0.000000 0.000000 1.000000 0.000000 0.000000 0.000000 0.000000 1.000000 0.000000 0.000000 0.000000 0.000000 1.000000
1.000000 0.000000 0.000000 0.000000 0.000000 1.000000 0.000000 0.000000 0.000000 0.000000 1.000000 0.000000 0.000000 0.000000 0.000000 1.000000
1.000000 0.000000 0.000000 0.000000 0.000000 1.000000 0.000000 0.000000 0.000000 0.000000 1.000000 0.000000 0.000000 0.000000 0.000000 1.000000
1.000000 0.000000 0.000000 0.000000 0.000000 1.000000 0.000000 0.000000 0.000000 0.000000 1.000000 0.000000 0.000000 0.000000 0.000000 1.000000
1.000000 0.000000 0.000000 0.000000 0.000000 1.000000 0.000000 0.000000 0.000000 0.000000 1.000000 0.000000 0.000000 0.000000 0.000000 1.000000
1.000000 0.000000 0.000000 0.000000 0.000000 1.000000 0.000000 0.000000 0.000000 0.000000 1.000000 0.000000 0.000000 0.000000 0.000000 1.000000
1.000000 0.000000 0.000000 0.000000 0.000000 1.000000 0.000000 0.000000 0.000000 0.000000 1.000000 0.000000 0.000000 0.000000 0.000000 1.000000
1.000000 0.000000 0.000000 0.000000 0.000000 1.000000 0.000000 0.000000 0.000000 0.000000 1.000000 0.000000 0.000000 0.000000 0.000000 1.000000
1.000000 0.000000 0.000000 0.000000 0.000000 1.000000 0.000000 0.000000 0.000000 0.000000 1.000000 0.000000 0.000000 0.000000 0.000000 1.000000
1.000000 0.000000 0.000000 0.000000 0.000000 1.000000 0.000000 0.000000 0.000000 0.000000 1.000000 0.000000 0.000000 0.000000 0.000000 1.000000
1.000000 0.000000 0.000000 0.000000 0.000000 1.000000 0.000000 0.000000 0.000000 0.000000 1.000000 0.000000 0.000000 0.000000 0.000000 1.000000
1.000000 0.000000 0.000000 0.000000 0.000000 1.000000 0.000000 0.000000 0.000000 0.000000 1.000000 0.000000 0.000000 0.000000 0.000000 1.000000
1.000000 0.000000 0.000000 0.000000 0.000000 1.000000 0.000000 0.000000 0.000000 0.000000 1.000000 0.000000 0.000000 0.000000 0.000000 1.000000
1.000000 0.000000 0.000000 0.000000 0.000000 1.000000 0.000000 0.000000 0.000000 0.000000 1.000000 0.000000 0.000000 0.000000 0.000000 1.000000
1.000000 0.000000 0.000000 0.000000 0.000000 1.000000 0.000000 0.000000 0.000000 0.000000 1.000000 0.000000 0.000000 0.000000 0.000000 1.000000
1.000000 0.000000 0.000000 0.000000 0.000000 1.000000 0.000000 0.000000 0.000000 0.000000 1.000000 0.000000 0.000000 0.000000 0.000000 1.000000
1.000000 0.000000 0.000000 0.000000 0.000000 1.000000 0.000000 0.000000 0.000000 0.000000 1.000000 0.000000 0.000000 0.000000 0.000000 1.000000
1.000000 0.000000 0.000000 0.000000 0.000000 1.000000 0.000000 0.000000 0.000000 0.000000 1.000000 0.000000 0.000000 0.000000 0.000000 1.000000
1.000000 0.000000 0.000000 0.000000 0.000000 1.000000 0.000000 0.000000 0.000000 0.000000 1.000000 0.000000 0.000000 0.000000 0.000000 1.000000
1.000000 0.000000 0.000000 0.000000 0.000000 1.000000 0.000000 0.000000 0.000000 0.000000 1.000000 0.000000 0.000000 0.000000 0.000000 1.000000
1.000000 0.000000 0.000000 0.000000 0.000000 1.000000 0.000000 0.000000 0.000000 0.000000 1.000000 0.000000 0.000000 0.000000 0.000000 1.000000
1.000000 0.000000 0.000000 0.000000 0.000000 1.000000 0.000000 0.000000 0.000000 0.000000 1.000000 0.000000 0.000000 0.000000 0.000000 1.000000
1.000000 0.000000 0.000000 0.000000 0.000000 1.000000 0.000000 0.000000 0.000000 0.000000 1.000000 0.000000 0.000000 0.000000 0.000000 1.000000
1.000000 0.000000 0.000000 0.000000 0.000000 1.000000 0.000000 0.000000 0.000000 0.000000 1.000000 0.000000 0.000000 0.000000 0.000000 1.000000
1.000000 0.000000 0.000000 0.000000 0.000000 1.000000 0.000000 0.000000 0.000000 0.000000 1.000000 0.000000 0.000000 0.000000 0.000000 1.000000
1.000000 0.000000 0.000000 0.000000 0.000000 1.000000 0.000000 0.000000 0.000000 0.000000 1.000000 0.000000 0.000000 0.000000 0.000000 1.000000
1.000000 0.000000 0.000000 0.000000 0.000000 1.000000 0.000000 0.000000 0.000000 0.000000 1.000000 0.000000 0.000000 0.000000 0.000000 1.000000
1.000000 0.000000 0.000000 0.000000 0.000000 1.000000 0.000000 0.000000 0.000000 0.000000 1.000000 0.000000 0.000000 0.000000 0.000000 1.000000
1.000000 0.000000 0.000000 0.000000 0.000000 1.000000 0.000000 0.000000 0.000000 0.000000 1.000000 0.000000 0.000000 0.000000 0.000000 1.000000
1.000000 0.000000 0.000000 0.000000 0.000000 1.000000 0.000000 0.000000 0.000000 0.000000 1.000000 0.000000 0.000000 0.000000 0.000000 1.000000
1.000000 0.000000 0.000000 0.000000 0.000000 1.000000 0.000000 0.000000 0.000000 0.000000 1.000000 0.000000 0.000000 0.000000 0.000000 1.000000
1.000000 0.000000 0.000000 0.000000 0.000000 1.000000 0.000000 0.000000 0.000000 0.000000 1.000000 0.000000 0.000000 0.000000 0.000000 1.000000
1.000000 0.000000 0.000000 0.000000 0.000000 1.000000 0.000000 0.000000 0.000000 0.000000 1.000000 0.000000 0.000000 0.000000 0.000000 1.000000
1.000000 0.000000 0.000000 0.000000 0.000000 1.000000 0.000000 0.000000 0.000000 0.000000 1.000000 0.000000 0.000000 0.000000 0.000000 1.000000
1.000000 0.000000 0.000000 0.000000 0.000000 1.000000 0.000000 0.000000 0.000000 0.000000 1.000000 0.000000 0.000000 0.000000 0.000000 1.000000
1.000000 0.000000 0.000000 0.000000 0.000000 1.000000 0.000000 0.000000 0.000000 0.000000 1.000000 0.000000 0.000000 0.000000 0.000000 1.000000
1.000000 0.000000 0.000000 0.000000 0.000000 1.000000 0.000000 0.000000 0.000000 0.000000 1.000000 0.000000 0.000000 0.000000 0.000000 1.000000</float_array>
        <technique_common>
          <accessor source="#Armature-Matrix-animation-output-transform-array" count="56" stride="16">
            <param type="float4x4"/>
          </accessor>
        </technique_common>
      </source>
      <source id="Armature-Interpolations">
        <Name_array id="Armature-Interpolations-array" count="56">
 LINEAR LINEAR LINEAR LINEAR LINEAR LINEAR LINEAR LINEAR LINEAR LINEAR LINEAR
LINEAR LINEAR LINEAR LINEAR LINEAR LINEAR LINEAR LINEAR LINEAR LINEAR LINEAR LINEAR
LINEAR LINEAR LINEAR LINEAR LINEAR LINEAR LINEAR LINEAR LINEAR LINEAR LINEAR LINEAR
LINEAR LINEAR LINEAR LINEAR LINEAR LINEAR LINEAR LINEAR LINEAR LINEAR LINEAR LINEAR
LINEAR LINEAR LINEAR LINEAR LINEAR LINEAR LINEAR LINEAR LINEAR</Name_array>
        <technique_common>
          <accessor source="#Armature-Interpolations-array" count="56">
            <param type="name"/>
          </accessor>
        </technique_common>
      </source>
      <sampler id="Armature-Matrix-animation-transform">
        <input semantic="INPUT" source="#Armature-Matrix-animation-input"/>
        <input semantic="OUTPUT" source="#Armature-Matrix-animation-output-transform"/>
        <input semantic="INTERPOLATION" source="#Armature-Interpolations"/>
      </sampler>
      <channel source="#Armature-Matrix-animation-transform" target="Armature/matrix"/>
    </animation>
    <animation id="mixamorig_Hips-anim" name="mixamorig_Hips">
      <source id="mixamorig_Hips-Matrix-animation-input">
        <float_array id="mixamorig_Hips-Matrix-animation-input-array" count="56">

0.000000 0.033333 0.066667 0.100000 0.133333 0.166667 0.200000 0.233333 0.266667 0.300000 0.333333 0.366667 0.400000 0.433333 0.466667 0.500000
0.533333 0.566667 0.600000 0.633333 0.666667 0.700000 0.733333 0.766667 0.800000 0.833333 0.866667 0.900000 0.933333 0.966667 1.000000 1.033333
1.066667 1.100000 1.133333 1.166667 1.200000 1.233333 1.266667 1.300000 1.333333 1.366667 1.400000 1.433333 1.466667 1.500000 1.533333 1.566667
1.600000 1.633333 1.666667 1.700000 1.733333 1.766667 1.800000 1.833333</float_array>
        <technique_common>
          <accessor source="#mixamorig_Hips-Matrix-animation-input-array" count="56">
            <param name="TIME" type="float"/>
          </accessor>
        </technique_common>
      </source>
      <source id="mixamorig_Hips-Matrix-animation-output-transform">
        <float_array id="mixamorig_Hips-Matrix-animation-output-transform-array" count="896">

0.978856 0.075634 -0.190055 0.770217 -0.148314 0.902302 -0.404790 87.206253 0.140871 0.424418 0.894441 -1.599865 0.000000 0.000000 0.000000 1.000000
0.980194 0.025289 -0.196417 0.199689 -0.103509 0.910978 -0.399255 89.746910 0.168835 0.411679 0.895553 -4.035151 0.000000 0.000000 0.000000 1.000000
0.985416 -0.020410 -0.168932 -0.558150 -0.049026 0.916627 -0.396725 91.857674 0.162945 0.399222 0.902259 -4.609139 0.000000 0.000000 0.000000 1.000000
0.991709 -0.057868 -0.114738 -1.685395 0.006962 0.915752 -0.401683 93.543449 0.128316 0.397554 0.908562 -3.817739 0.000000 0.000000 0.000000 1.000000
0.994607 -0.080973 -0.064813 -2.756808 0.047200 0.909811 -0.412329 94.612801 0.092355 0.407046 0.908727 -4.446322 0.000000 0.000000 0.000000 1.000000
0.995951 -0.083358 -0.033646 -3.309242 0.061237 0.903161 -0.424912 94.621574 0.065808 0.421132 0.904609 -5.424247 0.000000 0.000000 0.000000 1.000000
0.996878 -0.077233 -0.016440 -3.587047 0.062457 0.898603 -0.434295 94.165657 0.048315 0.431912 0.900621 -6.002614 0.000000 0.000000 0.000000 1.000000
0.996626 -0.082081 0.000135 -3.982343 0.074060 0.898527 -0.432624 93.657433 0.035389 0.431175 0.901574 -5.477714 0.000000 0.000000 0.000000 1.000000
0.995614 -0.093405 0.005374 -4.288099 0.086766 0.900304 -0.426526 92.576889 0.035002 0.425122 0.904459 -5.791612 0.000000 0.000000 0.000000 1.000000
0.993814 -0.111000 0.003691 -4.574258 0.102245 0.901447 -0.420641 90.032616 0.043364 0.418416 0.907220 -6.777404 0.000000 0.000000 0.000000 1.000000
0.991608 -0.129269 0.001491 -4.648269 0.118279 0.902525 -0.414075 89.378349 0.052182 0.410777 0.910241 -7.967711 0.000000 0.000000 0.000000 1.000000
0.990436 -0.137973 0.000767 -4.800703 0.126455 0.905502 -0.405061 89.689201 0.055193 0.401284 0.914289 -9.256427 0.000000 0.000000 0.000000 1.000000
0.992109 -0.125361 0.001854 -5.276956 0.116047 0.912606 -0.392026 90.576912 0.047453 0.389148 0.919952 -9.928912 0.000000 0.000000 0.000000 1.000000
0.997268 -0.072464 0.014305 -5.647446 0.072533 0.924190 -0.374981 91.815697 0.013952 0.374995 0.926922 -9.995268 0.000000 0.000000 0.000000 1.000000
0.997423 -0.003001 0.071681 -6.203105 0.030194 0.923893 -0.381457 93.727440 -0.065081 0.382639 0.921603 -9.300081 0.000000 0.000000 0.000000 1.000000
0.988851 0.076550 0.127726 -6.752598 -0.019080 0.915810 -0.401158 95.223518 -0.147682 0.394248 0.907060 -7.686465 0.000000 0.000000 0.000000 1.000000
0.983118 0.136649 0.121679 -7.089276 -0.076062 0.910048 -0.407465 96.326813 -0.166413 0.391331 0.905078 -5.972702 0.000000 0.000000 0.000000 1.000000
0.980679 0.179211 0.078437 -7.264516 -0.130688 0.898537 -0.418990 96.956490 -0.145566 0.400643 0.904597 -4.735669 0.000000 0.000000 0.000000 1.000000
0.981556 0.188859 0.029653 -7.489885 -0.154127 0.873539 -0.461708 96.928490 -0.113101 0.448622 0.886536 -3.322474 0.000000 0.000000 0.000000 1.000000
0.984647 0.173892 -0.015247 -7.770672 -0.159123 0.858228 -0.487980 96.550514 -0.071771 0.482914 0.872722 -1.687296 0.000000 0.000000 0.000000 1.000000
0.985957 0.155900 -0.059875 -7.849139 -0.165996 0.875577 -0.453662 94.240265 -0.018300 0.457231 0.889160 0.838338 0.000000 0.000000 0.000000 1.000000
0.986681 0.136311 -0.088768 -7.980062 -0.160494 0.904654 -0.394769 91.248611 0.026493 0.403758 0.914482 2.388715 0.000000 0.000000 0.000000 1.000000
0.985912 0.133100 -0.101301 -8.447621 -0.161351 0.916411 -0.366274 88.107399 0.044082 0.377459 0.924976 2.685146 0.000000 0.000000 0.000000 1.000000
0.972488 0.192232 -0.131580 -8.826071 -0.227725 0.903473 -0.363150 85.563408 0.049070 0.383123 0.922393 2.141802 0.000000 0.000000 0.000000 1.000000
0.956898 0.243743 -0.157910 -9.174868 -0.286465 0.881615 -0.375091 84.069000 0.047790 0.404160 0.913439 1.478717 0.000000 0.000000 0.000000 1.000000
0.964785 0.225852 -0.134839 -9.697577 -0.261689 0.876028 -0.405086 83.399796 0.026633 0.426106 0.904281 0.711911 0.000000 0.000000 0.000000 1.000000
0.974601 0.198773 -0.103162 -9.989154 -0.223821 0.880120 -0.418680 84.421318 0.007573 0.431136 0.902255 -0.071034 0.000000 0.000000 0.000000 1.000000
0.979075 0.176641 -0.101050 -10.110431 -0.202666 0.891307 -0.405583 86.110931 0.018424 0.417575 0.908456 -0.585583 0.000000 0.000000 0.000000 1.000000
0.983379 0.126259 -0.130479 -10.112352 -0.168081 0.904822 -0.391210 88.168335 0.068667 0.406639 0.911005 -0.740316 0.000000 0.000000 0.000000 1.000000
0.984026 0.052287 -0.170175 -9.965966 -0.115324 0.915436 -0.385588 90.273026 0.135623 0.399054 0.906842 -0.288789 0.000000 0.000000 0.000000 1.000000
0.985057 -0.007218 -0.172077 -9.869195 -0.059049 0.924409 -0.376805 91.989410 0.161789 0.381335 0.910169 0.752674 0.000000 0.000000 0.000000 1.000000
0.991849 -0.048767 -0.117718 -9.882891 0.002434 0.930945 -0.365152 92.878189 0.127396 0.361890 0.923475 2.417848 0.000000 0.000000 0.000000 1.000000
0.995185 -0.094322 -0.026654 -10.193582 0.078054 0.927120 -0.366546 91.888733 0.059284 0.362700 0.930018 4.944490 0.000000 0.000000 0.000000 1.000000
0.989832 -0.128941 0.060054 -10.657573 0.142135 0.912849 -0.382759 90.070396 -0.005467 0.387403 0.921894 8.018476 0.000000 0.000000 0.000000 1.000000
0.988638 -0.126178 0.081693 -10.642058 0.148785 0.898789 -0.412360 88.137489 -0.021394 0.419829 0.907351 10.575578 0.000000 0.000000 0.000000 1.000000
0.992507 -0.115426 0.040076 -10.016455 0.121593 0.900786 -0.416892 86.299416 0.012021 0.418642 0.908072 11.578606 0.000000 0.000000 0.000000 1.000000
0.990971 -0.131722 0.025026 -9.613991 0.130752 0.908089 -0.397843 85.014877 0.029679 0.397523 0.917112 10.403229 0.000000 0.000000 0.000000 1.000000
0.987860 -0.146998 0.050237 -9.266315 0.154878 0.906907 -0.391832 84.697678 0.012039 0.394855 0.918664 9.260644 0.000000 0.000000 0.000000 1.000000
0.989271 -0.135430 0.054790 -8.659625 0.145959 0.900190 -0.410309 86.331497 0.006247 0.413903 0.910299 8.053017 0.000000 0.000000 0.000000 1.000000
0.993455 -0.106027 0.042491 -7.856421 0.114002 0.897143 -0.426777 88.746880 0.007130 0.428828 0.903358 6.787107 0.000000 0.000000 0.000000 1.000000
0.997626 -0.052931 0.044048 -6.877814 0.066671 0.902515 -0.425466 91.543228 -0.017233 0.427393 0.903902 5.548146 0.000000 0.000000 0.000000 1.000000
0.998101 0.013635 0.060070 -5.822236 0.013634 0.902102 -0.431308 94.322845 -0.060070 0.431308 0.900203 4.732191 0.000000 0.000000 0.000000 1.000000
0.995565 0.077516 0.053305 -4.717360 -0.044794 0.888866 -0.455972 96.820129 -0.082726 0.451562 0.888396 4.560130 0.000000 0.000000 0.000000 1.000000
0.992888 0.118972 0.004304 -3.681914 -0.102825 0.875229 -0.472652 98.661987 -0.059999 0.468849 0.881238 4.473278 0.000000 0.000000 0.000000 1.000000
0.989985 0.125570 -0.064519 -2.859501 -0.141130 0.868668 -0.474866 99.052849 -0.003583 0.479216 0.877690 4.467444 0.000000 0.000000 0.000000 1.000000
0.985879 0.114415 -0.122274 -2.212780 -0.159153 0.867281 -0.471692 98.299850 0.052078 0.484492 0.873244 4.133255 0.000000 0.000000 0.000000 1.000000
0.982818 0.108570 -0.149268 -1.628991 -0.167115 0.866766 -0.469882 96.817329 0.078365 0.486753 0.870017 3.578037 0.000000 0.000000 0.000000 1.000000
0.980837 0.110368 -0.160551 -1.059114 -0.172627 0.874350 -0.453555 94.755554 0.090320 0.472579 0.876648 3.187337 0.000000 0.000000 0.000000 1.000000
0.979616 0.099714 -0.174383 -0.489780 -0.164377 0.896902 -0.410545 92.442924 0.115467 0.430841 0.895010 3.114066 0.000000 0.000000 0.000000 1.000000
0.982090 0.072649 -0.173842 -0.127504 -0.133092 0.920583 -0.367170 90.027618 0.133361 0.383731 0.913764 3.402797 0.000000 0.000000 0.000000 1.000000
0.976533 0.087842 -0.196641 0.037332 -0.153740 0.923728 -0.350844 87.767754 0.150824 0.372842 0.915555 3.714322 0.000000 0.000000 0.000000 1.000000
0.961284 0.144663 -0.234534 0.057001 -0.220817 0.913545 -0.341578 86.085960 0.164843 0.380143 0.910120 2.732798 0.000000 0.000000 0.000000 1.000000
0.962926 0.152384 -0.222605 -0.031345 -0.225489 0.907622 -0.354087 85.158669 0.148084 0.391155 0.908333 1.306634 0.000000 0.000000 0.000000 1.000000
0.971416 0.139919 -0.191765 0.097466 -0.204690 0.902831 -0.378150 85.386772 0.120221 0.406594 0.905665 -0.015525 0.000000 0.000000 0.000000 1.000000
0.976757 0.114515 -0.181198 0.352130 -0.178396 0.902931 -0.391013 86.109138 0.118832 0.414249 0.902373 -1.000007 0.000000 0.000000 0.000000 1.000000
0.978856 0.075634 -0.190055 0.770215 -0.148313 0.902302 -0.404790 87.206253 0.140871 0.424418 0.894441 -1.599866 0.000000 0.000000 0.000000 1.000000</float_array>
        <technique_common>
          <accessor source="#mixamorig_Hips-Matrix-animation-output-transform-array" count="56" stride="16">
            <param type="float4x4"/>
          </accessor>
        </technique_common>
      </source>
      <source id="mixamorig_Hips-Interpolations">
        <Name_array id="mixamorig_Hips-Interpolations-array" count="56">
 LINEAR LINEAR LINEAR LINEAR LINEAR LINEAR LINEAR LINEAR LINEAR LINEAR LINEAR
LINEAR LINEAR LINEAR LINEAR LINEAR LINEAR LINEAR LINEAR LINEAR LINEAR LINEAR LINEAR
LINEAR LINEAR LINEAR LINEAR LINEAR LINEAR LINEAR LINEAR LINEAR LINEAR LINEAR LINEAR
LINEAR LINEAR LINEAR LINEAR LINEAR LINEAR LINEAR LINEAR LINEAR LINEAR LINEAR LINEAR
LINEAR LINEAR LINEAR LINEAR LINEAR LINEAR LINEAR LINEAR LINEAR</Name_array>
        <technique_common>
          <accessor source="#mixamorig_Hips-Interpolations-array" count="56">
            <param type="name"/>
          </accessor>
        </technique_common>
      </source>
      <sampler id="mixamorig_Hips-Matrix-animation-transform">
        <input semantic="INPUT" source="#mixamorig_Hips-Matrix-animation-input"/>
        <input semantic="OUTPUT" source="#mixamorig_Hips-Matrix-animation-output-transform"/>
        <input semantic="INTERPOLATION" source="#mixamorig_Hips-Interpolations"/>
      </sampler>
      <channel source="#mixamorig_Hips-Matrix-animation-transform" target="mixamorig_Hips/matrix"/>
    </animation>
    <animation id="mixamorig_Spine-anim" name="mixamorig_Spine">
      <source id="mixamorig_Spine-Matrix-animation-input">
        <float_array id="mixamorig_Spine-Matrix-animation-input-array" count="56">

0.000000 0.033333 0.066667 0.100000 0.133333 0.166667 0.200000 0.233333 0.266667 0.300000 0.333333 0.366667 0.400000 0.433333 0.466667 0.500000
0.533333 0.566667 0.600000 0.633333 0.666667 0.700000 0.733333 0.766667 0.800000 0.833333 0.866667 0.900000 0.933333 0.966667 1.000000 1.033333
1.066667 1.100000 1.133333 1.166667 1.200000 1.233333 1.266667 1.300000 1.333333 1.366667 1.400000 1.433333 1.466667 1.500000 1.533333 1.566667
1.600000 1.633333 1.666667 1.700000 1.733333 1.766667 1.800000 1.833333</float_array>
        <technique_common>
          <accessor source="#mixamorig_Spine-Matrix-animation-input-array" count="56">
            <param name="TIME" type="float"/>
          </accessor>
        </technique_common>
      </source>
      <source id="mixamorig_Spine-Matrix-animation-output-transform">
        <float_array id="mixamorig_Spine-Matrix-animation-output-transform-array" count="896">

0.974700 -0.147494 0.167945 -0.000000 0.174512 0.971653 -0.159483 12.246100 -0.139662 0.184757 0.972810 0.234600 0.000000 0.000000 0.000000 1.000000
0.971938 -0.063022 0.226637 0.000000 0.104027 0.979268 -0.173815 12.246100 -0.210984 0.192514 0.958344 0.234600 0.000000 0.000000 0.000000 1.000000
0.966760 -0.000972 0.255682 0.000000 0.051794 0.980005 -0.192114 12.246100 -0.250383 0.198971 0.947480 0.234600 0.000000 0.000000 0.000000 1.000000
0.960451 0.042698 0.275156 0.000000 0.016307 0.977852 -0.208660 12.246100 -0.277971 0.204895 0.938483 0.234600 0.000000 0.000000 0.000000 1.000000
0.954363 0.076683 0.288637 0.000000 -0.010662 0.974606 -0.223675 12.246100 -0.298460 0.210389 0.930945 0.234600 0.000000 0.000000 0.000000 1.000000
0.951275 0.082815 0.297015 0.000000 -0.012494 0.972818 -0.231232 12.246100 -0.308091 0.216255 0.926452 0.234600 0.000000 0.000000 0.000000 1.000000
0.949971 0.075805 0.303000 -0.000000 -0.002649 0.972022 -0.234877 12.246100 -0.312328 0.222323 0.923593 0.234600 0.000000 0.000000 0.000000 1.000000
0.951830 0.080894 0.295762 -0.000000 -0.004092 0.967838 -0.251543 12.246100 -0.306598 0.238216 0.921548 0.234600 0.000000 0.000000 0.000000 1.000000
0.956609 0.098608 0.274182 0.000000 -0.022560 0.963235 -0.267711 12.246100 -0.290500 0.249909 0.923664 0.234600 0.000000 0.000000 0.000000 1.000000
0.963975 0.132882 0.230424 -0.000000 -0.070510 0.962940 -0.260337 12.246100 -0.256478 0.234711 0.937619 0.234600 0.000000 0.000000 0.000000 1.000000
0.972541 0.180230 0.147245 -0.000000 -0.135030 0.952278 -0.273741 12.246100 -0.189554 0.246342 0.950466 0.234600 0.000000 0.000000 0.000000 1.000000
0.981267 0.176577 0.077040 -0.000000 -0.148807 0.948684 -0.279024 12.246100 -0.122356 0.262333 0.957189 0.234600 0.000000 0.000000 0.000000 1.000000
0.991586 0.123699 0.038146 0.000000 -0.107651 0.951658 -0.287677 12.246100 -0.071887 0.281150 0.956968 0.234600 0.000000 0.000000 0.000000 1.000000
0.997944 0.063990 0.003465 0.000000 -0.060364 0.956791 -0.284442 12.246100 -0.021517 0.283648 0.958687 0.234600 0.000000 0.000000 0.000000 1.000000
0.998326 -0.024830 -0.052242 0.000000 0.010701 0.966870 -0.255044 12.246100 0.056844 0.254058 0.965517 0.234600 0.000000 0.000000 0.000000 1.000000
0.985907 -0.117566 -0.119019 -0.000000 0.090265 0.972823 -0.213229 12.246100 0.140853 0.199481 0.969726 0.234600 0.000000 0.000000 0.000000 1.000000
0.968111 -0.183931 -0.170088 -0.000000 0.148910 0.968471 -0.199722 12.246100 0.201460 0.168025 0.964977 0.234600 0.000000 0.000000 0.000000 1.000000
0.947093 -0.236090 -0.217430 -0.000000 0.191720 0.959442 -0.206676 12.246100 0.257405 0.154056 0.953944 0.234600 0.000000 0.000000 0.000000 1.000000
0.927223 -0.253734 -0.275458 0.000000 0.209793 0.961185 -0.179193 12.246100 0.310233 0.108363 0.944464 0.234600 0.000000 0.000000 0.000000 1.000000
0.918931 -0.246378 -0.308000 0.000000 0.208086 0.966217 -0.152071 12.246100 0.335062 0.075653 0.939154 0.234600 0.000000 0.000000 0.000000 1.000000
0.923510 -0.244242 -0.295763 -0.000000 0.207337 0.966577 -0.150798 12.246100 0.322709 0.077941 0.943284 0.234600 0.000000 0.000000 0.000000 1.000000
0.931771 -0.236262 -0.275649 0.000000 0.193947 0.965783 -0.172187 12.246100 0.306899 0.106977 0.945711 0.234600 0.000000 0.000000 0.000000 1.000000
0.939736 -0.233641 -0.249616 0.000000 0.185487 0.961694 -0.201840 12.246100 0.287212 0.143376 0.947076 0.234600 0.000000 0.000000 0.000000 1.000000
0.935688 -0.288155 -0.203605 -0.000000 0.237941 0.941440 -0.238901 12.246100 0.260522 0.175091 0.949458 0.234600 0.000000 0.000000 0.000000 1.000000
0.930904 -0.333765 -0.148390 -0.000000 0.288154 0.920704 -0.263194 12.246100 0.224468 0.202249 0.953262 0.234600 0.000000 0.000000 0.000000 1.000000
0.946976 -0.308984 -0.088120 0.000000 0.280342 0.928567 -0.243252 12.246100 0.156986 0.205650 0.965952 0.234600 0.000000 0.000000 0.000000 1.000000
0.960956 -0.275486 -0.025884 0.000000 0.262886 0.938166 -0.225246 12.246100 0.086335 0.209647 0.973958 0.234600 0.000000 0.000000 0.000000 1.000000
0.968772 -0.245942 0.031528 0.000000 0.246468 0.941246 -0.230888 12.246100 0.027110 0.231448 0.972469 0.234600 0.000000 0.000000 0.000000 1.000000
0.979160 -0.186473 0.080454 -0.000000 0.200640 0.949542 -0.241067 12.246100 -0.031442 0.252185 0.967168 0.234600 0.000000 0.000000 0.000000 1.000000
0.986969 -0.100661 0.125539 0.000000 0.128896 0.961596 -0.242320 12.246100 -0.096325 0.255343 0.962040 0.234600 0.000000 0.000000 0.000000 1.000000
0.985335 -0.037638 0.166431 0.000000 0.080460 0.962611 -0.258662 12.246100 -0.150473 0.268259 0.951522 0.234600 0.000000 0.000000 0.000000 1.000000
0.979926 -0.000783 0.199359 0.000000 0.057589 0.958473 -0.279307 12.246100 -0.190862 0.285181 0.939278 0.234600 0.000000 0.000000 0.000000 1.000000
0.974272 0.053333 0.218973 0.000000 0.008002 0.962799 -0.270099 12.246100 -0.225232 0.264902 0.937602 0.234600 0.000000 0.000000 0.000000 1.000000
0.965553 0.121342 0.230183 0.000000 -0.073315 0.975638 -0.206775 12.246100 -0.249665 0.182776 0.950926 0.234600 0.000000 0.000000 0.000000 1.000000
0.958094 0.145991 0.246459 -0.000000 -0.123859 0.986928 -0.103115 12.246100 -0.258291 0.068268 0.963652 0.234600 0.000000 0.000000 0.000000 1.000000
0.956472 0.141614 0.255160 0.000000 -0.123649 0.988661 -0.085205 12.246100 -0.264333 0.049946 0.963137 0.234600 0.000000 0.000000 0.000000 1.000000
0.954181 0.172411 0.244566 0.000000 -0.130159 0.975093 -0.179589 12.246100 -0.269437 0.139528 0.952857 0.234600 0.000000 0.000000 0.000000 1.000000
0.954624 0.189138 0.230042 0.000000 -0.137073 0.964802 -0.224427 12.246100 -0.264393 0.182710 0.946950 0.234600 0.000000 0.000000 0.000000 1.000000
0.963727 0.172644 0.203529 0.000000 -0.126505 0.966981 -0.221232 12.246100 -0.235004 0.187460 0.953746 0.234600 0.000000 0.000000 0.000000 1.000000
0.979052 0.129462 0.157153 0.000000 -0.093204 0.971174 -0.219397 12.246100 -0.181027 0.200154 0.962895 0.234600 0.000000 0.000000 0.000000 1.000000
0.995935 0.043346 0.078958 -0.000000 -0.024466 0.973819 -0.226005 12.246100 -0.086687 0.223154 0.970921 0.234600 0.000000 0.000000 0.000000 1.000000
0.997099 -0.070035 -0.029795 0.000000 0.061239 0.970712 -0.232312 12.246100 0.045193 0.229814 0.972185 0.234600 0.000000 0.000000 0.000000 1.000000
0.979091 -0.172552 -0.107731 0.000000 0.144223 0.962306 -0.230577 12.246100 0.143457 0.210219 0.967072 0.234600 0.000000 0.000000 0.000000 1.000000
0.962320 -0.233292 -0.139696 0.000000 0.202253 0.957479 -0.205735 12.246100 0.181752 0.169729 0.968586 0.234600 0.000000 0.000000 0.000000 1.000000
0.957456 -0.245668 -0.151408 0.000000 0.217435 0.959105 -0.181215 12.246100 0.189734 0.140584 0.971719 0.234600 0.000000 0.000000 0.000000 1.000000
0.957305 -0.234697 -0.168772 0.000000 0.207135 0.964151 -0.165856 12.246100 0.201647 0.123816 0.971601 0.234600 0.000000 0.000000 0.000000 1.000000
0.952806 -0.227266 -0.201273 -0.000000 0.197489 0.967553 -0.157607 12.246100 0.230561 0.110420 0.966772 0.234600 0.000000 0.000000 0.000000 1.000000
0.946746 -0.230005 -0.225321 -0.000000 0.196482 0.967095 -0.161625 12.246100 0.255082 0.108746 0.960785 0.234600 0.000000 0.000000 0.000000 1.000000
0.948979 -0.221320 -0.224627 0.000000 0.188529 0.969200 -0.158457 12.246100 0.252778 0.108023 0.961475 0.234600 0.000000 0.000000 0.000000 1.000000
0.955088 -0.198725 -0.219806 0.000000 0.167353 0.973902 -0.153324 12.246100 0.244539 0.109653 0.963419 0.234600 0.000000 0.000000 0.000000 1.000000
0.959839 -0.217708 -0.176951 0.000000 0.191231 0.969207 -0.155142 12.246100 0.205278 0.115073 0.971915 0.234600 0.000000 0.000000 0.000000 1.000000
0.960253 -0.263659 -0.091645 0.000000 0.247726 0.956271 -0.155489 12.246100 0.128634 0.126606 0.983577 0.234600 0.000000 0.000000 0.000000 1.000000
0.967844 -0.249247 -0.033973 0.000000 0.241815 0.959070 -0.147344 12.246100 0.069308 0.134391 0.988502 0.234600 0.000000 0.000000 0.000000 1.000000
0.976204 -0.216265 0.015953 0.000000 0.216351 0.966308 -0.139429 12.246100 0.014738 0.139563 0.990104 0.234600 0.000000 0.000000 0.000000 1.000000
0.976366 -0.194659 0.093905 -0.000000 0.206840 0.967596 -0.144829 12.246100 -0.062669 0.160829 0.984991 0.234600 0.000000 0.000000 0.000000 1.000000
0.974700 -0.147493 0.167945 0.000000 0.174512 0.971653 -0.159485 12.246100 -0.139662 0.184759 0.972810 0.234600 0.000000 0.000000 0.000000 1.000000</float_array>
        <technique_common>
          <accessor source="#mixamorig_Spine-Matrix-animation-output-transform-array" count="56" stride="16">
            <param type="float4x4"/>
          </accessor>
        </technique_common>
      </source>
      <source id="mixamorig_Spine-Interpolations">
        <Name_array id="mixamorig_Spine-Interpolations-array" count="56">
 LINEAR LINEAR LINEAR LINEAR LINEAR LINEAR LINEAR LINEAR LINEAR LINEAR LINEAR
LINEAR LINEAR LINEAR LINEAR LINEAR LINEAR LINEAR LINEAR LINEAR LINEAR LINEAR LINEAR
LINEAR LINEAR LINEAR LINEAR LINEAR LINEAR LINEAR LINEAR LINEAR LINEAR LINEAR LINEAR
LINEAR LINEAR LINEAR LINEAR LINEAR LINEAR LINEAR LINEAR LINEAR LINEAR LINEAR LINEAR
LINEAR LINEAR LINEAR LINEAR LINEAR LINEAR LINEAR LINEAR LINEAR</Name_array>
        <technique_common>
          <accessor source="#mixamorig_Spine-Interpolations-array" count="56">
            <param type="name"/>
          </accessor>
        </technique_common>
      </source>
      <sampler id="mixamorig_Spine-Matrix-animation-transform">
        <input semantic="INPUT" source="#mixamorig_Spine-Matrix-animation-input"/>
        <input semantic="OUTPUT" source="#mixamorig_Spine-Matrix-animation-output-transform"/>
        <input semantic="INTERPOLATION" source="#mixamorig_Spine-Interpolations"/>
      </sampler>
      <channel source="#mixamorig_Spine-Matrix-animation-transform" target="mixamorig_Spine/matrix"/>
    </animation>
    <animation id="mixamorig_Spine1-anim" name="mixamorig_Spine1">
      <source id="mixamorig_Spine1-Matrix-animation-input">
        <float_array id="mixamorig_Spine1-Matrix-animation-input-array" count="56">

0.000000 0.033333 0.066667 0.100000 0.133333 0.166667 0.200000 0.233333 0.266667 0.300000 0.333333 0.366667 0.400000 0.433333 0.466667 0.500000
0.533333 0.566667 0.600000 0.633333 0.666667 0.700000 0.733333 0.766667 0.800000 0.833333 0.866667 0.900000 0.933333 0.966667 1.000000 1.033333
1.066667 1.100000 1.133333 1.166667 1.200000 1.233333 1.266667 1.300000 1.333333 1.366667 1.400000 1.433333 1.466667 1.500000 1.533333 1.566667
1.600000 1.633333 1.666667 1.700000 1.733333 1.766667 1.800000 1.833333</float_array>
        <technique_common>
          <accessor source="#mixamorig_Spine1-Matrix-animation-input-array" count="56">
            <param name="TIME" type="float"/>
          </accessor>
        </technique_common>
      </source>
      <source id="mixamorig_Spine1-Matrix-animation-output-transform">
        <float_array id="mixamorig_Spine1-Matrix-animation-output-transform-array" count="896">

0.999004 -0.023163 0.038135 0.000000 0.023288 0.999725 -0.002848 14.289700 -0.038058 0.003733 0.999269 0.000000 0.000000 0.000000 0.000000 1.000000
0.997446 -0.003577 0.071332 -0.000000 0.003649 0.999993 -0.000881 14.289700 -0.071328 0.001139 0.997452 0.000000 0.000000 0.000000 0.000000 1.000000
0.995574 0.014200 0.092900 0.000000 -0.014275 0.999898 0.000145 14.289700 -0.092888 -0.001470 0.995675 0.000000 0.000000 0.000000 0.000000 1.000000
0.993541 0.028553 0.109823 0.000000 -0.028747 0.999587 0.000179 14.289700 -0.109773 -0.003335 0.993951 0.000000 0.000000 0.000000 0.000000 1.000000
0.991662 0.039113 0.122791 0.000000 -0.039225 0.999229 -0.001506 14.289700 -0.122755 -0.003323 0.992431 0.000000 0.000000 0.000000 0.000000 1.000000
0.990473 0.041766 0.131221 0.000000 -0.041450 0.999127 -0.005142 14.289700 -0.131321 -0.000346 0.991340 0.000000 0.000000 0.000000 0.000000 1.000000
0.989818 0.039411 0.136774 0.000000 -0.038139 0.999201 -0.011913 14.289700 -0.137134 0.006576 0.990531 0.000000 0.000000 0.000000 0.000000 1.000000
0.989920 0.040746 0.135639 0.000000 -0.039372 0.999143 -0.012792 14.289700 -0.136044 0.007323 0.990676 0.000000 0.000000 0.000000 0.000000 1.000000
0.990843 0.042768 0.128070 -0.000000 -0.041322 0.999049 -0.013930 14.289700 -0.128544 0.008511 0.991667 0.000000 0.000000 0.000000 0.000000 1.000000
0.993122 0.035989 0.111413 -0.000000 -0.033572 0.999160 -0.023496 14.289700 -0.112165 0.019594 0.993496 0.000000 0.000000 0.000000 0.000000 1.000000
0.995654 0.026587 0.089250 -0.000000 -0.024586 0.999423 -0.023446 14.289700 -0.089822 0.021149 0.995733 0.000000 0.000000 0.000000 0.000000 1.000000
0.997768 0.026355 0.061363 -0.000000 -0.024681 0.999306 -0.027882 14.289700 -0.062055 0.026305 0.997726 -0.000000 0.000000 0.000000 0.000000 1.000000
0.998860 0.033737 0.033786 0.000000 -0.032873 0.999126 -0.025820 14.289700 -0.034628 0.024680 0.999096 0.000000 0.000000 0.000000 0.000000 1.000000
0.999667 0.021881 0.013658 0.000000 -0.021574 0.999519 -0.022288 14.289700 -0.014139 0.021986 0.999658 0.000000 0.000000 0.000000 0.000000 1.000000
0.999883 0.001367 -0.015212 0.000000 -0.001606 0.999875 -0.015715 14.289700 0.015189 0.015737 0.999761 0.000000 0.000000 0.000000 0.000000 1.000000
0.998687 -0.018439 -0.047786 -0.000000 0.017981 0.999788 -0.010000 14.289700 0.047961 0.009128 0.998808 0.000000 0.000000 0.000000 0.000000 1.000000
0.996426 -0.035638 -0.076590 0.000000 0.035197 0.999355 -0.007108 14.289700 0.076794 0.004387 0.997037 0.000000 0.000000 0.000000 0.000000 1.000000
0.992528 -0.058567 -0.107039 -0.000000 0.058440 0.998282 -0.004327 14.289700 0.107108 -0.001961 0.994245 0.000000 0.000000 0.000000 0.000000 1.000000
0.987303 -0.080777 -0.136776 0.000000 0.080889 0.996712 -0.004754 14.289700 0.136710 -0.006370 0.990591 0.000000 0.000000 0.000000 0.000000 1.000000
0.984170 -0.090305 -0.152491 0.000000 0.090895 0.995856 -0.003113 14.289700 0.152140 -0.010797 0.988300 0.000000 0.000000 0.000000 0.000000 1.000000
0.984721 -0.082003 -0.153620 0.000000 0.080999 0.996632 -0.012798 14.289700 0.154152 0.000160 0.988047 -0.000000 0.000000 0.000000 0.000000 1.000000
0.986242 -0.073278 -0.148178 0.000000 0.070264 0.997203 -0.025484 14.289700 0.149631 0.014722 0.988632 0.000000 0.000000 0.000000 0.000000 1.000000
0.987121 -0.074563 -0.141538 0.000000 0.071524 0.997088 -0.026450 14.289700 0.143098 0.015986 0.989579 0.000000 0.000000 0.000000 0.000000 1.000000
0.987116 -0.085922 -0.134980 0.000000 0.082477 0.996113 -0.030920 14.289700 0.137112 0.019389 0.990366 0.000000 0.000000 0.000000 0.000000 1.000000
0.987292 -0.095961 -0.126676 0.000000 0.091872 0.995055 -0.037746 14.289700 0.129672 0.025628 0.991226 0.000000 0.000000 0.000000 0.000000 1.000000
0.989708 -0.093514 -0.108322 0.000000 0.090305 0.995328 -0.034170 14.289700 0.111011 0.024037 0.993528 0.000000 0.000000 0.000000 0.000000 1.000000
0.992493 -0.084759 -0.088169 0.000000 0.082679 0.996211 -0.026983 14.289700 0.090122 0.019490 0.995740 0.000000 0.000000 0.000000 0.000000 1.000000
0.994638 -0.074024 -0.072220 -0.000000 0.072453 0.997080 -0.024139 14.289700 0.073796 0.018777 0.997097 0.000000 0.000000 0.000000 0.000000 1.000000
0.996500 -0.060433 -0.057747 0.000000 0.059244 0.997999 -0.022092 14.289700 0.058966 0.018593 0.998087 -0.000000 0.000000 0.000000 0.000000 1.000000
0.997763 -0.047833 -0.046702 0.000000 0.046891 0.998678 -0.021069 14.289700 0.047648 0.018832 0.998687 0.000000 0.000000 0.000000 0.000000 1.000000
0.999340 -0.024587 -0.026733 -0.000000 0.024329 0.999655 -0.009936 14.289700 0.026968 0.009279 0.999593 0.000000 0.000000 0.000000 0.000000 1.000000
0.999896 0.001605 -0.014345 -0.000000 -0.001567 0.999995 0.002637 14.289700 0.014349 -0.002614 0.999894 -0.000000 0.000000 0.000000 0.000000 1.000000
0.999848 0.013507 -0.010989 0.000000 -0.013452 0.999897 0.005072 14.289700 0.011056 -0.004924 0.999927 0.000000 0.000000 0.000000 0.000000 1.000000
0.999963 0.003600 -0.007791 -0.000000 -0.003703 0.999907 -0.013163 14.289700 0.007743 0.013191 0.999883 0.000000 0.000000 0.000000 0.000000 1.000000
0.999891 -0.012700 0.007572 -0.000000 0.013016 0.998976 -0.043322 14.289700 -0.007014 0.043416 0.999032 0.000000 0.000000 0.000000 0.000000 1.000000
0.999510 -0.021783 0.022457 -0.000000 0.022802 0.998673 -0.046166 14.289700 -0.021422 0.046656 0.998681 0.000000 0.000000 0.000000 0.000000 1.000000
0.999372 -0.027783 0.022016 0.000000 0.028036 0.999543 -0.011288 14.289700 -0.021692 0.011898 0.999694 0.000000 0.000000 0.000000 0.000000 1.000000
0.999386 -0.031211 0.015948 0.000000 0.031241 0.999511 -0.001638 14.289700 -0.015889 0.002135 0.999871 0.000000 0.000000 0.000000 0.000000 1.000000
0.999173 -0.040541 0.003055 -0.000000 0.040537 0.999177 0.001496 14.289700 -0.003113 -0.001371 0.999994 0.000000 0.000000 0.000000 0.000000 1.000000
0.998686 -0.049056 -0.014834 0.000000 0.049219 0.998729 0.010850 14.289700 0.014283 -0.011566 0.999831 -0.000000 0.000000 0.000000 0.000000 1.000000
