<?xml version="1.0" encoding="utf-8"?>
<COLLADA xmlns="http://www.collada.org/2005/11/COLLADASchema" version="1.4.1">
  <asset>
    <contributor>
      <author>Mixamo</author>
      <authoring_tool>COLLADA Mixamo exporter</authoring_tool>
      <comments/>
    </contributor>
    <created>2024-04-05T10:50:09Z</created>
    <modified>2024-04-05T10:50:09Z</modified>
    <revision/>
    <title/>
    <unit meter="0.010000"/>
    <up_axis>Y_UP</up_axis>
  </asset>
  <library_animations>
    <animation id="Armature-anim" name="Armature">
      <source id="Armature-Matrix-animation-input">
        <float_array id="Armature-Matrix-animation-input-array" count="21">

0.000000 0.033333 0.066667 0.100000 0.133333 0.166667 0.200000 0.233333 0.266667 0.300000 0.333333 0.366667 0.400000 0.433333 0.466667 0.500000
0.533333 0.566667 0.600000 0.633333 0.666667</float_array>
        <technique_common>
          <accessor source="#Armature-Matrix-animation-input-array" count="21">
            <param name="TIME" type="float"/>
          </accessor>
        </technique_common>
      </source>
      <source id="Armature-Matrix-animation-output-transform">
        <float_array id="Armature-Matrix-animation-output-transform-array" count="336">

1.000000 0.000000 0.000000 0.000000 0.000000 1.000000 0.000000 0.000000 0.000000 0.000000 1.000000 0.000000 0.000000 0.000000 0.000000 1.000000
1.000000 0.000000 0.000000 0.000000 0.000000 1.000000 0.000000 0.000000 0.000000 0.000000 1.000000 0.000000 0.000000 0.000000 0.000000 1.000000
1.000000 0.000000 0.000000 0.000000 0.000000 1.000000 0.000000 0.000000 0.000000 0.000000 1.000000 0.000000 0.000000 0.000000 0.000000 1.000000
1.000000 0.000000 0.000000 0.000000 0.000000 1.000000 0.000000 0.000000 0.000000 0.000000 1.000000 0.000000 0.000000 0.000000 0.000000 1.000000
1.000000 0.000000 0.000000 0.000000 0.000000 1.000000 0.000000 0.000000 0.000000 0.000000 1.000000 0.000000 0.000000 0.000000 0.000000 1.000000
1.000000 0.000000 0.000000 0.000000 0.000000 1.000000 0.000000 0.000000 0.000000 0.000000 1.000000 0.000000 0.000000 0.000000 0.000000 1.000000
1.000000 0.000000 0.000000 0.000000 0.000000 1.000000 0.000000 0.000000 0.000000 0.000000 1.000000 0.000000 0.000000 0.000000 0.000000 1.000000
1.000000 0.000000 0.000000 0.000000 0.000000 1.000000 0.000000 0.000000 0.000000 0.000000 1.000000 0.000000 0.000000 0.000000 0.000000 1.000000
1.000000 0.000000 0.000000 0.000000 0.000000 1.000000 0.000000 0.000000 0.000000 0.000000 1.000000 0.000000 0.000000 0.000000 0.000000 1.000000
1.000000 0.000000 0.000000 0.000000 0.000000 1.000000 0.000000 0.000000 0.000000 0.000000 1.000000 0.000000 0.000000 0.000000 0.000000 1.000000
1.000000 0.000000 0.000000 0.000000 0.000000 1.000000 0.000000 0.000000 0.000000 0.000000 1.000000 0.000000 0.000000 0.000000 0.000000 1.000000
1.000000 0.000000 0.000000 0.000000 0.000000 1.000000 0.000000 0.000000 0.000000 0.000000 1.000000 0.000000 0.000000 0.000000 0.000000 1.000000
1.000000 0.000000 0.000000 0.000000 0.000000 1.000000 0.000000 0.000000 0.000000 0.000000 1.000000 0.000000 0.000000 0.000000 0.000000 1.000000
1.000000 0.000000 0.000000 0.000000 0.000000 1.000000 0.000000 0.000000 0.000000 0.000000 1.000000 0.000000 0.000000 0.000000 0.000000 1.000000
1.000000 0.000000 0.000000 0.000000 0.000000 1.000000 0.000000 0.000000 0.000000 0.000000 1.000000 0.000000 0.000000 0.000000 0.000000 1.000000
1.000000 0.000000 0.000000 0.000000 0.000000 1.000000 0.000000 0.000000 0.000000 0.000000 1.000000 0.000000 0.000000 0.000000 0.000000 1.000000
1.000000 0.000000 0.000000 0.000000 0.000000 1.000000 0.000000 0.000000 0.000000 0.000000 1.000000 0.000000 0.000000 0.000000 0.000000 1.000000
1.000000 0.000000 0.000000 0.000000 0.000000 1.000000 0.000000 0.000000 0.000000 0.000000 1.000000 0.000000 0.000000 0.000000 0.000000 1.000000
1.000000 0.000000 0.000000 0.000000 0.000000 1.000000 0.000000 0.000000 0.000000 0.000000 1.000000 0.000000 0.000000 0.000000 0.000000 1.000000
1.000000 0.000000 0.000000 0.000000 0.000000 1.000000 0.000000 0.000000 0.000000 0.000000 1.000000 0.000000 0.000000 0.000000 0.000000 1.000000
1.000000 0.000000 0.000000 0.000000 0.000000 1.000000 0.000000 0.000000 0.000000 0.000000 1.000000 0.000000 0.000000 0.000000 0.000000 1.000000</float_array>
        <technique_common>
          <accessor source="#Armature-Matrix-animation-output-transform-array" count="21" stride="16">
            <param type="float4x4"/>
          </accessor>
        </technique_common>
      </source>
      <source id="Armature-Interpolations">
        <Name_array id="Armature-Interpolations-array" count="21">
 LINEAR LINEAR LINEAR LINEAR LINEAR LINEAR LINEAR LINEAR LINEAR LINEAR LINEAR
LINEAR LINEAR LINEAR LINEAR LINEAR LINEAR LINEAR LINEAR LINEAR LINEAR</Name_array>
        <technique_common>
          <accessor source="#Armature-Interpolations-array" count="21">
            <param type="name"/>
          </accessor>
        </technique_common>
      </source>
      <sampler id="Armature-Matrix-animation-transform">
        <input semantic="INPUT" source="#Armature-Matrix-animation-input"/>
        <input semantic="OUTPUT" source="#Armature-Matrix-animation-output-transform"/>
        <input semantic="INTERPOLATION" source="#Armature-Interpolations"/>
      </sampler>
      <channel source="#Armature-Matrix-animation-transform" target="Armature/matrix"/>
    </animation>
    <animation id="mixamorig_Hips-anim" name="mixamorig_Hips">
      <source id="mixamorig_Hips-Matrix-animation-input">
        <float_array id="mixamorig_Hips-Matrix-animation-input-array" count="21">

0.000000 0.033333 0.066667 0.100000 0.133333 0.166667 0.200000 0.233333 0.266667 0.300000 0.333333 0.366667 0.400000 0.433333 0.466667 0.500000
0.533333 0.566667 0.600000 0.633333 0.666667</float_array>
        <technique_common>
          <accessor source="#mixamorig_Hips-Matrix-animation-input-array" count="21">
            <param name="TIME" type="float"/>
          </accessor>
        </technique_common>
      </source>
      <source id="mixamorig_Hips-Matrix-animation-output-transform">
        <float_array id="mixamorig_Hips-Matrix-animation-output-transform-array" count="336">

0.730708 0.044518 -0.681237 1.608786 0.011228 0.996953 0.077193 93.759926 0.682597 -0.064055 0.727982 -1.961139 0.000000 0.000000 0.000000 1.000000
0.730736 0.043977 -0.681243 1.628189 0.011483 0.996990 0.076677 93.788361 0.682564 -0.063854 0.728031 -1.954541 0.000000 0.000000 0.000000 1.000000
0.730932 0.042055 -0.681154 1.642912 0.012691 0.997089 0.075180 93.813522 0.682333 -0.063596 0.728270 -1.944691 0.000000 0.000000 0.000000 1.000000
0.731251 0.039099 -0.680987 1.651460 0.014609 0.997229 0.072943 93.834770 0.681952 -0.063288 0.728654 -1.933020 0.000000 0.000000 0.000000 1.000000
0.731649 0.035458 -0.680759 1.653338 0.016992 0.997387 0.070212 93.851196 0.681470 -0.062938 0.729135 -1.920702 0.000000 0.000000 0.000000 1.000000
0.732078 0.031486 -0.680493 1.649287 0.019586 0.997545 0.067227 93.861450 0.680939 -0.062544 0.729664 -1.908339 0.000000 0.000000 0.000000 1.000000
0.732493 0.027546 -0.680217 1.640816 0.022129 0.997690 0.064232 93.863289 0.680415 -0.062101 0.730191 -1.895822 0.000000 0.000000 0.000000 1.000000
0.732867 0.023933 -0.679951 1.630599 0.024441 0.997810 0.061463 93.859406 0.679933 -0.061663 0.730677 -1.884349 0.000000 0.000000 0.000000 1.000000
0.733169 0.020960 -0.679724 1.620738 0.026318 0.997902 0.059159 93.852341 0.679538 -0.061262 0.731078 -1.874645 0.000000 0.000000 0.000000 1.000000
0.733371 0.018948 -0.679564 1.612198 0.027549 0.997962 0.057556 93.844109 0.679270 -0.060931 0.731355 -1.867515 0.000000 0.000000 0.000000 1.000000
0.733446 0.018215 -0.679503 1.605328 0.027921 0.997990 0.056890 93.836800 0.679174 -0.060698 0.731463 -1.864071 0.000000 0.000000 0.000000 1.000000
0.733391 0.018817 -0.679547 1.599862 0.027402 0.997986 0.057208 93.831764 0.679255 -0.060577 0.731398 -1.864749 0.000000 0.000000 0.000000 1.000000
0.733234 0.020450 -0.679669 1.595294 0.026204 0.997955 0.058295 93.828911 0.679471 -0.060554 0.731199 -1.868815 0.000000 0.000000 0.000000 1.000000
0.732994 0.022898 -0.679850 1.591895 0.024478 0.997898 0.060002 93.828140 0.679795 -0.060622 0.730892 -1.875553 0.000000 0.000000 0.000000 1.000000
0.732688 0.025944 -0.680070 1.590487 0.022380 0.997814 0.062176 93.829132 0.680197 -0.060775 0.730506 -1.884189 0.000000 0.000000 0.000000 1.000000
0.732335 0.029365 -0.680311 1.591892 0.020068 0.997705 0.064667 93.831619 0.680649 -0.061011 0.730065 -1.894081 0.000000 0.000000 0.000000 1.000000
0.731956 0.032939 -0.680555 1.596441 0.017703 0.997574 0.067324 93.835312 0.681122 -0.061326 0.729598 -1.904874 0.000000 0.000000 0.000000 1.000000
0.731584 0.036406 -0.680778 1.602697 0.015495 0.997427 0.069990 93.837372 0.681575 -0.061753 0.729138 -1.916884 0.000000 0.000000 0.000000 1.000000
0.731284 0.039378 -0.680936 1.605036 0.013813 0.997272 0.072506 93.825539 0.681933 -0.062429 0.728745 -1.931547 0.000000 0.000000 0.000000 1.000000
0.731022 0.041871 -0.681068 1.605408 0.012510 0.997125 0.074729 93.799644 0.682239 -0.063149 0.728397 -1.945032 0.000000 0.000000 0.000000 1.000000
0.730800 0.043802 -0.681185 1.606934 0.011561 0.997002 0.076513 93.771393 0.682494 -0.063791 0.728102 -1.956489 0.000000 0.000000 0.000000 1.000000</float_array>
        <technique_common>
          <accessor source="#mixamorig_Hips-Matrix-animation-output-transform-array" count="21" stride="16">
            <param type="float4x4"/>
          </accessor>
        </technique_common>
      </source>
      <source id="mixamorig_Hips-Interpolations">
        <Name_array id="mixamorig_Hips-Interpolations-array" count="21">
 LINEAR LINEAR LINEAR LINEAR LINEAR LINEAR LINEAR LINEAR LINEAR LINEAR LINEAR
LINEAR LINEAR LINEAR LINEAR LINEAR LINEAR LINEAR LINEAR LINEAR LINEAR</Name_array>
        <technique_common>
          <accessor source="#mixamorig_Hips-Interpolations-array" count="21">
            <param type="name"/>
          </accessor>
        </technique_common>
      </source>
      <sampler id="mixamorig_Hips-Matrix-animation-transform">
        <input semantic="INPUT" source="#mixamorig_Hips-Matrix-animation-input"/>
        <input semantic="OUTPUT" source="#mixamorig_Hips-Matrix-animation-output-transform"/>
        <input semantic="INTERPOLATION" source="#mixamorig_Hips-Interpolations"/>
      </sampler>
      <channel source="#mixamorig_Hips-Matrix-animation-transform" target="mixamorig_Hips/matrix"/>
    </animation>
    <animation id="mixamorig_Spine-anim" name="mixamorig_Spine">
      <source id="mixamorig_Spine-Matrix-animation-input">
        <float_array id="mixamorig_Spine-Matrix-animation-input-array" count="21">

0.000000 0.033333 0.066667 0.100000 0.133333 0.166667 0.200000 0.233333 0.266667 0.300000 0.333333 0.366667 0.400000 0.433333 0.466667 0.500000
0.533333 0.566667 0.600000 0.633333 0.666667</float_array>
        <technique_common>
          <accessor source="#mixamorig_Spine-Matrix-animation-input-array" count="21">
            <param name="TIME" type="float"/>
          </accessor>
        </technique_common>
      </source>
      <source id="mixamorig_Spine-Matrix-animation-output-transform">
        <float_array id="mixamorig_Spine-Matrix-animation-output-transform-array" count="336">

0.997655 0.067445 -0.011648 -0.000000 -0.068059 0.959556 -0.273166 12.246100 -0.007247 0.273318 0.961896 0.234600 0.000000 0.000000 0.000000 1.000000
0.997653 0.067564 -0.011154 -0.000000 -0.068038 0.959524 -0.273286 12.246100 -0.007762 0.273403 0.961868 0.234600 0.000000 0.000000 0.000000 1.000000
0.997630 0.067930 -0.010952 -0.000000 -0.068333 0.959452 -0.273464 12.246100 -0.008068 0.273565 0.961820 0.234600 0.000000 0.000000 0.000000 1.000000
0.997594 0.068441 -0.011037 0.000000 -0.068845 0.959354 -0.273677 12.246100 -0.008143 0.273779 0.961758 0.234600 0.000000 0.000000 0.000000 1.000000
0.997552 0.068994 -0.011403 0.000000 -0.069476 0.959245 -0.273902 12.246100 -0.007959 0.274023 0.961690 0.234600 0.000000 0.000000 0.000000 1.000000
0.997511 0.069479 -0.012040 0.000000 -0.070115 0.959139 -0.274111 12.246100 -0.007497 0.274273 0.961623 0.234600 0.000000 0.000000 0.000000 1.000000
0.997478 0.069785 -0.012920 0.000000 -0.070649 0.959051 -0.274281 12.246100 -0.006749 0.274502 0.961563 0.234600 0.000000 0.000000 0.000000 1.000000
0.997455 0.069929 -0.013942 -0.000000 -0.071067 0.958985 -0.274403 12.246100 -0.005819 0.274695 0.961514 0.234600 0.000000 0.000000 0.000000 1.000000
0.997441 0.069910 -0.014979 0.000000 -0.071333 0.958945 -0.274474 12.246100 -0.004824 0.274840 0.961478 0.234600 0.000000 0.000000 0.000000 1.000000
0.997440 0.069717 -0.015912 -0.000000 -0.071405 0.958935 -0.274491 12.246100 -0.003878 0.274924 0.961458 0.234600 0.000000 0.000000 0.000000 1.000000
0.997455 0.069341 -0.016623 0.000000 -0.071239 0.958958 -0.274454 12.246100 -0.003091 0.274940 0.961456 0.234600 0.000000 0.000000 0.000000 1.000000
0.997484 0.068804 -0.017057 0.000000 -0.070841 0.959011 -0.274372 12.246100 -0.002520 0.274890 0.961472 0.234600 0.000000 0.000000 0.000000 1.000000
0.997524 0.068173 -0.017250 0.000000 -0.070288 0.959084 -0.274259 12.246100 -0.002153 0.274793 0.961501 0.234600 0.000000 0.000000 0.000000 1.000000
0.997571 0.067502 -0.017212 0.000000 -0.069634 0.959169 -0.274128 12.246100 -0.001995 0.274660 0.961539 0.234600 0.000000 0.000000 0.000000 1.000000
0.997619 0.066848 -0.016952 0.000000 -0.068934 0.959260 -0.273987 12.246100 -0.002054 0.274503 0.961584 0.234600 0.000000 0.000000 0.000000 1.000000
0.997666 0.066271 -0.016483 0.000000 -0.068250 0.959349 -0.273845 12.246100 -0.002335 0.274331 0.961633 0.234600 0.000000 0.000000 0.000000 1.000000
0.997705 0.065832 -0.015814 0.000000 -0.067645 0.959430 -0.273711 12.246100 -0.002847 0.274153 0.961682 0.234600 0.000000 0.000000 0.000000 1.000000
0.997731 0.065644 -0.014972 0.000000 -0.067233 0.959495 -0.273585 12.246100 -0.003593 0.273970 0.961731 0.234600 0.000000 0.000000 0.000000 1.000000
0.997723 0.065960 -0.014072 0.000000 -0.067292 0.959532 -0.273441 12.246100 -0.004533 0.273765 0.961786 0.234600 0.000000 0.000000 0.000000 1.000000
0.997700 0.066513 -0.013095 -0.000000 -0.067557 0.959552 -0.273305 12.246100 -0.005613 0.273560 0.961838 0.234600 0.000000 0.000000 0.000000 1.000000
0.997670 0.067141 -0.012109 -0.000000 -0.067892 0.959558 -0.273200 12.246100 -0.006723 0.273386 0.961881 0.234600 0.000000 0.000000 0.000000 1.000000</float_array>
        <technique_common>
          <accessor source="#mixamorig_Spine-Matrix-animation-output-transform-array" count="21" stride="16">
            <param type="float4x4"/>
          </accessor>
        </technique_common>
      </source>
      <source id="mixamorig_Spine-Interpolations">
        <Name_array id="mixamorig_Spine-Interpolations-array" count="21">
 LINEAR LINEAR LINEAR LINEAR LINEAR LINEAR LINEAR LINEAR LINEAR LINEAR LINEAR
LINEAR LINEAR LINEAR LINEAR LINEAR LINEAR LINEAR LINEAR LINEAR LINEAR</Name_array>
        <technique_common>
          <accessor source="#mixamorig_Spine-Interpolations-array" count="21">
            <param type="name"/>
          </accessor>
        </technique_common>
      </source>
      <sampler id="mixamorig_Spine-Matrix-animation-transform">
        <input semantic="INPUT" source="#mixamorig_Spine-Matrix-animation-input"/>
        <input semantic="OUTPUT" source="#mixamorig_Spine-Matrix-animation-output-transform"/>
        <input semantic="INTERPOLATION" source="#mixamorig_Spine-Interpolations"/>
      </sampler>
      <channel source="#mixamorig_Spine-Matrix-animation-transform" target="mixamorig_Spine/matrix"/>
    </animation>
    <animation id="mixamorig_Spine1-anim" name="mixamorig_Spine1">
      <source id="mixamorig_Spine1-Matrix-animation-input">
        <float_array id="mixamorig_Spine1-Matrix-animation-input-array" count="21">

0.000000 0.033333 0.066667 0.100000 0.133333 0.166667 0.200000 0.233333 0.266667 0.300000 0.333333 0.366667 0.400000 0.433333 0.466667 0.500000
0.533333 0.566667 0.600000 0.633333 0.666667</float_array>
        <technique_common>
          <accessor source="#mixamorig_Spine1-Matrix-animation-input-array" count="21">
            <param name="TIME" type="float"/>
          </accessor>
        </technique_common>
      </source>
      <source id="mixamorig_Spine1-Matrix-animation-output-transform">
        <float_array id="mixamorig_Spine1-Matrix-animation-output-transform-array" count="336">

0.992710 0.116122 -0.032278 0.000000 -0.116903 0.862550 -0.492282 14.289700 -0.029324 0.492467 0.869837 -0.000000 0.000000 0.000000 0.000000 1.000000
0.992626 0.116985 -0.031736 0.000000 -0.117380 0.862373 -0.492478 14.289700 -0.030244 0.492572 0.869746 0.000000 0.000000 0.000000 0.000000 1.000000
0.992449 0.118429 -0.031918 0.000000 -0.118714 0.862038 -0.492744 14.289700 -0.030840 0.492813 0.869589 0.000000 0.000000 0.000000 0.000000 1.000000
0.992205 0.120231 -0.032775 0.000000 -0.120691 0.861593 -0.493042 14.289700 -0.031040 0.493155 0.869388 0.000000 0.000000 0.000000 0.000000 1.000000
0.991918 0.122172 -0.034258 0.000000 -0.123096 0.861088 -0.493331 14.289700 -0.030772 0.493560 0.869167 -0.000000 0.000000 0.000000 0.000000 1.000000
0.991613 0.124033 -0.036316 0.000000 -0.125718 0.860576 -0.493563 14.289700 -0.029965 0.493989 0.868952 0.000000 0.000000 0.000000 0.000000 1.000000
0.991318 0.125610 -0.038877 0.000000 -0.128346 0.860111 -0.493697 14.289700 -0.028575 0.494400 0.868764 0.000000 0.000000 0.000000 0.000000 1.000000
0.991050 0.126825 -0.041657 -0.000000 -0.130772 0.859724 -0.493734 14.289700 -0.026804 0.494763 0.868614 -0.000000 0.000000 0.000000 0.000000 1.000000
0.990832 0.127613 -0.044353 0.000000 -0.132790 0.859442 -0.493687 14.289700 -0.024882 0.495051 0.868508 -0.000000 0.000000 0.000000 0.000000 1.000000
0.990688 0.127901 -0.046672 -0.000000 -0.134189 0.859292 -0.493570 14.289700 -0.023023 0.495237 0.868453 0.000000 0.000000 0.000000 0.000000 1.000000
0.990646 0.127616 -0.048321 0.000000 -0.134763 0.859298 -0.493403 14.289700 -0.021444 0.495299 0.868458 -0.000000 0.000000 0.000000 0.000000 1.000000
0.990710 0.126785 -0.049184 0.000000 -0.134474 0.859454 -0.493209 14.289700 -0.020260 0.495241 0.868519 -0.000000 0.000000 0.000000 0.000000 1.000000
0.990856 0.125565 -0.049372 0.000000 -0.133512 0.859718 -0.493010 14.289700 -0.019459 0.495093 0.868622 0.000000 0.000000 0.000000 0.000000 1.000000
0.991065 0.124080 -0.048935 0.000000 -0.132012 0.860059 -0.492820 14.289700 -0.019062 0.494877 0.868754 0.000000 0.000000 0.000000 0.000000 1.000000
0.991317 0.122451 -0.047926 0.000000 -0.130103 0.860446 -0.492652 14.289700 -0.019088 0.494610 0.868906 0.000000 0.000000 0.000000 0.000000 1.000000
0.991592 0.120801 -0.046396 0.000000 -0.127918 0.860852 -0.492515 14.289700 -0.019557 0.494309 0.869066 0.000000 0.000000 0.000000 0.000000 1.000000
0.991870 0.119256 -0.044395 0.000000 -0.125592 0.861250 -0.492417 14.289700 -0.020488 0.493990 0.869226 0.000000 0.000000 0.000000 0.000000 1.000000
0.992133 0.117947 -0.041960 -0.000000 -0.123255 0.861621 -0.492360 14.289700 -0.021919 0.493658 0.869380 -0.000000 0.000000 0.000000 0.000000 1.000000
0.992361 0.116996 -0.039138 0.000000 -0.121039 0.861962 -0.492312 14.289700 -0.023863 0.493288 0.869538 -0.000000 0.000000 0.000000 0.000000 1.000000
0.992543 0.116397 -0.036209 0.000000 -0.119077 0.862255 -0.492277 14.289700 -0.026078 0.492917 0.869685 0.000000 0.000000 0.000000 0.000000 1.000000
0.992669 0.116133 -0.033476 -0.000000 -0.117503 0.862475 -0.492270 14.289700 -0.028297 0.492594 0.869799 0.000000 0.000000 0.000000 0.000000 1.000000</float_array>
        <technique_common>
          <accessor source="#mixamorig_Spine1-Matrix-animation-output-transform-array" count="21" stride="16">
            <param type="float4x4"/>
          </accessor>
        </technique_common>
      </source>
      <source id="mixamorig_Spine1-Interpolations">
        <Name_array id="mixamorig_Spine1-Interpolations-array" count="21">
 LINEAR LINEAR LINEAR LINEAR LINEAR LINEAR LINEAR LINEAR LINEAR LINEAR LINEAR
LINEAR LINEAR LINEAR LINEAR LINEAR LINEAR LINEAR LINEAR LINEAR LINEAR</Name_array>
        <technique_common>
          <accessor source="#mixamorig_Spine1-Interpolations-array" count="21">
            <param type="name"/>
          </accessor>
        </technique_common>
      </source>
      <sampler id="mixamorig_Spine1-Matrix-animation-transform">
        <input semantic="INPUT" source="#mixamorig_Spine1-Matrix-animation-input"/>
        <input semantic="OUTPUT" source="#mixamorig_Spine1-Matrix-animation-output-transform"/>
        <input semantic="INTERPOLATION" source="#mixamorig_Spine1-Interpolations"/>
      </sampler>
      <channel source="#mixamorig_Spine1-Matrix-animation-transform" target="mixamorig_Spine1/matrix"/>
    </animation>
    <animation id="mixamorig_Spine2-anim" name="mixamorig_Spine2">
      <source id="mixamorig_Spine2-Matrix-animation-input">
        <float_array id="mixamorig_Spine2-Matrix-animation-input-array" count="21">

0.000000 0.033333 0.066667 0.100000 0.133333 0.166667 0.200000 0.233333 0.266667 0.300000 0.333333 0.366667 0.400000 0.433333 0.466667 0.500000
0.533333 0.566667 0.600000 0.633333 0.666667</float_array>
        <technique_common>
          <accessor source="#mixamorig_Spine2-Matrix-animation-input-array" count="21">
            <param name="TIME" type="float"/>
          </accessor>
        </technique_common>
      </source>
      <source id="mixamorig_Spine2-Matrix-animation-output-transform">
        <float_array id="mixamorig_Spine2-Matrix-animation-output-transform-array" count="336">

0.992710 0.116122 -0.032278 -0.000000 -0.116903 0.862550 -0.492282 16.330999 -0.029324 0.492467 0.869837 0.000000 0.000000 0.000000 0.000000 1.000000
0.992626 0.116985 -0.031736 -0.000000 -0.117380 0.862373 -0.492478 16.330999 -0.030244 0.492572 0.869746 0.000000 0.000000 0.000000 0.000000 1.000000
0.992449 0.118429 -0.031918 0.000000 -0.118714 0.862038 -0.492744 16.330999 -0.030840 0.492813 0.869589 0.000000 0.000000 0.000000 0.000000 1.000000
0.992205 0.120231 -0.032775 0.000000 -0.120691 0.861593 -0.493042 16.330999 -0.031040 0.493154 0.869388 0.000000 0.000000 0.000000 0.000000 1.000000
0.991918 0.122172 -0.034258 0.000000 -0.123096 0.861088 -0.493330 16.330999 -0.030772 0.493560 0.869167 0.000000 0.000000 0.000000 0.000000 1.000000
0.991613 0.124033 -0.036316 0.000000 -0.125718 0.860576 -0.493563 16.330999 -0.029965 0.493989 0.868952 0.000000 0.000000 0.000000 0.000000 1.000000
0.991318 0.125610 -0.038876 0.000000 -0.128346 0.860111 -0.493697 16.330999 -0.028575 0.494400 0.868765 0.000000 0.000000 0.000000 0.000000 1.000000
0.991050 0.126825 -0.041657 -0.000000 -0.130773 0.859724 -0.493734 16.330999 -0.026804 0.494763 0.868615 -0.000000 0.000000 0.000000 0.000000 1.000000
0.990832 0.127613 -0.044353 0.000000 -0.132790 0.859442 -0.493687 16.330999 -0.024882 0.495050 0.868508 -0.000000 0.000000 0.000000 0.000000 1.000000
0.990688 0.127901 -0.046672 0.000000 -0.134190 0.859291 -0.493570 16.330999 -0.023024 0.495237 0.868453 0.000000 0.000000 0.000000 0.000000 1.000000
0.990646 0.127616 -0.048321 -0.000000 -0.134763 0.859298 -0.493403 16.330999 -0.021444 0.495299 0.868458 0.000000 0.000000 0.000000 0.000000 1.000000
0.990710 0.126785 -0.049184 0.000000 -0.134473 0.859454 -0.493209 16.330999 -0.020260 0.495241 0.868519 0.000000 0.000000 0.000000 0.000000 1.000000
0.990856 0.125565 -0.049372 0.000000 -0.133512 0.859718 -0.493010 16.330999 -0.019459 0.495093 0.868622 0.000000 0.000000 0.000000 0.000000 1.000000
0.991065 0.124080 -0.048935 0.000000 -0.132012 0.860059 -0.492820 16.330999 -0.019062 0.494877 0.868754 0.000000 0.000000 0.000000 0.000000 1.000000
0.991317 0.122451 -0.047926 -0.000000 -0.130103 0.860446 -0.492652 16.330999 -0.019088 0.494610 0.868906 -0.000000 0.000000 0.000000 0.000000 1.000000
0.991592 0.120802 -0.046396 0.000000 -0.127919 0.860852 -0.492515 16.330999 -0.019556 0.494309 0.869066 -0.000000 0.000000 0.000000 0.000000 1.000000
0.991870 0.119256 -0.044396 0.000000 -0.125592 0.861250 -0.492417 16.330999 -0.020488 0.493990 0.869226 0.000000 0.000000 0.000000 0.000000 1.000000
0.992133 0.117947 -0.041960 0.000000 -0.123255 0.861621 -0.492360 16.330999 -0.021919 0.493658 0.869380 -0.000000 0.000000 0.000000 0.000000 1.000000
0.992361 0.116996 -0.039138 0.000000 -0.121039 0.861962 -0.492312 16.330999 -0.023863 0.493288 0.869538 0.000000 0.000000 0.000000 0.000000 1.000000
0.992543 0.116397 -0.036209 -0.000000 -0.119077 0.862255 -0.492277 16.330999 -0.026078 0.492917 0.869685 -0.000000 0.000000 0.000000 0.000000 1.000000
0.992669 0.116133 -0.033476 -0.000000 -0.117503 0.862475 -0.492270 16.330999 -0.028296 0.492595 0.869799 0.000000 0.000000 0.000000 0.000000 1.000000</float_array>
        <technique_common>
          <accessor source="#mixamorig_Spine2-Matrix-animation-output-transform-array" count="21" stride="16">
            <param type="float4x4"/>
          </accessor>
        </technique_common>
      </source>
      <source id="mixamorig_Spine2-Interpolations">
        <Name_array id="mixamorig_Spine2-Interpolations-array" count="21">
 LINEAR LINEAR LINEAR LINEAR LINEAR LINEAR LINEAR LINEAR LINEAR LINEAR LINEAR
LINEAR LINEAR LINEAR LINEAR LINEAR LINEAR LINEAR LINEAR LINEAR LINEAR</Name_array>
        <technique_common>
          <accessor source="#mixamorig_Spine2-Interpolations-array" count="21">
            <param type="name"/>
          </accessor>
        </technique_common>
      </source>
      <sampler id="mixamorig_Spine2-Matrix-animation-transform">
        <input semantic="INPUT" source="#mixamorig_Spine2-Matrix-animation-input"/>
        <input semantic="OUTPUT" source="#mixamorig_Spine2-Matrix-animation-output-transform"/>
        <input semantic="INTERPOLATION" source="#mixamorig_Spine2-Interpolations"/>
      </sampler>
      <channel source="#mixamorig_Spine2-Matrix-animation-transform" target="mixamorig_Spine2/matrix"/>
    </animation>
    <animation id="mixamorig_Neck-anim" name="mixamorig_Neck">
      <source id="mixamorig_Neck-Matrix-animation-input">
        <float_array id="mixamorig_Neck-Matrix-animation-input-array" count="21">

0.000000 0.033333 0.066667 0.100000 0.133333 0.166667 0.200000 0.233333 0.266667 0.300000 0.333333 0.366667 0.400000 0.433333 0.466667 0.500000
0.533333 0.566667 0.600000 0.633333 0.666667</float_array>
        <technique_common>
          <accessor source="#mixamorig_Neck-Matrix-animation-input-array" count="21">
            <param name="TIME" type="float"/>
          </accessor>
        </technique_common>
      </source>
      <source id="mixamorig_Neck-Matrix-animation-output-transform">
        <float_array id="mixamorig_Neck-Matrix-animation-output-transform-array" count="336">

0.990625 0.106458 0.085611 0.000000 -0.111504 0.992158 0.056476 18.372499 -0.078927 -0.065493 0.994727 0.000000 0.000000 0.000000 0.000000 1.000000
0.991442 0.100792 0.082973 0.000000 -0.105681 0.992777 0.056797 18.372499 -0.076649 -0.065080 0.994932 -0.000000 0.000000 0.000000 0.000000 1.000000
0.992337 0.094274 0.079878 0.000000 -0.098971 0.993455 0.057032 18.372499 -0.073978 -0.064501 0.995172 0.000000 0.000000 0.000000 0.000000 1.000000
0.993173 0.087829 0.076768 -0.000000 -0.092328 0.994087 0.057158 18.372499 -0.071294 -0.063856 0.995409 0.000000 0.000000 0.000000 0.000000 1.000000
0.993843 0.082386 0.074086 0.000000 -0.086709 0.994593 0.057149 18.372499 -0.068977 -0.063221 0.995613 -0.000000 0.000000 0.000000 0.000000 1.000000
0.994261 0.078878 0.072277 -0.000000 -0.083072 0.994913 0.056989 18.372499 -0.067414 -0.062666 0.995755 -0.000000 0.000000 0.000000 0.000000 1.000000
0.994361 0.078107 0.071728 -0.000000 -0.082244 0.995000 0.056667 18.372499 -0.066943 -0.062247 0.995813 -0.000000 0.000000 0.000000 0.000000 1.000000
0.994194 0.079701 0.072286 -0.000000 -0.083847 0.994889 0.056262 18.372499 -0.067433 -0.061996 0.995796 0.000000 0.000000 0.000000 0.000000 1.000000
0.993805 0.083150 0.073737 0.000000 -0.087362 0.994609 0.055865 18.372499 -0.068694 -0.061961 0.995712 0.000000 0.000000 0.000000 0.000000 1.000000
0.993223 0.088020 0.075898 -0.000000 -0.092349 0.994176 0.055551 18.372499 -0.070566 -0.062183 0.995567 0.000000 0.000000 0.000000 0.000000 1.000000
0.992477 0.093876 0.078589 0.000000 -0.098369 0.993607 0.055394 18.372499 -0.072886 -0.062708 0.995367 0.000000 0.000000 0.000000 0.000000 1.000000
0.991609 0.100263 0.081603 0.000000 -0.104958 0.992931 0.055426 18.372499 -0.075469 -0.063525 0.995123 0.000000 0.000000 0.000000 0.000000 1.000000
0.990676 0.106708 0.084704 0.000000 -0.111624 0.992194 0.055589 18.372499 -0.078111 -0.064526 0.994854 0.000000 0.000000 0.000000 0.000000 1.000000
0.989750 0.112745 0.087661 0.000000 -0.117886 0.991455 0.055860 18.372499 -0.080614 -0.065622 0.994583 0.000000 0.000000 0.000000 0.000000 1.000000
0.988915 0.117912 0.090245 -0.000000 -0.123264 0.990781 0.056205 18.372499 -0.082786 -0.066706 0.994332 -0.000000 0.000000 0.000000 0.000000 1.000000
0.988266 0.121753 0.092229 -0.000000 -0.127280 0.990250 0.056605 18.372499 -0.084438 -0.067679 0.994128 0.000000 0.000000 0.000000 0.000000 1.000000
0.987902 0.123812 0.093382 0.000000 -0.129458 0.989944 0.057017 18.372499 -0.085383 -0.068417 0.993996 0.000000 0.000000 0.000000 0.000000 1.000000
0.987929 0.123560 0.093434 0.000000 -0.129238 0.989953 0.057363 18.372499 -0.085407 -0.068745 0.993972 -0.000000 0.000000 0.000000 0.000000 1.000000
0.988416 0.120591 0.092145 0.000000 -0.126171 0.990351 0.057319 18.372499 -0.084343 -0.068281 0.994095 -0.000000 0.000000 0.000000 0.000000 1.000000
0.989215 0.115651 0.089880 0.000000 -0.121040 0.991009 0.057007 18.372499 -0.082479 -0.067272 0.994320 -0.000000 0.000000 0.000000 0.000000 1.000000
0.990153 0.109614 0.087078 -0.000000 -0.114774 0.991776 0.056628 18.372499 -0.080155 -0.066065 0.994591 -0.000000 0.000000 0.000000 0.000000 1.000000</float_array>
        <technique_common>
          <accessor source="#mixamorig_Neck-Matrix-animation-output-transform-array" count="21" stride="16">
            <param type="float4x4"/>
          </accessor>
        </technique_common>
      </source>
      <source id="mixamorig_Neck-Interpolations">
        <Name_array id="mixamorig_Neck-Interpolations-array" count="21">
 LINEAR LINEAR LINEAR LINEAR LINEAR LINEAR LINEAR LINEAR LINEAR LINEAR LINEAR
LINEAR LINEAR LINEAR LINEAR LINEAR LINEAR LINEAR LINEAR LINEAR LINEAR</Name_array>
        <technique_common>
          <accessor source="#mixamorig_Neck-Interpolations-array" count="21">
            <param type="name"/>
          </accessor>
        </technique_common>
      </source>
      <sampler id="mixamorig_Neck-Matrix-animation-transform">
        <input semantic="INPUT" source="#mixamorig_Neck-Matrix-animation-input"/>
        <input semantic="OUTPUT" source="#mixamorig_Neck-Matrix-animation-output-transform"/>
        <input semantic="INTERPOLATION" source="#mixamorig_Neck-Interpolations"/>
      </sampler>
      <channel source="#mixamorig_Neck-Matrix-animation-transform" target="mixamorig_Neck/matrix"/>
    </animation>
    <animation id="mixamorig_Head-anim" name="mixamorig_Head">
      <source id="mixamorig_Head-Matrix-animation-input">
        <float_array id="mixamorig_Head-Matrix-animation-input-array" count="21">

0.000000 0.033333 0.066667 0.100000 0.133333 0.166667 0.200000 0.233333 0.266667 0.300000 0.333333 0.366667 0.400000 0.433333 0.466667 0.500000
0.533333 0.566667 0.600000 0.633333 0.666667</float_array>
        <technique_common>
          <accessor source="#mixamorig_Head-Matrix-animation-input-array" count="21">
            <param name="TIME" type="float"/>
          </accessor>
        </technique_common>
      </source>
      <source id="mixamorig_Head-Matrix-animation-output-transform">
        <float_array id="mixamorig_Head-Matrix-animation-output-transform-array" count="336">

0.991470 -0.028234 0.127239 0.000000 0.040639 0.994553 -0.095979 17.907801 -0.123836 0.100331 0.987217 1.542600 0.000000 0.000000 0.000000 1.000000
0.991537 -0.024899 0.127416 0.000000 0.037315 0.994681 -0.096004 17.907801 -0.124348 0.099946 0.987192 1.542600 0.000000 0.000000 0.000000 1.000000
0.991650 -0.021591 0.127141 -0.000000 0.033850 0.994896 -0.095064 17.907801 -0.124440 0.098574 0.987319 1.542600 0.000000 0.000000 0.000000 1.000000
0.991792 -0.018761 0.126476 0.000000 0.030726 0.995161 -0.093325 17.907801 -0.124113 0.096445 0.987570 1.542600 0.000000 0.000000 0.000000 1.000000
0.991954 -0.016862 0.125474 -0.000000 0.028426 0.995450 -0.090947 17.907801 -0.123369 0.093781 0.987920 1.542600 0.000000 0.000000 0.000000 1.000000
0.992125 -0.016348 0.124177 -0.000000 0.027434 0.995734 -0.088098 17.907801 -0.122207 0.090811 0.988341 1.542600 0.000000 0.000000 0.000000 1.000000
0.992297 -0.017589 0.122629 -0.000000 0.028154 0.995986 -0.084960 17.907801 -0.120643 0.087758 0.988809 1.542600 0.000000 0.000000 0.000000 1.000000
0.992450 -0.020209 0.120976 0.000000 0.030262 0.996185 -0.081849 17.907801 -0.118861 0.084892 0.989275 1.542600 0.000000 0.000000 0.000000 1.000000
0.992564 -0.023746 0.119382 0.000000 0.033349 0.996309 -0.079098 17.907801 -0.117063 0.082491 0.989693 1.542600 0.000000 0.000000 0.000000 1.000000
0.992622 -0.027792 0.118018 0.000000 0.037053 0.996341 -0.077019 17.907801 -0.115446 0.080824 0.990020 1.542600 0.000000 0.000000 0.000000 1.000000
0.992611 -0.031939 0.117065 -0.000000 0.041011 0.996270 -0.075923 17.907801 -0.114203 0.080163 0.990218 1.542600 0.000000 0.000000 0.000000 1.000000
0.992530 -0.035876 0.116607 -0.000000 0.044922 0.996103 -0.075897 17.907801 -0.113429 0.080568 0.990274 1.542600 0.000000 0.000000 0.000000 1.000000
0.992398 -0.039419 0.116583 -0.000000 0.048570 0.995869 -0.076716 17.907801 -0.113078 0.081795 0.990214 1.542600 0.000000 0.000000 0.000000 1.000000
0.992233 -0.042353 0.116963 0.000000 0.051719 0.995592 -0.078236 17.907801 -0.113134 0.083677 0.990050 1.542600 0.000000 0.000000 0.000000 1.000000
0.992052 -0.044463 0.117708 0.000000 0.054137 0.995299 -0.080309 17.907801 -0.113584 0.086043 0.989796 1.542600 0.000000 0.000000 0.000000 1.000000
0.991877 -0.045534 0.118771 -0.000000 0.055592 0.995015 -0.082797 17.907801 -0.114409 0.088727 0.989464 1.542600 0.000000 0.000000 0.000000 1.000000
0.991725 -0.045352 0.120100 0.000000 0.055851 0.994768 -0.085544 17.907801 -0.115592 0.091544 0.989069 1.542600 0.000000 0.000000 0.000000 1.000000
0.991613 -0.043653 0.121647 0.000000 0.054627 0.994587 -0.088388 17.907801 -0.117130 0.094292 0.988630 1.542600 0.000000 0.000000 0.000000 1.000000
0.991546 -0.040239 0.123357 0.000000 0.051682 0.994508 -0.091010 17.907801 -0.119017 0.096616 0.988180 1.542600 0.000000 0.000000 0.000000 1.000000
0.991507 -0.035695 0.125061 -0.000000 0.047571 0.994501 -0.093303 17.907801 -0.121043 0.098460 0.987752 1.542600 0.000000 0.000000 0.000000 1.000000
0.991480 -0.030694 0.126591 -0.000000 0.042944 0.994531 -0.095202 17.907801 -0.122976 0.099827 0.987376 1.542600 0.000000 0.000000 0.000000 1.000000</float_array>
        <technique_common>
          <accessor source="#mixamorig_Head-Matrix-animation-output-transform-array" count="21" stride="16">
            <param type="float4x4"/>
          </accessor>
        </technique_common>
      </source>
      <source id="mixamorig_Head-Interpolations">
        <Name_array id="mixamorig_Head-Interpolations-array" count="21">
 LINEAR LINEAR LINEAR LINEAR LINEAR LINEAR LINEAR LINEAR LINEAR LINEAR LINEAR
LINEAR LINEAR LINEAR LINEAR LINEAR LINEAR LINEAR LINEAR LINEAR LINEAR</Name_array>
        <technique_common>
          <accessor source="#mixamorig_Head-Interpolations-array" count="21">
            <param type="name"/>
          </accessor>
        </technique_common>
      </source>
      <sampler id="mixamorig_Head-Matrix-animation-transform">
        <input semantic="INPUT" source="#mixamorig_Head-Matrix-animation-input"/>
        <input semantic="OUTPUT" source="#mixamorig_Head-Matrix-animation-output-transform"/>
        <input semantic="INTERPOLATION" source="#mixamorig_Head-Interpolations"/>
      </sampler>
      <channel source="#mixamorig_Head-Matrix-animation-transform" target="mixamorig_Head/matrix"/>
    </animation>
    <animation id="mixamorig_HeadTop_End-anim" name="mixamorig_HeadTop_End">
      <source id="mixamorig_HeadTop_End-Matrix-animation-input">
        <float_array id="mixamorig_HeadTop_End-Matrix-animation-input-array" count="21">

0.000000 0.033333 0.066667 0.100000 0.133333 0.166667 0.200000 0.233333 0.266667 0.300000 0.333333 0.366667 0.400000 0.433333 0.466667 0.500000
0.533333 0.566667 0.600000 0.633333 0.666667</float_array>
        <technique_common>
          <accessor source="#mixamorig_HeadTop_End-Matrix-animation-input-array" count="21">
            <param name="TIME" type="float"/>
          </accessor>
        </technique_common>
      </source>
      <source id="mixamorig_HeadTop_End-Matrix-animation-output-transform">
        <float_array id="mixamorig_HeadTop_End-Matrix-animation-output-transform-array" count="336">

1.000000 0.000000 -0.000000 0.000000 -0.000000 1.000000 0.000000 29.625900 -0.000000 0.000000 1.000000 2.552100 0.000000 0.000000 0.000000 1.000000
1.000000 0.000000 -0.000000 0.000000 0.000000 1.000000 0.000000 29.625900 0.000000 0.000000 1.000000 2.552100 0.000000 0.000000 0.000000 1.000000
1.000000 -0.000000 -0.000000 -0.000000 0.000000 1.000000 0.000000 29.625900 -0.000000 -0.000000 1.000000 2.552100 0.000000 0.000000 0.000000 1.000000
1.000000 -0.000000 -0.000000 0.000000 0.000000 1.000000 0.000000 29.625900 0.000000 -0.000000 1.000000 2.552100 0.000000 0.000000 0.000000 1.000000
1.000000 0.000000 0.000000 0.000000 0.000000 1.000000 0.000000 29.625900 0.000000 -0.000000 1.000000 2.552100 0.000000 0.000000 0.000000 1.000000
1.000000 0.000000 0.000000 -0.000000 -0.000000 1.000000 0.000000 29.625900 -0.000000 0.000000 1.000000 2.552100 0.000000 0.000000 0.000000 1.000000
1.000000 -0.000000 0.000000 0.000000 -0.000000 1.000000 -0.000000 29.625900 0.000000 -0.000000 1.000000 2.552100 0.000000 0.000000 0.000000 1.000000
1.000000 -0.000000 -0.000000 0.000000 0.000000 1.000000 -0.000000 29.625900 -0.000000 0.000000 1.000000 2.552100 0.000000 0.000000 0.000000 1.000000
1.000000 0.000000 0.000000 -0.000000 -0.000000 1.000000 -0.000000 29.625900 -0.000000 0.000000 1.000000 2.552100 0.000000 0.000000 0.000000 1.000000
1.000000 0.000000 0.000000 0.000000 0.000000 1.000000 0.000000 29.625900 0.000000 0.000000 1.000000 2.552100 0.000000 0.000000 0.000000 1.000000
1.000000 -0.000000 0.000000 0.000000 0.000000 1.000000 0.000000 29.625900 0.000000 0.000000 1.000000 2.552100 0.000000 0.000000 0.000000 1.000000
1.000000 0.000000 -0.000000 0.000000 0.000000 1.000000 -0.000000 29.625900 -0.000000 0.000000 1.000000 2.552100 0.000000 0.000000 0.000000 1.000000
1.000000 -0.000000 0.000000 0.000000 0.000000 1.000000 0.000000 29.625900 -0.000000 0.000000 1.000000 2.552100 0.000000 0.000000 0.000000 1.000000
1.000000 0.000000 -0.000000 -0.000000 0.000000 1.000000 0.000000 29.625900 0.000000 -0.000000 1.000000 2.552100 0.000000 0.000000 0.000000 1.000000
1.000000 0.000000 -0.000000 -0.000000 0.000000 1.000000 0.000000 29.625900 0.000000 -0.000000 1.000000 2.552100 0.000000 0.000000 0.000000 1.000000
1.000000 0.000000 -0.000000 0.000000 0.000000 1.000000 0.000000 29.625900 0.000000 -0.000000 1.000000 2.552100 0.000000 0.000000 0.000000 1.000000
1.000000 0.000000 0.000000 0.000000 -0.000000 1.000000 0.000000 29.625900 0.000000 -0.000000 1.000000 2.552100 0.000000 0.000000 0.000000 1.000000
1.000000 0.000000 0.000000 0.000000 0.000000 1.000000 0.000000 29.625900 0.000000 -0.000000 1.000000 2.552100 0.000000 0.000000 0.000000 1.000000
1.000000 -0.000000 0.000000 0.000000 0.000000 1.000000 0.000000 29.625900 0.000000 -0.000000 1.000000 2.552100 0.000000 0.000000 0.000000 1.000000
1.000000 0.000000 0.000000 0.000000 0.000000 1.000000 0.000000 29.625900 0.000000 0.000000 1.000000 2.552100 0.000000 0.000000 0.000000 1.000000
