<?xml version="1.0" encoding="utf-8"?>
<COLLADA xmlns="http://www.collada.org/2005/11/COLLADASchema" version="1.4.1">
  <asset>
    <contributor>
      <author>Mixamo</author>
      <authoring_tool>COLLADA Mixamo exporter</authoring_tool>
      <comments/>
    </contributor>
    <created>2024-05-15T12:27:14Z</created>
    <modified>2024-05-15T12:27:14Z</modified>
    <revision/>
    <title/>
    <unit meter="0.010000"/>
    <up_axis>Y_UP</up_axis>
  </asset>
  <library_animations>
    <animation id="Armature-anim" name="Armature">
      <source id="Armature-Matrix-animation-input">
        <float_array id="Armature-Matrix-animation-input-array" count="16">

0.000000 0.033333 0.066667 0.100000 0.133333 0.166667 0.200000 0.233333 0.266667 0.300000 0.333333 0.366667 0.400000 0.433333 0.466667 0.500000</float_array>
        <technique_common>
          <accessor source="#Armature-Matrix-animation-input-array" count="16">
            <param name="TIME" type="float"/>
          </accessor>
        </technique_common>
      </source>
      <source id="Armature-Matrix-animation-output-transform">
        <float_array id="Armature-Matrix-animation-output-transform-array" count="256">

1.000000 0.000000 0.000000 0.000000 0.000000 1.000000 0.000000 0.000000 0.000000 0.000000 1.000000 0.000000 0.000000 0.000000 0.000000 1.000000
1.000000 0.000000 0.000000 0.000000 0.000000 1.000000 0.000000 0.000000 0.000000 0.000000 1.000000 0.000000 0.000000 0.000000 0.000000 1.000000
1.000000 0.000000 0.000000 0.000000 0.000000 1.000000 0.000000 0.000000 0.000000 0.000000 1.000000 0.000000 0.000000 0.000000 0.000000 1.000000
1.000000 0.000000 0.000000 0.000000 0.000000 1.000000 0.000000 0.000000 0.000000 0.000000 1.000000 0.000000 0.000000 0.000000 0.000000 1.000000
1.000000 0.000000 0.000000 0.000000 0.000000 1.000000 0.000000 0.000000 0.000000 0.000000 1.000000 0.000000 0.000000 0.000000 0.000000 1.000000
1.000000 0.000000 0.000000 0.000000 0.000000 1.000000 0.000000 0.000000 0.000000 0.000000 1.000000 0.000000 0.000000 0.000000 0.000000 1.000000
1.000000 0.000000 0.000000 0.000000 0.000000 1.000000 0.000000 0.000000 0.000000 0.000000 1.000000 0.000000 0.000000 0.000000 0.000000 1.000000
1.000000 0.000000 0.000000 0.000000 0.000000 1.000000 0.000000 0.000000 0.000000 0.000000 1.000000 0.000000 0.000000 0.000000 0.000000 1.000000
1.000000 0.000000 0.000000 0.000000 0.000000 1.000000 0.000000 0.000000 0.000000 0.000000 1.000000 0.000000 0.000000 0.000000 0.000000 1.000000
1.000000 0.000000 0.000000 0.000000 0.000000 1.000000 0.000000 0.000000 0.000000 0.000000 1.000000 0.000000 0.000000 0.000000 0.000000 1.000000
1.000000 0.000000 0.000000 0.000000 0.000000 1.000000 0.000000 0.000000 0.000000 0.000000 1.000000 0.000000 0.000000 0.000000 0.000000 1.000000
1.000000 0.000000 0.000000 0.000000 0.000000 1.000000 0.000000 0.000000 0.000000 0.000000 1.000000 0.000000 0.000000 0.000000 0.000000 1.000000
1.000000 0.000000 0.000000 0.000000 0.000000 1.000000 0.000000 0.000000 0.000000 0.000000 1.000000 0.000000 0.000000 0.000000 0.000000 1.000000
1.000000 0.000000 0.000000 0.000000 0.000000 1.000000 0.000000 0.000000 0.000000 0.000000 1.000000 0.000000 0.000000 0.000000 0.000000 1.000000
1.000000 0.000000 0.000000 0.000000 0.000000 1.000000 0.000000 0.000000 0.000000 0.000000 1.000000 0.000000 0.000000 0.000000 0.000000 1.000000
1.000000 0.000000 0.000000 0.000000 0.000000 1.000000 0.000000 0.000000 0.000000 0.000000 1.000000 0.000000 0.000000 0.000000 0.000000 1.000000</float_array>
        <technique_common>
          <accessor source="#Armature-Matrix-animation-output-transform-array" count="16" stride="16">
            <param type="float4x4"/>
          </accessor>
        </technique_common>
      </source>
      <source id="Armature-Interpolations">
        <Name_array id="Armature-Interpolations-array" count="16">
 LINEAR LINEAR LINEAR LINEAR LINEAR LINEAR LINEAR LINEAR LINEAR LINEAR LINEAR
LINEAR LINEAR LINEAR LINEAR LINEAR</Name_array>
        <technique_common>
          <accessor source="#Armature-Interpolations-array" count="16">
            <param type="name"/>
          </accessor>
        </technique_common>
      </source>
      <sampler id="Armature-Matrix-animation-transform">
        <input semantic="INPUT" source="#Armature-Matrix-animation-input"/>
        <input semantic="OUTPUT" source="#Armature-Matrix-animation-output-transform"/>
        <input semantic="INTERPOLATION" source="#Armature-Interpolations"/>
      </sampler>
      <channel source="#Armature-Matrix-animation-transform" target="Armature/matrix"/>
    </animation>
    <animation id="mixamorig_Hips-anim" name="mixamorig_Hips">
      <source id="mixamorig_Hips-Matrix-animation-input">
        <float_array id="mixamorig_Hips-Matrix-animation-input-array" count="16">

0.000000 0.033333 0.066667 0.100000 0.133333 0.166667 0.200000 0.233333 0.266667 0.300000 0.333333 0.366667 0.400000 0.433333 0.466667 0.500000</float_array>
        <technique_common>
          <accessor source="#mixamorig_Hips-Matrix-animation-input-array" count="16">
            <param name="TIME" type="float"/>
          </accessor>
        </technique_common>
      </source>
      <source id="mixamorig_Hips-Matrix-animation-output-transform">
        <float_array id="mixamorig_Hips-Matrix-animation-output-transform-array" count="256">

0.971579 -0.017363 -0.236079 0.835024 -0.058937 0.948158 -0.312287 94.805725 0.229262 0.317325 0.920187 -1.667194 0.000000 0.000000 0.000000 1.000000
0.973785 -0.121855 -0.192078 0.835783 0.055097 0.945619 -0.320577 93.903900 0.220697 0.301590 0.927543 -2.480680 0.000000 0.000000 0.000000 1.000000
0.966290 -0.247414 -0.071204 -0.325294 0.212214 0.922010 -0.323826 92.542732 0.145769 0.297799 0.943434 -4.027121 0.000000 0.000000 0.000000 1.000000
0.978855 -0.204496 0.005000 -1.257908 0.194073 0.920684 -0.338638 93.860764 0.064647 0.332448 0.940903 -4.507185 0.000000 0.000000 0.000000 1.000000
0.995004 -0.092682 0.037102 -1.609500 0.099657 0.944130 -0.314144 95.792053 -0.005913 0.316272 0.948650 -4.104420 0.000000 0.000000 0.000000 1.000000
0.996402 -0.055861 0.063734 -1.543960 0.071838 0.955693 -0.285466 96.329742 -0.044964 0.289018 0.956267 -4.476731 0.000000 0.000000 0.000000 1.000000
0.993119 -0.069783 0.094043 -1.456506 0.094749 0.950768 -0.295066 95.771103 -0.068823 0.301946 0.950838 -5.148663 0.000000 0.000000 0.000000 1.000000
0.984959 -0.046659 0.166372 -1.565475 0.096710 0.946776 -0.307022 95.260056 -0.143191 0.318494 0.937047 -6.487328 0.000000 0.000000 0.000000 1.000000
0.987999 0.043839 0.148108 -1.146793 0.000822 0.957371 -0.288860 95.685493 -0.154458 0.285515 0.945846 -7.174205 0.000000 0.000000 0.000000 1.000000
0.977871 0.206737 0.032078 0.037406 -0.189675 0.940771 -0.281021 95.074898 -0.088275 0.268718 0.959165 -6.969904 0.000000 0.000000 0.000000 1.000000
0.966363 0.251717 -0.052739 0.826167 -0.255300 0.914129 -0.314944 95.110153 -0.031066 0.317814 0.947644 -6.933035 0.000000 0.000000 0.000000 1.000000
0.987938 0.133228 -0.078918 1.397328 -0.151925 0.932510 -0.327634 96.825691 0.029942 0.335672 0.941503 -5.328163 0.000000 0.000000 0.000000 1.000000
0.995210 0.057456 -0.079095 1.883642 -0.078139 0.953714 -0.290387 96.773643 0.058750 0.295176 0.953635 -4.427313 0.000000 0.000000 0.000000 1.000000
0.994968 0.026650 -0.096581 1.815074 -0.052286 0.960409 -0.273644 96.545822 0.085464 0.277317 0.956970 -3.322823 0.000000 0.000000 0.000000 1.000000
0.988044 0.046574 -0.146972 1.349055 -0.088386 0.952189 -0.292445 94.706619 0.126324 0.301939 0.944921 -2.776054 0.000000 0.000000 0.000000 1.000000
0.972393 0.020298 -0.232463 0.955454 -0.094524 0.945081 -0.312870 94.647354 0.213346 0.326206 0.920909 -2.141978 0.000000 0.000000 0.000000 1.000000</float_array>
        <technique_common>
          <accessor source="#mixamorig_Hips-Matrix-animation-output-transform-array" count="16" stride="16">
            <param type="float4x4"/>
          </accessor>
        </technique_common>
      </source>
      <source id="mixamorig_Hips-Interpolations">
        <Name_array id="mixamorig_Hips-Interpolations-array" count="16">
 LINEAR LINEAR LINEAR LINEAR LINEAR LINEAR LINEAR LINEAR LINEAR LINEAR LINEAR
LINEAR LINEAR LINEAR LINEAR LINEAR</Name_array>
        <technique_common>
          <accessor source="#mixamorig_Hips-Interpolations-array" count="16">
            <param type="name"/>
          </accessor>
        </technique_common>
      </source>
      <sampler id="mixamorig_Hips-Matrix-animation-transform">
        <input semantic="INPUT" source="#mixamorig_Hips-Matrix-animation-input"/>
        <input semantic="OUTPUT" source="#mixamorig_Hips-Matrix-animation-output-transform"/>
        <input semantic="INTERPOLATION" source="#mixamorig_Hips-Interpolations"/>
      </sampler>
      <channel source="#mixamorig_Hips-Matrix-animation-transform" target="mixamorig_Hips/matrix"/>
    </animation>
    <animation id="mixamorig_Spine-anim" name="mixamorig_Spine">
      <source id="mixamorig_Spine-Matrix-animation-input">
        <float_array id="mixamorig_Spine-Matrix-animation-input-array" count="16">

0.000000 0.033333 0.066667 0.100000 0.133333 0.166667 0.200000 0.233333 0.266667 0.300000 0.333333 0.366667 0.400000 0.433333 0.466667 0.500000</float_array>
        <technique_common>
          <accessor source="#mixamorig_Spine-Matrix-animation-input-array" count="16">
            <param name="TIME" type="float"/>
          </accessor>
        </technique_common>
      </source>
      <source id="mixamorig_Spine-Matrix-animation-output-transform">
        <float_array id="mixamorig_Spine-Matrix-animation-output-transform-array" count="256">

0.993310 0.002326 0.115458 0.000000 0.012287 0.991993 -0.125694 12.246100 -0.114826 0.126272 0.985328 0.234600 0.000000 0.000000 0.000000 1.000000
0.979182 0.103829 0.174417 0.000000 -0.083297 0.989129 -0.121187 12.246100 -0.185104 0.104136 0.977186 0.234600 0.000000 0.000000 0.000000 1.000000
0.947636 0.245760 0.203933 0.000000 -0.216404 0.963781 -0.155867 12.246100 -0.234852 0.103574 0.966497 0.234600 0.000000 0.000000 0.000000 1.000000
0.950113 0.232883 0.207487 0.000000 -0.205868 0.967965 -0.143744 12.246100 -0.234316 0.093858 0.967619 0.234600 0.000000 0.000000 0.000000 1.000000
0.976894 0.149572 0.152662 0.000000 -0.128899 0.982095 -0.137387 12.246100 -0.170478 0.114534 0.978682 0.234600 0.000000 0.000000 0.000000 1.000000
0.990891 0.120859 0.059405 0.000000 -0.111236 0.983183 -0.144836 12.246100 -0.075911 0.136909 0.987671 0.234600 0.000000 0.000000 0.000000 1.000000
0.991600 0.126710 -0.025969 0.000000 -0.128876 0.984959 -0.115097 12.246100 0.010994 0.117477 0.993015 0.234600 0.000000 0.000000 0.000000 1.000000
0.991130 0.085960 -0.101348 0.000000 -0.096542 0.989817 -0.104601 12.246100 0.091324 0.113458 0.989337 0.234600 0.000000 0.000000 0.000000 1.000000
0.990163 -0.015580 -0.139051 -0.000000 -0.004859 0.989353 -0.145454 12.246100 0.139837 0.144698 0.979545 0.234600 0.000000 0.000000 0.000000 1.000000
0.969490 -0.185655 -0.160067 0.000000 0.155762 0.970780 -0.182551 12.246100 0.189281 0.152049 0.970079 0.234600 0.000000 0.000000 0.000000 1.000000
0.949699 -0.258259 -0.177125 -0.000000 0.226425 0.957001 -0.181331 12.246100 0.216339 0.132105 0.967340 0.234600 0.000000 0.000000 0.000000 1.000000
0.973044 -0.167777 -0.158231 -0.000000 0.142903 0.977154 -0.157318 12.246100 0.181010 0.130465 0.974789 0.234600 0.000000 0.000000 0.000000 1.000000
0.986464 -0.109553 -0.122008 -0.000000 0.085799 0.978931 -0.185292 12.246100 0.139737 0.172315 0.975080 0.234600 0.000000 0.000000 0.000000 1.000000
0.993512 -0.085583 -0.074894 0.000000 0.070971 0.981156 -0.179714 12.246100 0.088863 0.173232 0.980864 0.234600 0.000000 0.000000 0.000000 1.000000
0.996193 -0.086947 -0.006381 -0.000000 0.085190 0.986384 -0.140674 12.246100 0.018525 0.139594 0.990035 0.234600 0.000000 0.000000 0.000000 1.000000
0.995736 -0.041380 0.082450 0.000000 0.051119 0.991487 -0.119750 12.246100 -0.076793 0.123454 0.989375 0.234600 0.000000 0.000000 0.000000 1.000000</float_array>
        <technique_common>
          <accessor source="#mixamorig_Spine-Matrix-animation-output-transform-array" count="16" stride="16">
            <param type="float4x4"/>
          </accessor>
        </technique_common>
      </source>
      <source id="mixamorig_Spine-Interpolations">
        <Name_array id="mixamorig_Spine-Interpolations-array" count="16">
 LINEAR LINEAR LINEAR LINEAR LINEAR LINEAR LINEAR LINEAR LINEAR LINEAR LINEAR
LINEAR LINEAR LINEAR LINEAR LINEAR</Name_array>
        <technique_common>
          <accessor source="#mixamorig_Spine-Interpolations-array" count="16">
            <param type="name"/>
          </accessor>
        </technique_common>
      </source>
      <sampler id="mixamorig_Spine-Matrix-animation-transform">
        <input semantic="INPUT" source="#mixamorig_Spine-Matrix-animation-input"/>
        <input semantic="OUTPUT" source="#mixamorig_Spine-Matrix-animation-output-transform"/>
        <input semantic="INTERPOLATION" source="#mixamorig_Spine-Interpolations"/>
      </sampler>
      <channel source="#mixamorig_Spine-Matrix-animation-transform" target="mixamorig_Spine/matrix"/>
    </animation>
    <animation id="mixamorig_Spine1-anim" name="mixamorig_Spine1">
      <source id="mixamorig_Spine1-Matrix-animation-input">
        <float_array id="mixamorig_Spine1-Matrix-animation-input-array" count="16">

0.000000 0.033333 0.066667 0.100000 0.133333 0.166667 0.200000 0.233333 0.266667 0.300000 0.333333 0.366667 0.400000 0.433333 0.466667 0.500000</float_array>
        <technique_common>
          <accessor source="#mixamorig_Spine1-Matrix-animation-input-array" count="16">
            <param name="TIME" type="float"/>
          </accessor>
        </technique_common>
      </source>
      <source id="mixamorig_Spine1-Matrix-animation-output-transform">
        <float_array id="mixamorig_Spine1-Matrix-animation-output-transform-array" count="256">

0.998937 0.002169 0.046042 -0.000000 0.001065 0.997539 -0.070105 14.289700 -0.046081 0.070079 0.996477 0.000000 0.000000 0.000000 0.000000 1.000000
0.997499 0.024362 0.066347 0.000000 -0.019846 0.997495 -0.067899 14.289700 -0.067835 0.066412 0.995484 0.000000 0.000000 0.000000 0.000000 1.000000
0.996344 0.041641 0.074593 0.000000 -0.035671 0.996184 -0.079654 14.289700 -0.077625 0.076702 0.994028 0.000000 0.000000 0.000000 0.000000 1.000000
0.996582 0.041993 0.071143 -0.000000 -0.036956 0.996813 -0.070697 14.289700 -0.073885 0.067826 0.994958 0.000000 0.000000 0.000000 0.000000 1.000000
0.998199 0.035074 0.048671 -0.000000 -0.032015 0.997546 -0.062266 14.289700 -0.050735 0.060596 0.996872 0.000000 0.000000 0.000000 0.000000 1.000000
0.999148 0.033009 0.024759 -0.000000 -0.031311 0.997322 -0.066088 14.289700 -0.026874 0.065257 0.997507 0.000000 0.000000 0.000000 0.000000 1.000000
0.999343 0.035405 -0.007738 0.000000 -0.035822 0.997388 -0.062720 14.289700 0.005497 0.062956 0.998001 0.000000 0.000000 0.000000 0.000000 1.000000
0.998711 0.024667 -0.044353 0.000000 -0.027609 0.997372 -0.066991 14.289700 0.042584 0.068129 0.996767 0.000000 0.000000 0.000000 0.000000 1.000000
0.997690 -0.002144 -0.067902 0.000000 -0.003727 0.996269 -0.086221 14.289700 0.067833 0.086275 0.993959 0.000000 0.000000 0.000000 0.000000 1.000000
0.996843 -0.031535 -0.072870 0.000000 0.024494 0.995121 -0.095572 14.289700 0.075528 0.093485 0.992752 -0.000000 0.000000 0.000000 0.000000 1.000000
0.996060 -0.042664 -0.077744 0.000000 0.035488 0.995176 -0.091460 14.289700 0.081271 0.088340 0.992769 0.000000 0.000000 0.000000 0.000000 1.000000
0.997767 -0.034729 -0.057044 -0.000000 0.030271 0.996553 -0.077235 14.289700 0.059530 0.075336 0.995380 0.000000 0.000000 0.000000 0.000000 1.000000
0.998985 -0.027262 -0.035853 -0.000000 0.024182 0.996198 -0.083700 14.289700 0.037998 0.082748 0.995846 0.000000 0.000000 0.000000 0.000000 1.000000
0.998898 -0.027151 -0.038282 -0.000000 0.023883 0.996232 -0.083371 14.289700 0.040401 0.082365 0.995783 0.000000 0.000000 0.000000 0.000000 1.000000
0.999607 -0.023248 -0.015678 -0.000000 0.022081 0.997240 -0.070891 14.289700 0.017283 0.070517 0.997361 0.000000 0.000000 0.000000 0.000000 1.000000
0.999457 -0.009488 0.031559 0.000000 0.011548 0.997770 -0.065736 14.289700 -0.030865 0.066065 0.997338 0.000000 0.000000 0.000000 0.000000 1.000000</float_array>
        <technique_common>
          <accessor source="#mixamorig_Spine1-Matrix-animation-output-transform-array" count="16" stride="16">
            <param type="float4x4"/>
          </accessor>
        </technique_common>
      </source>
      <source id="mixamorig_Spine1-Interpolations">
        <Name_array id="mixamorig_Spine1-Interpolations-array" count="16">
 LINEAR LINEAR LINEAR LINEAR LINEAR LINEAR LINEAR LINEAR LINEAR LINEAR LINEAR
LINEAR LINEAR LINEAR LINEAR LINEAR</Name_array>
        <technique_common>
          <accessor source="#mixamorig_Spine1-Interpolations-array" count="16">
            <param type="name"/>
          </accessor>
        </technique_common>
      </source>
      <sampler id="mixamorig_Spine1-Matrix-animation-transform">
        <input semantic="INPUT" source="#mixamorig_Spine1-Matrix-animation-input"/>
        <input semantic="OUTPUT" source="#mixamorig_Spine1-Matrix-animation-output-transform"/>
        <input semantic="INTERPOLATION" source="#mixamorig_Spine1-Interpolations"/>
      </sampler>
      <channel source="#mixamorig_Spine1-Matrix-animation-transform" target="mixamorig_Spine1/matrix"/>
    </animation>
    <animation id="mixamorig_Spine2-anim" name="mixamorig_Spine2">
      <source id="mixamorig_Spine2-Matrix-animation-input">
        <float_array id="mixamorig_Spine2-Matrix-animation-input-array" count="16">

0.000000 0.033333 0.066667 0.100000 0.133333 0.166667 0.200000 0.233333 0.266667 0.300000 0.333333 0.366667 0.400000 0.433333 0.466667 0.500000</float_array>
        <technique_common>
          <accessor source="#mixamorig_Spine2-Matrix-animation-input-array" count="16">
            <param name="TIME" type="float"/>
          </accessor>
        </technique_common>
      </source>
      <source id="mixamorig_Spine2-Matrix-animation-output-transform">
        <float_array id="mixamorig_Spine2-Matrix-animation-output-transform-array" count="256">

0.998942 -0.000065 0.045979 -0.000000 0.003291 0.997534 -0.070107 16.330999 -0.045861 0.070184 0.996479 -0.000000 0.000000 0.000000 0.000000 1.000000
0.997583 0.019966 0.066561 0.000000 -0.015395 0.997533 -0.068493 16.330999 -0.067764 0.067303 0.995429 -0.000000 0.000000 0.000000 0.000000 1.000000
0.996459 0.035470 0.076230 0.000000 -0.029309 0.996326 -0.080467 16.330999 -0.078804 0.077948 0.993838 0.000000 0.000000 0.000000 0.000000 1.000000
0.996598 0.037876 0.073203 0.000000 -0.032701 0.996965 -0.070649 16.330999 -0.075657 0.068015 0.994812 0.000000 0.000000 0.000000 0.000000 1.000000
0.998198 0.033395 0.049858 -0.000000 -0.030269 0.997606 -0.062174 16.330999 -0.051815 0.060553 0.996819 0.000000 0.000000 0.000000 0.000000 1.000000
0.999146 0.032174 0.025927 -0.000000 -0.030400 0.997349 -0.066113 16.330999 -0.027985 0.065269 0.997475 -0.000000 0.000000 0.000000 0.000000 1.000000
0.999356 0.035363 -0.006006 0.000000 -0.035672 0.997371 -0.063077 16.330999 0.003759 0.063251 0.997991 -0.000000 0.000000 0.000000 0.000000 1.000000
0.998761 0.026122 -0.042363 0.000000 -0.028961 0.997277 -0.067829 16.330999 0.040476 0.068972 0.996797 -0.000000 0.000000 0.000000 0.000000 1.000000
0.997757 0.000840 -0.066938 0.000000 -0.006683 0.996176 -0.087113 16.330999 0.066609 0.087365 0.993947 0.000000 0.000000 0.000000 0.000000 1.000000
0.996893 -0.025652 -0.074475 0.000000 0.018411 0.995179 -0.096329 16.330999 0.076587 0.094659 0.992559 -0.000000 0.000000 0.000000 0.000000 1.000000
0.996008 -0.035975 -0.081695 -0.000000 0.028463 0.995415 -0.091321 16.330999 0.084606 0.088631 0.992465 0.000000 0.000000 0.000000 0.000000 1.000000
0.997774 -0.030683 -0.059207 0.000000 0.026041 0.996641 -0.077647 16.330999 0.061390 0.075933 0.995221 0.000000 0.000000 0.000000 0.000000 1.000000
0.999035 -0.024794 -0.036246 0.000000 0.021657 0.996185 -0.084536 16.330999 0.038204 0.083669 0.995761 0.000000 0.000000 0.000000 0.000000 1.000000
0.998929 -0.026327 -0.038053 0.000000 0.023065 0.996219 -0.083764 16.330999 0.040114 0.082797 0.995759 0.000000 0.000000 0.000000 0.000000 1.000000
0.999602 -0.023487 -0.015654 0.000000 0.022322 0.997239 -0.070831 16.330999 0.017274 0.070453 0.997366 0.000000 0.000000 0.000000 0.000000 1.000000
0.999448 -0.010663 0.031477 0.000000 0.012711 0.997766 -0.065590 16.330999 -0.030707 0.065954 0.997350 0.000000 0.000000 0.000000 0.000000 1.000000</float_array>
        <technique_common>
          <accessor source="#mixamorig_Spine2-Matrix-animation-output-transform-array" count="16" stride="16">
            <param type="float4x4"/>
          </accessor>
        </technique_common>
      </source>
      <source id="mixamorig_Spine2-Interpolations">
        <Name_array id="mixamorig_Spine2-Interpolations-array" count="16">
 LINEAR LINEAR LINEAR LINEAR LINEAR LINEAR LINEAR LINEAR LINEAR LINEAR LINEAR
LINEAR LINEAR LINEAR LINEAR LINEAR</Name_array>
        <technique_common>
          <accessor source="#mixamorig_Spine2-Interpolations-array" count="16">
            <param type="name"/>
          </accessor>
        </technique_common>
      </source>
      <sampler id="mixamorig_Spine2-Matrix-animation-transform">
        <input semantic="INPUT" source="#mixamorig_Spine2-Matrix-animation-input"/>
        <input semantic="OUTPUT" source="#mixamorig_Spine2-Matrix-animation-output-transform"/>
        <input semantic="INTERPOLATION" source="#mixamorig_Spine2-Interpolations"/>
      </sampler>
      <channel source="#mixamorig_Spine2-Matrix-animation-transform" target="mixamorig_Spine2/matrix"/>
    </animation>
    <animation id="mixamorig_Neck-anim" name="mixamorig_Neck">
      <source id="mixamorig_Neck-Matrix-animation-input">
        <float_array id="mixamorig_Neck-Matrix-animation-input-array" count="16">

0.000000 0.033333 0.066667 0.100000 0.133333 0.166667 0.200000 0.233333 0.266667 0.300000 0.333333 0.366667 0.400000 0.433333 0.466667 0.500000</float_array>
        <technique_common>
          <accessor source="#mixamorig_Neck-Matrix-animation-input-array" count="16">
            <param name="TIME" type="float"/>
          </accessor>
        </technique_common>
      </source>
      <source id="mixamorig_Neck-Matrix-animation-output-transform">
        <float_array id="mixamorig_Neck-Matrix-animation-output-transform-array" count="256">

0.999967 -0.006296 0.005085 -0.000000 0.005594 0.991784 0.127801 18.372400 -0.005848 -0.127769 0.991787 0.000000 0.000000 0.000000 0.000000 1.000000
0.999401 0.030539 -0.016280 -0.000000 -0.029025 0.995848 0.086280 18.372400 0.018847 -0.085756 0.996138 0.000000 0.000000 0.000000 0.000000 1.000000
0.998106 0.041944 -0.044994 -0.000000 -0.040496 0.998647 0.032638 18.372400 0.046302 -0.030755 0.998454 0.000000 0.000000 0.000000 0.000000 1.000000
0.998153 0.018041 -0.058011 0.000000 -0.018652 0.999776 -0.010017 18.372400 0.057817 0.011080 0.998266 0.000000 0.000000 0.000000 0.000000 1.000000
0.998932 -0.000747 -0.046207 -0.000000 0.000860 0.999997 0.002421 18.372400 0.046205 -0.002458 0.998929 -0.000000 0.000000 0.000000 0.000000 1.000000
0.999414 -0.008626 -0.033132 -0.000000 0.009978 0.999116 0.040847 18.372400 0.032750 -0.041154 0.998616 0.000000 0.000000 0.000000 0.000000 1.000000
0.999609 -0.016410 -0.022659 0.000000 0.017652 0.998290 0.055724 18.372400 0.021705 -0.056102 0.998189 -0.000000 0.000000 0.000000 0.000000 1.000000
0.999778 -0.017837 -0.011177 0.000000 0.018635 0.996943 0.075882 18.372400 0.009789 -0.076074 0.997054 -0.000000 0.000000 0.000000 0.000000 1.000000
0.999714 -0.020580 0.012200 0.000000 0.019335 0.995322 0.094655 18.372400 -0.014091 -0.094392 0.995435 0.000000 0.000000 0.000000 0.000000 1.000000
0.998829 -0.021815 0.043187 0.000000 0.018505 0.996964 0.075628 18.372400 -0.044706 -0.074740 0.996200 -0.000000 0.000000 0.000000 0.000000 1.000000
0.997727 -0.007674 0.066943 -0.000000 0.005015 0.999195 0.039809 18.372400 -0.067195 -0.039383 0.996962 0.000000 0.000000 0.000000 0.000000 1.000000
0.998154 -0.026201 0.054800 -0.000000 0.023491 0.998496 0.049535 18.372400 -0.056016 -0.048156 0.997268 0.000000 0.000000 0.000000 0.000000 1.000000
0.997946 -0.054215 0.034116 0.000000 0.050715 0.994068 0.096208 18.372400 -0.039130 -0.094280 0.994776 -0.000000 0.000000 0.000000 0.000000 1.000000
0.998279 -0.049661 0.031186 0.000000 0.045923 0.992771 0.110891 18.372400 -0.036468 -0.109268 0.993343 0.000000 0.000000 0.000000 0.000000 1.000000
0.998861 -0.039369 0.026947 0.000000 0.036026 0.992720 0.114929 18.372400 -0.031276 -0.113827 0.993008 -0.000000 0.000000 0.000000 0.000000 1.000000
0.999690 -0.021116 0.013164 0.000000 0.019265 0.991630 0.127669 18.372400 -0.015749 -0.127376 0.991729 0.000000 0.000000 0.000000 0.000000 1.000000</float_array>
        <technique_common>
          <accessor source="#mixamorig_Neck-Matrix-animation-output-transform-array" count="16" stride="16">
            <param type="float4x4"/>
          </accessor>
        </technique_common>
      </source>
      <source id="mixamorig_Neck-Interpolations">
        <Name_array id="mixamorig_Neck-Interpolations-array" count="16">
 LINEAR LINEAR LINEAR LINEAR LINEAR LINEAR LINEAR LINEAR LINEAR LINEAR LINEAR
LINEAR LINEAR LINEAR LINEAR LINEAR</Name_array>
        <technique_common>
          <accessor source="#mixamorig_Neck-Interpolations-array" count="16">
            <param type="name"/>
          </accessor>
        </technique_common>
      </source>
      <sampler id="mixamorig_Neck-Matrix-animation-transform">
        <input semantic="INPUT" source="#mixamorig_Neck-Matrix-animation-input"/>
        <input semantic="OUTPUT" source="#mixamorig_Neck-Matrix-animation-output-transform"/>
        <input semantic="INTERPOLATION" source="#mixamorig_Neck-Interpolations"/>
      </sampler>
      <channel source="#mixamorig_Neck-Matrix-animation-transform" target="mixamorig_Neck/matrix"/>
    </animation>
    <animation id="mixamorig_Head-anim" name="mixamorig_Head">
      <source id="mixamorig_Head-Matrix-animation-input">
        <float_array id="mixamorig_Head-Matrix-animation-input-array" count="16">

0.000000 0.033333 0.066667 0.100000 0.133333 0.166667 0.200000 0.233333 0.266667 0.300000 0.333333 0.366667 0.400000 0.433333 0.466667 0.500000</float_array>
        <technique_common>
          <accessor source="#mixamorig_Head-Matrix-animation-input-array" count="16">
            <param name="TIME" type="float"/>
          </accessor>
        </technique_common>
      </source>
      <source id="mixamorig_Head-Matrix-animation-output-transform">
        <float_array id="mixamorig_Head-Matrix-animation-output-transform-array" count="256">

0.998739 0.014141 0.048162 0.000000 -0.027519 0.956709 0.289741 17.907801 -0.041980 -0.290701 0.955892 1.542600 0.000000 0.000000 0.000000 1.000000
0.992427 -0.012197 -0.122232 0.000000 0.039239 0.974402 0.221360 17.907801 0.116404 -0.224480 0.967501 1.542600 0.000000 0.000000 0.000000 1.000000
0.952814 -0.072399 -0.294794 0.000000 0.133755 0.971916 0.193620 17.907801 0.272497 -0.223914 0.935739 1.542600 0.000000 0.000000 0.000000 1.000000
0.935582 -0.099019 -0.338943 0.000000 0.176496 0.962505 0.205993 17.907801 0.305837 -0.252545 0.917979 1.542600 0.000000 0.000000 0.000000 1.000000
0.951833 -0.135440 -0.275081 -0.000000 0.196966 0.957650 0.210026 17.907801 0.234985 -0.254092 0.938200 1.542600 0.000000 0.000000 0.000000 1.000000
0.965737 -0.164348 -0.200855 0.000000 0.203549 0.959781 0.193360 17.907801 0.160998 -0.227619 0.960349 1.542600 0.000000 0.000000 0.000000 1.000000
0.974528 -0.173562 -0.142023 0.000000 0.198796 0.961672 0.188860 17.907801 0.103801 -0.212283 0.971680 1.542600 0.000000 0.000000 0.000000 1.000000
0.979896 -0.177372 -0.091337 -0.000000 0.193972 0.954099 0.228189 17.907801 0.046670 -0.241319 0.969323 1.542600 0.000000 0.000000 0.000000 1.000000
0.986521 -0.161074 0.028846 -0.000000 0.147356 0.951114 0.271419 17.907801 -0.071154 -0.263510 0.962029 1.542600 0.000000 0.000000 0.000000 1.000000
0.973725 -0.094316 0.207278 -0.000000 0.038610 0.965399 0.257902 17.907801 -0.224431 -0.243122 0.943675 1.542600 0.000000 0.000000 0.000000 1.000000
0.949149 -0.042924 0.311887 0.000000 -0.040348 0.965907 0.255724 17.907801 -0.312231 -0.255305 0.915058 1.542600 0.000000 0.000000 0.000000 1.000000
0.954564 -0.004994 0.297963 0.000000 -0.074197 0.964390 0.253864 17.907801 -0.288621 -0.264438 0.920201 1.542600 0.000000 0.000000 0.000000 1.000000
0.966735 0.027503 0.254299 0.000000 -0.093470 0.963429 0.251132 17.907801 -0.238092 -0.266548 0.933951 1.542600 0.000000 0.000000 0.000000 1.000000
0.973642 0.026770 0.226504 0.000000 -0.080695 0.969287 0.232317 17.907801 -0.213328 -0.244471 0.945899 1.542600 0.000000 0.000000 0.000000 1.000000
0.981069 0.022122 0.192391 0.000000 -0.069556 0.967416 0.243449 17.907801 -0.180737 -0.252222 0.950641 1.542600 0.000000 0.000000 0.000000 1.000000
0.993205 0.024527 0.113765 0.000000 -0.056409 0.956490 0.286259 17.907801 -0.101794 -0.290731 0.951374 1.542600 0.000000 0.000000 0.000000 1.000000</float_array>
        <technique_common>
          <accessor source="#mixamorig_Head-Matrix-animation-output-transform-array" count="16" stride="16">
            <param type="float4x4"/>
          </accessor>
        </technique_common>
      </source>
      <source id="mixamorig_Head-Interpolations">
        <Name_array id="mixamorig_Head-Interpolations-array" count="16">
 LINEAR LINEAR LINEAR LINEAR LINEAR LINEAR LINEAR LINEAR LINEAR LINEAR LINEAR
LINEAR LINEAR LINEAR LINEAR LINEAR</Name_array>
        <technique_common>
          <accessor source="#mixamorig_Head-Interpolations-array" count="16">
            <param type="name"/>
          </accessor>
        </technique_common>
      </source>
      <sampler id="mixamorig_Head-Matrix-animation-transform">
        <input semantic="INPUT" source="#mixamorig_Head-Matrix-animation-input"/>
        <input semantic="OUTPUT" source="#mixamorig_Head-Matrix-animation-output-transform"/>
        <input semantic="INTERPOLATION" source="#mixamorig_Head-Interpolations"/>
      </sampler>
      <channel source="#mixamorig_Head-Matrix-animation-transform" target="mixamorig_Head/matrix"/>
    </animation>
    <animation id="mixamorig_HeadTop_End-anim" name="mixamorig_HeadTop_End">
      <source id="mixamorig_HeadTop_End-Matrix-animation-input">
        <float_array id="mixamorig_HeadTop_End-Matrix-animation-input-array" count="16">

0.000000 0.033333 0.066667 0.100000 0.133333 0.166667 0.200000 0.233333 0.266667 0.300000 0.333333 0.366667 0.400000 0.433333 0.466667 0.500000</float_array>
        <technique_common>
          <accessor source="#mixamorig_HeadTop_End-Matrix-animation-input-array" count="16">
            <param name="TIME" type="float"/>
          </accessor>
        </technique_common>
      </source>
      <source id="mixamorig_HeadTop_End-Matrix-animation-output-transform">
        <float_array id="mixamorig_HeadTop_End-Matrix-animation-output-transform-array" count="256">

1.000000 0.000000 0.000000 0.000000 -0.000000 1.000000 -0.000000 29.625900 -0.000000 -0.000000 1.000000 2.552100 0.000000 0.000000 0.000000 1.000000
1.000000 -0.000000 0.000000 -0.000000 -0.000000 1.000000 -0.000000 29.625900 0.000000 0.000000 1.000000 2.552100 0.000000 0.000000 0.000000 1.000000
1.000000 0.000000 0.000000 0.000000 -0.000000 1.000000 -0.000000 29.625900 -0.000000 -0.000000 1.000000 2.552100 0.000000 0.000000 0.000000 1.000000
1.000000 -0.000000 0.000000 0.000000 0.000000 1.000000 -0.000000 29.625900 0.000000 -0.000000 1.000000 2.552100 0.000000 0.000000 0.000000 1.000000
1.000000 -0.000000 0.000000 0.000000 0.000000 1.000000 -0.000000 29.625900 0.000000 -0.000000 1.000000 2.552100 0.000000 0.000000 0.000000 1.000000
1.000000 0.000000 0.000000 -0.000000 0.000000 1.000000 0.000000 29.625900 0.000000 -0.000000 1.000000 2.552100 0.000000 0.000000 0.000000 1.000000
1.000000 -0.000000 -0.000000 0.000000 0.000000 1.000000 0.000000 29.625900 -0.000000 0.000000 1.000000 2.552100 0.000000 0.000000 0.000000 1.000000
1.000000 0.000000 0.000000 0.000000 0.000000 1.000000 0.000000 29.625900 0.000000 -0.000000 1.000000 2.552100 0.000000 0.000000 0.000000 1.000000
1.000000 -0.000000 -0.000000 0.000000 0.000000 1.000000 0.000000 29.625900 0.000000 -0.000000 1.000000 2.552100 0.000000 0.000000 0.000000 1.000000
1.000000 0.000000 0.000000 0.000000 -0.000000 1.000000 0.000000 29.625900 0.000000 0.000000 1.000000 2.552100 0.000000 0.000000 0.000000 1.000000
1.000000 0.000000 -0.000000 0.000000 0.000000 1.000000 0.000000 29.625900 0.000000 -0.000000 1.000000 2.552100 0.000000 0.000000 0.000000 1.000000
1.000000 0.000000 0.000000 0.000000 -0.000000 1.000000 0.000000 29.625900 -0.000000 0.000000 1.000000 2.552100 0.000000 0.000000 0.000000 1.000000
1.000000 0.000000 0.000000 -0.000000 -0.000000 1.000000 0.000000 29.625900 -0.000000 0.000000 1.000000 2.552100 0.000000 0.000000 0.000000 1.000000
1.000000 -0.000000 0.000000 0.000000 -0.000000 1.000000 -0.000000 29.625900 0.000000 0.000000 1.000000 2.552100 0.000000 0.000000 0.000000 1.000000
1.000000 0.000000 -0.000000 0.000000 -0.000000 1.000000 0.000000 29.625900 0.000000 0.000000 1.000000 2.552100 0.000000 0.000000 0.000000 1.000000
1.000000 -0.000000 0.000000 -0.000000 -0.000000 1.000000 0.000000 29.625900 0.000000 0.000000 1.000000 2.552100 0.000000 0.000000 0.000000 1.000000</float_array>
        <technique_common>
          <accessor source="#mixamorig_HeadTop_End-Matrix-animation-output-transform-array" count="16" stride="16">
            <param type="float4x4"/>
          </accessor>
        </technique_common>
      </source>
      <source id="mixamorig_HeadTop_End-Interpolations">
        <Name_array id="mixamorig_HeadTop_End-Interpolations-array" count="16">
 LINEAR LINEAR LINEAR LINEAR LINEAR LINEAR LINEAR LINEAR LINEAR LINEAR LINEAR
LINEAR LINEAR LINEAR LINEAR LINEAR</Name_array>
        <technique_common>
          <accessor source="#mixamorig_HeadTop_End-Interpolations-array" count="16">
            <param type="name"/>
          </accessor>
        </technique_common>
      </source>
      <sampler id="mixamorig_HeadTop_End-Matrix-animation-transform">
        <input semantic="INPUT" source="#mixamorig_HeadTop_End-Matrix-animation-input"/>
        <input semantic="OUTPUT" source="#mixamorig_HeadTop_End-Matrix-animation-output-transform"/>
        <input semantic="INTERPOLATION" source="#mixamorig_HeadTop_End-Interpolations"/>
      </sampler>
      <channel source="#mixamorig_HeadTop_End-Matrix-animation-transform" target="mixamorig_HeadTop_End/matrix"/>
    </animation>
    <animation id="mixamorig_HeadTop_End_end-anim" name="mixamorig_HeadTop_End_end">
      <source id="mixamorig_HeadTop_End_end-Matrix-animation-input">
        <float_array id="mixamorig_HeadTop_End_end-Matrix-animation-input-array" count="16">

0.000000 0.033333 0.066667 0.100000 0.133333 0.166667 0.200000 0.233333 0.266667 0.300000 0.333333 0.366667 0.400000 0.433333 0.466667 0.500000</float_array>
        <technique_common>
          <accessor source="#mixamorig_HeadTop_End_end-Matrix-animation-input-array" count="16">
            <param name="TIME" type="float"/>
          </accessor>
        </technique_common>
      </source>
      <source id="mixamorig_HeadTop_End_end-Matrix-animation-output-transform">
        <float_array id="mixamorig_HeadTop_End_end-Matrix-animation-output-transform-array" count="256">

1.000000 0.000000 -0.000000 -0.000000 -0.000000 1.000000 0.000000 29.735600 0.000000 -0.000000 1.000000 0.000000 0.000000 0.000000 0.000000 1.000000
1.000000 -0.000000 0.000000 -0.000000 -0.000000 1.000000 -0.000000 29.735600 -0.000000 0.000000 1.000000 0.000000 0.000000 0.000000 0.000000 1.000000
1.000000 0.000000 0.000000 0.000000 -0.000000 1.000000 -0.000000 29.735600 -0.000000 -0.000000 1.000000 0.000000 0.000000 0.000000 0.000000 1.000000
1.000000 -0.000000 -0.000000 0.000000 0.000000 1.000000 -0.000000 29.735600 0.000000 0.000000 1.000000 0.000000 0.000000 0.000000 0.000000 1.000000
1.000000 -0.000000 0.000000 -0.000000 -0.000000 1.000000 0.000000 29.735600 0.000000 -0.000000 1.000000 0.000000 0.000000 0.000000 0.000000 1.000000
1.000000 0.000000 0.000000 0.000000 0.000000 1.000000 0.000000 29.735600 0.000000 -0.000000 1.000000 -0.000000 0.000000 0.000000 0.000000 1.000000
1.000000 -0.000000 -0.000000 -0.000000 0.000000 1.000000 0.000000 29.735600 0.000000 -0.000000 1.000000 0.000000 0.000000 0.000000 0.000000 1.000000
1.000000 -0.000000 0.000000 0.000000 0.000000 1.000000 0.000000 29.735600 -0.000000 -0.000000 1.000000 0.000000 0.000000 0.000000 0.000000 1.000000
1.000000 -0.000000 -0.000000 0.000000 -0.000000 1.000000 -0.000000 29.735600 0.000000 -0.000000 1.000000 -0.000000 0.000000 0.000000 0.000000 1.000000
1.000000 0.000000 -0.000000 -0.000000 0.000000 1.000000 0.000000 29.735600 -0.000000 0.000000 1.000000 -0.000000 0.000000 0.000000 0.000000 1.000000
1.000000 -0.000000 0.000000 0.000000 -0.000000 1.000000 0.000000 29.735600 0.000000 -0.000000 1.000000 -0.000000 0.000000 0.000000 0.000000 1.000000
1.000000 0.000000 0.000000 -0.000000 -0.000000 1.000000 0.000000 29.735600 0.000000 0.000000 1.000000 0.000000 0.000000 0.000000 0.000000 1.000000
1.000000 0.000000 0.000000 -0.000000 -0.000000 1.000000 0.000000 29.735600 0.000000 0.000000 1.000000 -0.000000 0.000000 0.000000 0.000000 1.000000
1.000000 -0.000000 0.000000 0.000000 0.000000 1.000000 -0.000000 29.735600 0.000000 0.000000 1.000000 0.000000 0.000000 0.000000 0.000000 1.000000
1.000000 -0.000000 0.000000 0.000000 -0.000000 1.000000 0.000000 29.735600 -0.000000 -0.000000 1.000000 0.000000 0.000000 0.000000 0.000000 1.000000
1.000000 -0.000000 0.000000 0.000000 -0.000000 1.000000 0.000000 29.735600 0.000000 0.000000 1.000000 0.000000 0.000000 0.000000 0.000000 1.000000</float_array>
        <technique_common>
          <accessor source="#mixamorig_HeadTop_End_end-Matrix-animation-output-transform-array" count="16" stride="16">
            <param type="float4x4"/>
          </accessor>
        </technique_common>
      </source>
      <source id="mixamorig_HeadTop_End_end-Interpolations">
        <Name_array id="mixamorig_HeadTop_End_end-Interpolations-array" count="16">
 LINEAR LINEAR LINEAR LINEAR LINEAR LINEAR LINEAR LINEAR LINEAR LINEAR LINEAR
LINEAR LINEAR LINEAR LINEAR LINEAR</Name_array>
        <technique_common>
          <accessor source="#mixamorig_HeadTop_End_end-Interpolations-array" count="16">
            <param type="name"/>
          </accessor>
        </technique_common>
      </source>
      <sampler id="mixamorig_HeadTop_End_end-Matrix-animation-transform">
        <input semantic="INPUT" source="#mixamorig_HeadTop_End_end-Matrix-animation-input"/>
        <input semantic="OUTPUT" source="#mixamorig_HeadTop_End_end-Matrix-animation-output-transform"/>
        <input semantic="INTERPOLATION" source="#mixamorig_HeadTop_End_end-Interpolations"/>
      </sampler>
      <channel source="#mixamorig_HeadTop_End_end-Matrix-animation-transform" target="mixamorig_HeadTop_End_end/matrix"/>
    </animation>
    <animation id="mixamorig_LeftShoulder-anim" name="mixamorig_LeftShoulder">
      <source id="mixamorig_LeftShoulder-Matrix-animation-input">
        <float_array id="mixamorig_LeftShoulder-Matrix-animation-input-array" count="16">

0.000000 0.033333 0.066667 0.100000 0.133333 0.166667 0.200000 0.233333 0.266667 0.300000 0.333333 0.366667 0.400000 0.433333 0.466667 0.500000</float_array>
        <technique_common>
          <accessor source="#mixamorig_LeftShoulder-Matrix-animation-input-array" count="16">
            <param name="TIME" type="float"/>
          </accessor>
        </technique_common>
      </source>
