<?xml version="1.0" encoding="utf-8"?>
<COLLADA xmlns="http://www.collada.org/2005/11/COLLADASchema" version="1.4.1">
  <asset>
    <contributor>
      <author>Mixamo</author>
      <authoring_tool>COLLADA Mixamo exporter</authoring_tool>
      <comments/>
    </contributor>
    <created>2024-03-29T14:12:19Z</created>
    <modified>2024-03-29T14:12:19Z</modified>
    <revision/>
    <title/>
    <unit meter="0.010000"/>
    <up_axis>Y_UP</up_axis>
  </asset>
  <library_animations>
    <animation id="mixamorig_Hips-anim" name="mixamorig_Hips">
      <source id="mixamorig_Hips-Matrix-animation-input">
        <float_array id="mixamorig_Hips-Matrix-animation-input-array" count="371">

0.000000 0.033333 0.066667 0.100000 0.133333 0.166667 0.200000 0.233333 0.266667 0.300000 0.333333 0.366667 0.400000 0.433333 0.466667 0.500000
0.533333 0.566667 0.600000 0.633333 0.666667 0.700000 0.733333 0.766667 0.800000 0.833333 0.866667 0.900000 0.933333 0.966667 1.000000 1.033333
1.066667 1.100000 1.133333 1.166667 1.200000 1.233333 1.266667 1.300000 1.333333 1.366667 1.400000 1.433333 1.466667 1.500000 1.533333 1.566667
1.600000 1.633333 1.666667 1.700000 1.733333 1.766667 1.800000 1.833333 1.866667 1.900000 1.933333 1.966667 2.000000 2.033333 2.066667 2.100000
2.133333 2.166667 2.200000 2.233333 2.266667 2.300000 2.333333 2.366667 2.400000 2.433333 2.466667 2.500000 2.533333 2.566667 2.600000 2.633333
2.666667 2.700000 2.733333 2.766667 2.800000 2.833333 2.866667 2.900000 2.933333 2.966667 3.000000 3.033333 3.066667 3.100000 3.133333 3.166667
3.200000 3.233333 3.266667 3.300000 3.333333 3.366667 3.400000 3.433333 3.466667 3.500000 3.533333 3.566667 3.600000 3.633333 3.666667 3.700000
3.733333 3.766667 3.800000 3.833333 3.866667 3.900000 3.933333 3.966667 4.000000 4.033333 4.066667 4.100000 4.133333 4.166667 4.200000 4.233333
4.266667 4.300000 4.333333 4.366667 4.400000 4.433333 4.466667 4.500000 4.533333 4.566667 4.600000 4.633333 4.666667 4.700000 4.733333 4.766667
4.800000 4.833333 4.866667 4.900000 4.933333 4.966667 5.000000 5.033333 5.066667 5.100000 5.133333 5.166667 5.200000 5.233333 5.266667 5.300000
5.333333 5.366667 5.400000 5.433333 5.466667 5.500000 5.533333 5.566667 5.600000 5.633333 5.666667 5.700000 5.733333 5.766667 5.800000 5.833333
5.866667 5.900000 5.933333 5.966667 6.000000 6.033333 6.066667 6.100000 6.133333 6.166667 6.200000 6.233333 6.266667 6.300000 6.333333 6.366667
6.400000 6.433333 6.466667 6.500000 6.533333 6.566667 6.600000 6.633333 6.666667 6.700000 6.733333 6.766667 6.800000 6.833333 6.866667 6.900000
6.933333 6.966667 7.000000 7.033333 7.066667 7.100000 7.133333 7.166667 7.200000 7.233333 7.266667 7.300000 7.333333 7.366667 7.400000 7.433333
7.466667 7.500000 7.533333 7.566667 7.600000 7.633333 7.666667 7.700000 7.733333 7.766667 7.800000 7.833333 7.866667 7.900000 7.933333 7.966667
8.000000 8.033333 8.066667 8.100000 8.133333 8.166667 8.200000 8.233333 8.266667 8.300000 8.333333 8.366667 8.400000 8.433333 8.466667 8.500000
8.533333 8.566667 8.600000 8.633333 8.666667 8.700000 8.733333 8.766667 8.800000 8.833333 8.866667 8.900000 8.933333 8.966667 9.000000 9.033333
9.066667 9.100000 9.133333 9.166667 9.200000 9.233333 9.266667 9.300000 9.333333 9.366667 9.400000 9.433333 9.466667 9.500000 9.533333 9.566667
9.600000 9.633333 9.666667 9.700000 9.733333 9.766667 9.800000 9.833333 9.866667 9.900000 9.933333 9.966667 10.000000 10.033333 10.066667 10.100000
10.133333 10.166667 10.200000 10.233333 10.266667 10.300000 10.333333 10.366667 10.400000 10.433333 10.466667 10.500000 10.533333 10.566667 10.600000 10.633333
10.666667 10.700000 10.733333 10.766667 10.800000 10.833333 10.866667 10.900000 10.933333 10.966667 11.000000 11.033333 11.066667 11.100000 11.133333 11.166667
11.200000 11.233333 11.266667 11.300000 11.333333 11.366667 11.400000 11.433333 11.466667 11.500000 11.533333 11.566667 11.600000 11.633333 11.666667 11.700000
11.733333 11.766667 11.800000 11.833333 11.866667 11.900000 11.933333 11.966667 12.000000 12.033333 12.066667 12.100000 12.133333 12.166667 12.200000 12.233333
12.266667 12.300000 12.333333</float_array>
        <technique_common>
          <accessor source="#mixamorig_Hips-Matrix-animation-input-array" count="371">
            <param name="TIME" type="float"/>
          </accessor>
        </technique_common>
      </source>
      <source id="mixamorig_Hips-Matrix-animation-output-transform">
        <float_array id="mixamorig_Hips-Matrix-animation-output-transform-array" count="5936">

0.993817 0.063644 -0.090983 0.844045 -0.057829 0.996196 0.065187 111.883263 0.094786 -0.059522 0.993717 -0.154167 0.000000 0.000000 0.000000 1.000000
0.995040 0.049630 -0.086209 0.518474 -0.044240 0.997010 0.063353 111.617508 0.089095 -0.059225 0.994261 -0.020627 0.000000 0.000000 0.000000 1.000000
0.996078 0.035538 -0.081030 0.177970 -0.030530 0.997595 0.062224 111.365517 0.083047 -0.059506 0.994767 0.130162 0.000000 0.000000 0.000000 1.000000
0.996905 0.020640 -0.075857 -0.182332 -0.015965 0.997966 0.061719 111.100380 0.076976 -0.060316 0.995207 0.294061 0.000000 0.000000 0.000000 1.000000
0.997457 0.004609 -0.071117 -0.562651 -0.000213 0.998095 0.061691 110.826981 0.071266 -0.061519 0.995558 0.462987 0.000000 0.000000 0.000000 1.000000
0.997672 -0.011828 -0.067155 -0.966499 0.016006 0.997947 0.062014 110.545364 0.066284 -0.062944 0.995813 0.633776 0.000000 0.000000 0.000000 1.000000
0.997557 -0.027067 -0.064404 -1.407120 0.031114 0.997547 0.062701 110.259079 0.062549 -0.064552 0.995952 0.827889 0.000000 0.000000 0.000000 1.000000
0.997139 -0.040389 -0.063892 -1.892488 0.044476 0.996966 0.063887 109.960312 0.061118 -0.066546 0.995910 1.076989 0.000000 0.000000 0.000000 1.000000
0.996202 -0.055027 -0.067483 -2.440188 0.059450 0.996087 0.065400 109.634995 0.063620 -0.069164 0.995575 1.345762 0.000000 0.000000 0.000000 1.000000
0.994151 -0.076071 -0.076658 -3.106484 0.081156 0.994543 0.065559 109.310074 0.071252 -0.071397 0.994900 1.445232 0.000000 0.000000 0.000000 1.000000
0.990967 -0.100694 -0.088577 -3.990094 0.106252 0.992501 0.060441 108.987595 0.081827 -0.069306 0.994234 1.104816 0.000000 0.000000 0.000000 1.000000
0.989338 -0.113473 -0.091289 -5.149592 0.118069 0.991911 0.046610 108.462936 0.085261 -0.056891 0.994733 0.177693 0.000000 0.000000 0.000000 1.000000
0.993140 -0.097637 -0.064349 -6.521421 0.099413 0.994732 0.024990 107.538559 0.061570 -0.031216 0.997615 -1.201188 0.000000 0.000000 0.000000 1.000000
0.998003 -0.062375 0.009921 -8.102056 0.062392 0.998051 -0.001473 106.551422 -0.009809 0.002089 0.999950 -2.788132 0.000000 0.000000 0.000000 1.000000
0.991576 -0.025027 0.127084 -9.557572 0.029033 0.999135 -0.029768 105.680115 -0.126229 0.033207 0.991445 -4.279014 0.000000 0.000000 0.000000 1.000000
0.969474 0.005459 0.245132 -10.457358 0.007724 0.998576 -0.052788 105.419426 -0.245071 0.053071 0.968051 -5.446740 0.000000 0.000000 0.000000 1.000000
0.948634 0.023405 0.315508 -10.797309 -0.002637 0.997810 -0.066092 106.388229 -0.316364 0.061865 0.946619 -6.217711 0.000000 0.000000 0.000000 1.000000
0.946403 0.034728 0.321117 -10.606461 -0.010877 0.997066 -0.075773 108.380913 -0.322806 0.068219 0.944003 -6.490353 0.000000 0.000000 0.000000 1.000000
0.960388 0.042071 0.275473 -10.042841 -0.018689 0.996036 -0.086964 110.837959 -0.278040 0.078371 0.957367 -6.457501 0.000000 0.000000 0.000000 1.000000
0.976966 0.037360 0.210100 -9.097127 -0.017320 0.995189 -0.096428 113.150238 -0.212691 0.090568 0.972913 -6.343653 0.000000 0.000000 0.000000 1.000000
0.988385 0.021627 0.150426 -7.663088 -0.006917 0.995198 -0.097634 114.820549 -0.151815 0.095459 0.983788 -6.120573 0.000000 0.000000 0.000000 1.000000
0.993305 -0.014357 0.114627 -5.939125 0.024259 0.996045 -0.085469 114.773117 -0.112946 0.087678 0.989725 -6.006911 0.000000 0.000000 0.000000 1.000000
0.994282 -0.040063 0.098991 -3.868420 0.046289 0.997038 -0.061414 113.929939 -0.096237 0.065645 0.993191 -5.385953 0.000000 0.000000 0.000000 1.000000
0.994154 -0.052830 0.094159 -1.641958 0.056600 0.997680 -0.037833 112.162880 -0.091942 0.042941 0.994838 -4.216772 0.000000 0.000000 0.000000 1.000000
0.995276 -0.061792 0.074884 0.576830 0.064094 0.997530 -0.028745 109.509087 -0.072923 0.033409 0.996778 -2.918259 0.000000 0.000000 0.000000 1.000000
0.996262 -0.085910 0.009043 2.509862 0.086182 0.995627 -0.036045 105.957443 -0.005907 0.036690 0.999309 -2.225421 0.000000 0.000000 0.000000 1.000000
0.987081 -0.114998 -0.111560 3.894658 0.109803 0.992610 -0.051669 102.423630 0.116677 0.038751 0.992414 -2.513447 0.000000 0.000000 0.000000 1.000000
0.961172 -0.126291 -0.245353 4.587258 0.114080 0.991445 -0.063418 100.152931 0.251263 0.032966 0.967357 -3.575826 0.000000 0.000000 0.000000 1.000000
0.939223 -0.109151 -0.325493 4.747046 0.094555 0.993687 -0.060384 98.825500 0.330029 0.025937 0.943614 -4.851028 0.000000 0.000000 0.000000 1.000000
0.946243 -0.070796 -0.315612 4.298121 0.058145 0.997088 -0.049334 98.299362 0.318186 0.028331 0.947605 -5.644685 0.000000 0.000000 0.000000 1.000000
0.970637 -0.026441 -0.239093 3.055725 0.015333 0.998720 -0.048199 98.931168 0.240062 0.043117 0.969800 -5.823438 0.000000 0.000000 0.000000 1.000000
0.987184 0.015302 -0.158850 0.894276 -0.024872 0.997982 -0.058432 100.727379 0.157636 0.061634 0.985572 -5.652919 0.000000 0.000000 0.000000 1.000000
0.991431 0.055157 -0.118414 -2.051538 -0.063789 0.995478 -0.070391 103.515465 0.113996 0.077341 0.990466 -5.362664 0.000000 0.000000 0.000000 1.000000
0.989979 0.090857 -0.108100 -5.532946 -0.100123 0.991456 -0.083614 106.848869 0.099579 0.093600 0.990618 -5.015494 0.000000 0.000000 0.000000 1.000000
0.988314 0.119451 -0.094690 -9.156963 -0.129301 0.985945 -0.105798 109.377106 0.080722 0.116806 0.989869 -4.499343 0.000000 0.000000 0.000000 1.000000
0.989761 0.129211 -0.060642 -12.617414 -0.136519 0.980981 -0.137980 110.275635 0.041660 0.144846 0.988577 -3.598495 0.000000 0.000000 0.000000 1.000000
0.993117 0.116495 -0.012128 -15.955799 -0.116894 0.979332 -0.165061 109.732742 -0.007352 0.165342 0.986209 -2.073839 0.000000 0.000000 0.000000 1.000000
0.994339 0.098894 0.038859 -19.020828 -0.091091 0.981669 -0.167417 107.798187 -0.054703 0.162930 0.985120 -0.183929 0.000000 0.000000 0.000000 1.000000
0.991674 0.094380 0.087613 -21.589134 -0.081697 0.986987 -0.138502 105.207993 -0.099545 0.130191 0.986479 1.343608 0.000000 0.000000 0.000000 1.000000
0.985443 0.107267 0.131890 -23.476461 -0.095846 0.991309 -0.090106 102.450027 -0.140409 0.076154 0.987161 1.816349 0.000000 0.000000 0.000000 1.000000
0.979845 0.109882 0.166825 -25.107140 -0.103831 0.993595 -0.044599 100.568268 -0.170657 0.026379 0.984977 1.412630 0.000000 0.000000 0.000000 1.000000
0.979028 0.084548 0.185351 -26.532988 -0.082132 0.996407 -0.020688 99.970100 -0.186434 0.005031 0.982455 0.625221 0.000000 0.000000 0.000000 1.000000
0.980404 0.060181 0.187578 -27.225798 -0.056629 0.998101 -0.024246 100.241211 -0.188681 0.013148 0.981950 -0.052113 0.000000 0.000000 0.000000 1.000000
0.981637 0.057947 0.181747 -26.873365 -0.050157 0.997627 -0.047171 101.313774 -0.184049 0.037189 0.982213 -0.383345 0.000000 0.000000 0.000000 1.000000
0.981822 0.070809 0.176103 -25.713022 -0.057865 0.995305 -0.077589 103.270416 -0.180771 0.065988 0.981309 -0.455414 0.000000 0.000000 0.000000 1.000000
0.982433 0.078618 0.169249 -24.064508 -0.060211 0.991964 -0.111272 105.965736 -0.176637 0.099127 0.979272 -0.437359 0.000000 0.000000 0.000000 1.000000
0.985958 0.065821 0.153477 -22.140587 -0.042963 0.988090 -0.147758 109.107590 -0.161375 0.139090 0.977043 -0.530955 0.000000 0.000000 0.000000 1.000000
0.991000 0.034158 0.129432 -20.023640 -0.010398 0.983617 -0.179971 111.940643 -0.133459 0.177006 0.975119 -0.830054 0.000000 0.000000 0.000000 1.000000
0.994093 -0.000934 0.108532 -17.594662 0.022067 0.980817 -0.193677 113.703888 -0.106269 0.194928 0.975044 -0.954422 0.000000 0.000000 0.000000 1.000000
0.995299 -0.016791 0.095387 -14.561955 0.033981 0.982792 -0.181565 114.040718 -0.090697 0.183953 0.978742 -0.378285 0.000000 0.000000 0.000000 1.000000
0.996975 -0.010547 0.077008 -10.894130 0.022246 0.988025 -0.152680 112.982193 -0.074476 0.153932 0.985271 0.989042 0.000000 0.000000 0.000000 1.000000
0.999067 -0.016749 0.039819 -7.670432 0.021402 0.992608 -0.119463 110.937714 -0.037524 0.120204 0.992040 2.568515 0.000000 0.000000 0.000000 1.000000
0.998376 -0.055646 -0.012181 -5.655748 0.054380 0.994719 -0.087050 108.057953 0.016961 0.086246 0.996130 3.587852 0.000000 0.000000 0.000000 1.000000
0.994089 -0.099838 -0.042662 -4.709883 0.097402 0.993679 -0.055803 105.517548 0.047964 0.051317 0.997530 3.518502 0.000000 0.000000 0.000000 1.000000
0.992517 -0.121690 -0.010027 -4.446094 0.121367 0.992206 -0.028231 104.103157 0.013384 0.026803 0.999551 2.550808 0.000000 0.000000 0.000000 1.000000
0.990479 -0.111057 0.081347 -4.208313 0.112978 0.993408 -0.019390 103.390533 -0.078658 0.028396 0.996497 1.441913 0.000000 0.000000 0.000000 1.000000
0.981469 -0.083092 0.172668 -3.716773 0.090916 0.995137 -0.037892 102.920654 -0.168680 0.052888 0.984251 0.624766 0.000000 0.000000 0.000000 1.000000
0.977173 -0.062876 0.202925 -3.030208 0.077477 0.994885 -0.064822 102.851845 -0.197811 0.079064 0.977046 0.084529 0.000000 0.000000 0.000000 1.000000
0.984348 -0.063056 0.164570 -2.332076 0.077463 0.993564 -0.082639 103.787949 -0.158300 0.094094 0.982897 -0.491750 0.000000 0.000000 0.000000 1.000000
0.991733 -0.081337 0.099251 -1.558997 0.090820 0.991316 -0.095101 106.004257 -0.090654 0.103329 0.990507 -1.154887 0.000000 0.000000 0.000000 1.000000
0.993020 -0.107033 0.049544 -0.333450 0.111962 0.987533 -0.110653 109.103546 -0.037083 0.115427 0.992623 -1.544967 0.000000 0.000000 0.000000 1.000000
0.990635 -0.133612 0.028098 1.412288 0.136086 0.982904 -0.124018 112.159744 -0.011047 0.126680 0.991882 -1.361584 0.000000 0.000000 0.000000 1.000000
0.988133 -0.152383 0.019321 3.539508 0.153603 0.980526 -0.122373 114.271194 -0.000297 0.123889 0.992296 -0.600603 0.000000 0.000000 0.000000 1.000000
0.988827 -0.149057 0.001486 5.879267 0.148419 0.983569 -0.102785 115.156403 0.013859 0.101857 0.994703 0.536753 0.000000 0.000000 0.000000 1.000000
0.990980 -0.129568 -0.034212 8.136853 0.126740 0.989110 -0.074823 114.913048 0.043534 0.069812 0.996610 1.645163 0.000000 0.000000 0.000000 1.000000
0.988552 -0.121576 -0.089351 9.948402 0.117226 0.991720 -0.052434 112.873230 0.094986 0.041360 0.994619 2.256586 0.000000 0.000000 0.000000 1.000000
0.978160 -0.127603 -0.164076 11.575723 0.121461 0.991484 -0.046976 109.832184 0.168673 0.026021 0.985328 1.966869 0.000000 0.000000 0.000000 1.000000
0.959225 -0.136610 -0.247436 12.930716 0.125101 0.990222 -0.061730 106.489365 0.253449 0.028258 0.966936 0.833327 0.000000 0.000000 0.000000 1.000000
0.939545 -0.129348 -0.317056 13.949774 0.107214 0.990477 -0.086369 103.673164 0.325209 0.047155 0.944466 -0.739075 0.000000 0.000000 0.000000 1.000000
0.931478 -0.100669 -0.349593 14.573492 0.068233 0.992242 -0.103923 101.295143 0.357343 0.072948 0.931120 -2.218799 0.000000 0.000000 0.000000 1.000000
0.939422 -0.065350 -0.336477 14.517041 0.030056 0.993581 -0.109057 99.621323 0.341444 0.092338 0.935355 -3.134756 0.000000 0.000000 0.000000 1.000000
0.954540 -0.034554 -0.296072 13.710675 0.002363 0.994104 -0.108402 99.285500 0.298073 0.102774 0.948994 -3.433359 0.000000 0.000000 0.000000 1.000000
0.966212 -0.011609 -0.257488 12.071708 -0.017214 0.993849 -0.109400 100.673935 0.257174 0.110136 0.960069 -3.337473 0.000000 0.000000 0.000000 1.000000
0.971870 0.011000 -0.235262 9.765636 -0.039967 0.992124 -0.118713 103.684723 0.232103 0.124776 0.964655 -3.069442 0.000000 0.000000 0.000000 1.000000
0.974877 0.036659 -0.219709 7.042037 -0.068543 0.987874 -0.139305 107.582275 0.211938 0.150865 0.965568 -2.791830 0.000000 0.000000 0.000000 1.000000
0.979142 0.059637 -0.194228 4.070338 -0.092422 0.982057 -0.164381 111.125008 0.180940 0.178904 0.967085 -2.485532 0.000000 0.000000 0.000000 1.000000
0.985391 0.071866 -0.154403 0.886791 -0.099341 0.978941 -0.178344 113.034836 0.138335 0.191077 0.971778 -2.034951 0.000000 0.000000 0.000000 1.000000
0.992274 0.062288 -0.107300 -2.491205 -0.079993 0.982272 -0.169536 113.739044 0.094838 0.176810 0.979665 -1.092733 0.000000 0.000000 0.000000 1.000000
0.996782 0.045234 -0.066177 -5.797961 -0.054279 0.988379 -0.141986 113.092361 0.058985 0.145121 0.987654 0.332303 0.000000 0.000000 0.000000 1.000000
0.998798 0.036835 -0.032327 -8.736845 -0.040180 0.993143 -0.109781 111.860291 0.028062 0.110948 0.993430 1.643267 0.000000 0.000000 0.000000 1.000000
0.998881 0.047180 0.003333 -11.357347 -0.046743 0.995478 -0.082700 109.330811 -0.007220 0.082451 0.996569 1.987795 0.000000 0.000000 0.000000 1.000000
0.996826 0.064411 0.046782 -13.765161 -0.061294 0.995984 -0.065255 106.614685 -0.050797 0.062180 0.996771 1.360012 0.000000 0.000000 0.000000 1.000000
0.993598 0.063020 0.093764 -15.838094 -0.057639 0.996591 -0.059033 104.524193 -0.097165 0.053250 0.993843 0.284782 0.000000 0.000000 0.000000 1.000000
0.990275 0.044606 0.131780 -17.314026 -0.037000 0.997536 -0.059608 102.495605 -0.134114 0.054153 0.989485 -0.687739 0.000000 0.000000 0.000000 1.000000
0.987779 0.026425 0.153603 -17.649130 -0.017307 0.998024 -0.060396 100.764511 -0.154895 0.056999 0.986285 -1.338976 0.000000 0.000000 0.000000 1.000000
0.986273 0.012151 0.164678 -16.894386 -0.001925 0.998067 -0.062117 100.396965 -0.165115 0.060947 0.984389 -1.756950 0.000000 0.000000 0.000000 1.000000
0.984770 -0.002636 0.173844 -15.311603 0.016001 0.997016 -0.075522 101.834923 -0.173126 0.077154 0.981873 -2.074902 0.000000 0.000000 0.000000 1.000000
0.983367 -0.024104 0.180023 -13.155490 0.044640 0.992827 -0.110910 104.698166 -0.176058 0.117101 0.977390 -2.302737 0.000000 0.000000 0.000000 1.000000
0.984095 -0.049847 0.170506 -10.486215 0.078198 0.983383 -0.163837 108.157845 -0.159506 0.174564 0.971641 -2.476007 0.000000 0.000000 0.000000 1.000000
0.987603 -0.076207 0.137232 -7.547019 0.104681 0.971203 -0.214027 110.710464 -0.116969 0.225739 0.967140 -2.641778 0.000000 0.000000 0.000000 1.000000
0.992396 -0.088487 0.085558 -4.339731 0.106618 0.965319 -0.238311 111.945419 -0.061503 0.245621 0.967413 -2.563434 0.000000 0.000000 0.000000 1.000000
0.996005 -0.083291 0.032188 -0.933157 0.088445 0.969797 -0.227311 111.893646 -0.012283 0.229250 0.973290 -1.907634 0.000000 0.000000 0.000000 1.000000
0.997183 -0.073646 -0.014246 2.504833 0.069530 0.978764 -0.192837 110.643158 0.028145 0.191304 0.981127 -0.696272 0.000000 0.000000 0.000000 1.000000
0.994325 -0.085462 -0.063355 5.473091 0.074748 0.984993 -0.155565 108.619904 0.075700 0.149947 0.985792 0.455483 0.000000 0.000000 0.000000 1.000000
0.983702 -0.123620 -0.130570 7.765779 0.106549 0.985706 -0.130504 105.911629 0.144836 0.114464 0.982812 0.781982 0.000000 0.000000 0.000000 1.000000
0.964956 -0.158750 -0.208945 9.450176 0.135428 0.983292 -0.121638 103.659164 0.224764 0.089078 0.970333 0.181881 0.000000 0.000000 0.000000 1.000000
0.950033 -0.158648 -0.268826 10.744915 0.130715 0.984262 -0.118918 102.021484 0.283462 0.077836 0.955820 -0.882995 0.000000 0.000000 0.000000 1.000000
0.949843 -0.126294 -0.286093 11.489291 0.098023 0.988960 -0.111130 100.952042 0.296969 0.077512 0.951736 -1.867879 0.000000 0.000000 0.000000 1.000000
0.961213 -0.089202 -0.260985 11.271434 0.064866 0.992827 -0.100432 100.498268 0.268072 0.079607 0.960104 -2.358690 0.000000 0.000000 0.000000 1.000000
0.975009 -0.059287 -0.214108 10.056282 0.039399 0.994602 -0.095991 101.070168 0.218643 0.085157 0.972082 -2.405552 0.000000 0.000000 0.000000 1.000000
0.986421 -0.028928 -0.161666 8.038205 0.011877 0.994353 -0.105456 102.916901 0.163804 0.102104 0.981195 -2.272464 0.000000 0.000000 0.000000 1.000000
0.994545 0.011451 -0.103676 5.475879 -0.024916 0.991262 -0.129533 105.820625 0.101286 0.131409 0.986140 -2.075768 0.000000 0.000000 0.000000 1.000000
0.997572 0.058448 -0.037873 2.541006 -0.063697 0.985584 -0.156738 108.894524 0.028165 0.158770 0.986914 -1.730367 0.000000 0.000000 0.000000 1.000000
0.995488 0.090778 0.027640 -0.681989 -0.084860 0.981989 -0.168810 111.195747 -0.042466 0.165703 0.985261 -0.912088 0.000000 0.000000 0.000000 1.000000
0.992581 0.090106 0.081628 -4.284523 -0.076481 0.984646 -0.156915 112.158600 -0.094514 0.149508 0.984233 0.655170 0.000000 0.000000 0.000000 1.000000
0.989737 0.075046 0.121611 -7.772253 -0.058898 0.989588 -0.131328 112.113739 -0.130201 0.122817 0.983851 2.743721 0.000000 0.000000 0.000000 1.000000
0.984672 0.083048 0.153374 -10.622513 -0.066605 0.991763 -0.109408 110.899567 -0.161197 0.097516 0.982093 4.521325 0.000000 0.000000 0.000000 1.000000
0.977369 0.119995 0.174214 -12.716372 -0.103863 0.989656 -0.098963 108.706139 -0.184287 0.078629 0.979722 5.056356 0.000000 0.000000 0.000000 1.000000
0.973708 0.160031 0.162119 -14.158026 -0.145882 0.984654 -0.095785 106.286072 -0.174960 0.069616 0.982111 4.188595 0.000000 0.000000 0.000000 1.000000
0.979129 0.175463 0.102560 -15.308076 -0.165820 0.981466 -0.096062 104.422226 -0.117515 0.077051 0.990077 2.714151 0.000000 0.000000 0.000000 1.000000
0.986252 0.164685 0.013635 -16.484947 -0.162315 0.980919 -0.107015 102.964203 -0.030999 0.103331 0.994164 1.364989 0.000000 0.000000 0.000000 1.000000
0.986718 0.150838 -0.060289 -17.655678 -0.157477 0.979293 -0.127228 101.920074 0.039850 0.135032 0.990040 0.601958 0.000000 0.000000 0.000000 1.000000
0.984194 0.153850 -0.087701 -18.591768 -0.165171 0.976096 -0.141261 101.624557 0.063872 0.153514 0.986080 0.380915 0.000000 0.000000 0.000000 1.000000
0.982861 0.167759 -0.076432 -19.435925 -0.177352 0.973604 -0.143672 102.470901 0.050312 0.154765 0.986669 0.577793 0.000000 0.000000 0.000000 1.000000
0.981713 0.181465 -0.057538 -20.461159 -0.187948 0.971944 -0.141422 104.567764 0.030261 0.149650 0.988276 1.083035 0.000000 0.000000 0.000000 1.000000
0.980479 0.190101 -0.050232 -21.801502 -0.195392 0.970567 -0.140789 107.389557 0.021989 0.147855 0.988765 1.839759 0.000000 0.000000 0.000000 1.000000
0.980906 0.188377 -0.048341 -23.439625 -0.193385 0.971116 -0.139772 110.010567 0.020615 0.146452 0.989003 2.840425 0.000000 0.000000 0.000000 1.000000
0.984304 0.172658 -0.036531 -25.216431 -0.176001 0.975620 -0.131108 111.562393 0.013004 0.135480 0.990695 4.175800 0.000000 0.000000 0.000000 1.000000
0.990036 0.140684 -0.006100 -26.946486 -0.140470 0.983642 -0.112768 111.961937 -0.009864 0.112502 0.993603 6.044086 0.000000 0.000000 0.000000 1.000000
0.993715 0.104768 0.039421 -28.658871 -0.100767 0.990596 -0.092555 111.202034 -0.048747 0.088001 0.994927 8.168555 0.000000 0.000000 0.000000 1.000000
0.991500 0.091667 0.092333 -30.103535 -0.084282 0.993149 -0.080941 108.697372 -0.099120 0.072471 0.992433 9.521595 0.000000 0.000000 0.000000 1.000000
0.985105 0.088489 0.147436 -31.396967 -0.077526 0.993893 -0.078524 105.500381 -0.153484 0.065924 0.985950 9.597696 0.000000 0.000000 0.000000 1.000000
0.978088 0.079628 0.192362 -32.181969 -0.066154 0.994950 -0.075489 102.317734 -0.197401 0.061109 0.978416 8.607236 0.000000 0.000000 0.000000 1.000000
0.975224 0.051075 0.215241 -32.487621 -0.037476 0.997062 -0.066798 99.741875 -0.218021 0.057077 0.974274 7.411546 0.000000 0.000000 0.000000 1.000000
0.975526 0.022777 0.218703 -31.904009 -0.009705 0.998111 -0.060659 98.156059 -0.219671 0.057052 0.973904 6.704585 0.000000 0.000000 0.000000 1.000000
0.974790 0.012916 0.222752 -30.099567 0.001988 0.997781 -0.066554 98.241348 -0.223117 0.065319 0.972601 6.582991 0.000000 0.000000 0.000000 1.000000
0.970552 0.010359 0.240669 -27.205713 0.010425 0.996333 -0.084926 100.127136 -0.240667 0.084934 0.966885 6.755057 0.000000 0.000000 0.000000 1.000000
0.965682 -0.009923 0.259536 -23.708439 0.039673 0.993179 -0.109640 103.459435 -0.256678 0.116174 0.959490 6.938704 0.000000 0.000000 0.000000 1.000000
0.966761 -0.050031 0.250739 -19.760317 0.086125 0.987080 -0.135112 107.582130 -0.240739 0.152216 0.958580 7.017890 0.000000 0.000000 0.000000 1.000000
0.975937 -0.087813 0.199589 -15.556937 0.120618 0.979940 -0.158647 110.976913 -0.181654 0.178903 0.966952 6.637051 0.000000 0.000000 0.000000 1.000000
0.986674 -0.110184 0.119722 -11.267890 0.129449 0.977364 -0.167337 112.530258 -0.098574 0.180605 0.978603 6.093849 0.000000 0.000000 0.000000 1.000000
0.994880 -0.094966 0.034571 -6.297148 0.098997 0.984562 -0.144351 112.789398 -0.020328 0.147034 0.988923 5.691129 0.000000 0.000000 0.000000 1.000000
0.997251 -0.065825 -0.034013 -1.234446 0.062230 0.993269 -0.097690 111.768372 0.040214 0.095305 0.994636 5.547309 0.000000 0.000000 0.000000 1.000000
0.994938 -0.054339 -0.084531 3.213694 0.049050 0.996780 -0.063434 109.743607 0.087706 0.058966 0.994400 5.570887 0.000000 0.000000 0.000000 1.000000
0.989114 -0.072618 -0.127988 6.827885 0.063932 0.995446 -0.070717 106.908630 0.132540 0.061764 0.989251 5.350149 0.000000 0.000000 0.000000 1.000000
0.979987 -0.105889 -0.168564 9.867378 0.087646 0.989809 -0.112234 103.218704 0.178730 0.095214 0.979280 4.102570 0.000000 0.000000 0.000000 1.000000
0.970616 -0.136981 -0.197841 12.030862 0.108030 0.982705 -0.150402 100.022179 0.215021 0.124609 0.968627 2.392198 0.000000 0.000000 0.000000 1.000000
0.968758 -0.134505 -0.208364 13.518083 0.103095 0.982532 -0.154928 98.003479 0.225563 0.128606 0.965703 0.695037 0.000000 0.000000 0.000000 1.000000
0.973942 -0.101483 -0.202824 13.948452 0.075798 0.988528 -0.130638 97.374550 0.213754 0.111861 0.970462 -0.260819 0.000000 0.000000 0.000000 1.000000
0.980303 -0.054641 -0.189788 13.081075 0.035447 0.994039 -0.103098 98.168755 0.194290 0.094340 0.976397 -0.175714 0.000000 0.000000 0.000000 1.000000
0.985224 -0.004346 -0.171214 11.062101 -0.010681 0.996173 -0.086743 100.308716 0.170936 0.087290 0.981408 0.652535 0.000000 0.000000 0.000000 1.000000
0.989161 0.048493 -0.138594 8.248134 -0.059758 0.995137 -0.078307 103.419487 0.134122 0.085741 0.987249 1.723546 0.000000 0.000000 0.000000 1.000000
0.991284 0.100559 -0.085111 4.940803 -0.106810 0.991641 -0.072386 106.889122 0.077120 0.080846 0.993739 2.775799 0.000000 0.000000 0.000000 1.000000
0.989368 0.144218 -0.018761 1.606834 -0.145174 0.987054 -0.068177 109.560318 0.008685 0.070176 0.997497 3.741397 0.000000 0.000000 0.000000 1.000000
0.986287 0.160264 0.039406 -1.760966 -0.157615 0.985486 -0.063045 110.946587 -0.048938 0.055970 0.997232 4.838112 0.000000 0.000000 0.000000 1.000000
0.986514 0.148171 0.069536 -5.038274 -0.144547 0.987992 -0.054567 110.954346 -0.076786 0.043780 0.996086 6.245191 0.000000 0.000000 0.000000 1.000000
0.990230 0.123032 0.065640 -8.228938 -0.120066 0.991635 -0.047374 109.631195 -0.070920 0.039030 0.996718 7.760074 0.000000 0.000000 0.000000 1.000000
0.993142 0.109795 0.040171 -11.266129 -0.108053 0.993205 -0.043224 107.354233 -0.044643 0.038587 0.998257 8.797862 0.000000 0.000000 0.000000 1.000000
0.993105 0.116220 0.015367 -14.013952 -0.115670 0.992744 -0.032867 104.391724 -0.019075 0.030863 0.999342 8.745500 0.000000 0.000000 0.000000 1.000000
0.991187 0.132403 0.004333 -16.262238 -0.132344 0.991133 -0.011835 101.732170 -0.005862 0.011157 0.999921 7.778971 0.000000 0.000000 0.000000 1.000000
0.993137 0.116808 0.005838 -18.287802 -0.116854 0.993113 0.008424 99.847931 -0.004814 -0.009049 0.999947 6.576720 0.000000 0.000000 0.000000 1.000000
0.997322 0.072133 0.012083 -19.871981 -0.072288 0.997301 0.012887 98.262238 -0.011120 -0.013726 0.999844 5.649564 0.000000 0.000000 0.000000 1.000000
0.999241 0.034152 0.018715 -20.417498 -0.034130 0.999416 -0.001539 97.033600 -0.018757 0.000899 0.999824 5.287135 0.000000 0.000000 0.000000 1.000000
0.999518 0.014545 0.027439 -19.924746 -0.013884 0.999612 -0.024137 97.166000 -0.027780 0.023744 0.999332 5.336885 0.000000 0.000000 0.000000 1.000000
0.999288 0.004318 0.037475 -18.653353 -0.002757 0.999131 -0.041590 99.202789 -0.037622 0.041457 0.998432 5.542841 0.000000 0.000000 0.000000 1.000000
0.999089 -0.013654 0.040430 -16.877926 0.015567 0.998756 -0.047372 102.713341 -0.039733 0.047958 0.998059 5.856402 0.000000 0.000000 0.000000 1.000000
0.998875 -0.039393 0.026394 -14.579785 0.040473 0.998310 -0.041703 106.696915 -0.024706 0.042724 0.998781 6.399499 0.000000 0.000000 0.000000 1.000000
0.998479 -0.054736 -0.006571 -11.625105 0.054524 0.998091 -0.029005 110.062866 0.008146 0.028603 0.999558 7.275706 0.000000 0.000000 0.000000 1.000000
0.997267 -0.050622 -0.053816 -8.352011 0.049839 0.998632 -0.015801 111.435661 0.054543 0.013076 0.998426 8.468314 0.000000 0.000000 0.000000 1.000000
0.993414 -0.028097 -0.111082 -4.890469 0.027359 0.999592 -0.008166 111.564880 0.111266 0.005073 0.993778 9.923315 0.000000 0.000000 0.000000 1.000000
0.985417 -0.027798 -0.167869 -2.044899 0.026931 0.999610 -0.007442 110.863228 0.168010 0.002813 0.985781 11.267625 0.000000 0.000000 0.000000 1.000000
0.978312 -0.055573 -0.199543 0.220380 0.055158 0.998448 -0.007643 108.761139 0.199658 -0.003529 0.979859 11.713639 0.000000 0.000000 0.000000 1.000000
0.977150 -0.121306 -0.174538 1.199250 0.123862 0.992292 0.003784 106.604233 0.172733 -0.025316 0.984643 10.851969 0.000000 0.000000 0.000000 1.000000
0.983589 -0.162277 -0.078862 1.823729 0.164884 0.985923 0.027717 104.709747 0.073254 -0.040265 0.996500 9.271955 0.000000 0.000000 0.000000 1.000000
0.984293 -0.167388 0.056105 2.223352 0.165799 0.985644 0.031895 103.581207 -0.060638 -0.022092 0.997915 7.610713 0.000000 0.000000 0.000000 1.000000
0.973867 -0.151811 0.168926 2.734380 0.155098 0.987879 -0.006354 102.326317 -0.165914 0.032388 0.985608 6.400084 0.000000 0.000000 0.000000 1.000000
0.966774 -0.140837 0.213336 3.387757 0.156765 0.985836 -0.059599 101.168953 -0.201920 0.091062 0.975159 5.636061 0.000000 0.000000 0.000000 1.000000
0.970330 -0.144599 0.193781 4.167886 0.164395 0.982260 -0.090223 100.979240 -0.177297 0.119403 0.976887 5.116380 0.000000 0.000000 0.000000 1.000000
0.976162 -0.155384 0.151535 5.277428 0.170007 0.981435 -0.088790 102.472549 -0.134926 0.112436 0.984456 4.849949 0.000000 0.000000 0.000000 1.000000
0.978275 -0.165735 0.124543 6.843396 0.175293 0.982017 -0.070103 105.530243 -0.110685 0.090412 0.989735 5.039974 0.000000 0.000000 0.000000 1.000000
0.978517 -0.169254 0.117719 8.889091 0.176313 0.982943 -0.052321 109.222458 -0.106856 0.071952 0.991668 5.881002 0.000000 0.000000 0.000000 1.000000
0.981494 -0.157103 0.109495 11.326913 0.162749 0.985658 -0.044633 112.073105 -0.100913 0.061627 0.992985 7.352594 0.000000 0.000000 0.000000 1.000000
0.988523 -0.129642 0.077563 13.739728 0.133703 0.989776 -0.049661 113.446304 -0.070331 0.059461 0.995750 9.102920 0.000000 0.000000 0.000000 1.000000
0.994870 -0.099714 0.017036 15.531357 0.100628 0.992742 -0.065860 113.470360 -0.010345 0.067236 0.997683 10.595196 0.000000 0.000000 0.000000 1.000000
0.995173 -0.081537 -0.054605 16.592865 0.076684 0.993361 -0.085748 112.203148 0.061234 0.081147 0.994819 11.378202 0.000000 0.000000 0.000000 1.000000
0.991154 -0.072064 -0.111450 17.473949 0.061020 0.993164 -0.099512 109.643829 0.117860 0.091831 0.988775 11.199463 0.000000 0.000000 0.000000 1.000000
0.988573 -0.059468 -0.138514 18.564659 0.045622 0.993832 -0.101077 106.362198 0.143671 0.093603 0.985189 10.299349 0.000000 0.000000 0.000000 1.000000
0.989272 -0.034346 -0.141991 19.627911 0.021496 0.995613 -0.091063 103.377022 0.144496 0.087033 0.985670 9.148607 0.000000 0.000000 0.000000 1.000000
0.990430 0.000103 -0.138016 20.290789 -0.010680 0.997059 -0.075891 100.365692 0.137602 0.076639 0.987518 8.406803 0.000000 0.000000 0.000000 1.000000
0.989932 0.033386 -0.137549 20.193844 -0.042219 0.997195 -0.061805 97.792816 0.135099 0.066989 0.988565 8.393152 0.000000 0.000000 0.000000 1.000000
0.988368 0.058670 -0.140308 19.309120 -0.066178 0.996582 -0.049448 96.464340 0.136928 0.058158 0.988872 8.872882 0.000000 0.000000 0.000000 1.000000
0.987039 0.077951 -0.140276 17.742359 -0.083591 0.995894 -0.034764 97.023071 0.136990 0.046039 0.989502 9.438982 0.000000 0.000000 0.000000 1.000000
0.986061 0.099110 -0.133645 15.587246 -0.102028 0.994666 -0.015145 99.598824 0.131431 0.028569 0.990914 9.929581 0.000000 0.000000 0.000000 1.000000
0.985017 0.124328 -0.119515 12.882803 -0.124712 0.992184 0.004283 103.548981 0.119113 0.010686 0.992823 10.427812 0.000000 0.000000 0.000000 1.000000
0.984733 0.144130 -0.097607 9.630441 -0.143568 0.989558 0.012800 107.724190 0.098432 0.001408 0.995143 11.103831 0.000000 0.000000 0.000000 1.000000
0.987195 0.143943 -0.068750 5.900095 -0.143970 0.989571 0.004587 110.632294 0.068694 0.005370 0.997623 11.917111 0.000000 0.000000 0.000000 1.000000
0.991491 0.125523 -0.034490 2.145690 -0.126074 0.991918 -0.014280 111.890999 0.032419 0.018507 0.999303 12.857753 0.000000 0.000000 0.000000 1.000000
0.995170 0.098056 0.004573 -1.601580 -0.097872 0.994726 -0.030672 111.630447 -0.007557 0.030077 0.999519 13.741179 0.000000 0.000000 0.000000 1.000000
0.994408 0.094275 0.047589 -4.730574 -0.092637 0.995066 -0.035518 110.404678 -0.050703 0.030910 0.998235 14.287234 0.000000 0.000000 0.000000 1.000000
0.990488 0.105905 0.087846 -7.559509 -0.103651 0.994166 -0.029854 108.305313 -0.090495 0.020464 0.995687 13.784668 0.000000 0.000000 0.000000 1.000000
0.985415 0.129251 0.110690 -9.933603 -0.127835 0.991597 -0.019824 105.721024 -0.112322 0.005385 0.993657 12.267517 0.000000 0.000000 0.000000 1.000000
0.987180 0.118418 0.107015 -12.366890 -0.117904 0.992963 -0.011136 102.748734 -0.107581 -0.001624 0.994195 10.256709 0.000000 0.000000 0.000000 1.000000
0.993625 0.071761 0.086943 -14.493737 -0.071072 0.997411 -0.010999 100.164200 -0.087507 0.004749 0.996153 8.421092 0.000000 0.000000 0.000000 1.000000
0.997008 0.020696 0.074480 -15.678275 -0.019096 0.999573 -0.022122 98.161476 -0.074906 0.020633 0.996977 7.255258 0.000000 0.000000 0.000000 1.000000
0.996243 -0.008720 0.086166 -15.655703 0.012049 0.999198 -0.038193 97.513992 -0.085764 0.039088 0.995548 6.855893 0.000000 0.000000 0.000000 1.000000
0.993055 -0.016563 0.116477 -14.684567 0.022975 0.998280 -0.053930 98.760361 -0.115383 0.056231 0.991728 7.065942 0.000000 0.000000 0.000000 1.000000
0.988958 -0.024003 0.146237 -13.262310 0.034382 0.997034 -0.068862 101.915367 -0.144150 0.073130 0.986850 7.749273 0.000000 0.000000 0.000000 1.000000
0.986093 -0.044671 0.160078 -11.579081 0.058619 0.994783 -0.083494 106.384277 -0.155513 0.091716 0.983567 8.797403 0.000000 0.000000 0.000000 1.000000
0.985491 -0.069586 0.154810 -9.442648 0.085443 0.991487 -0.098252 110.748398 -0.146655 0.110054 0.983046 10.070011 0.000000 0.000000 0.000000 1.000000
0.988091 -0.073276 0.135304 -6.703070 0.088515 0.989951 -0.110280 113.709541 -0.125863 0.120943 0.984648 11.390606 0.000000 0.000000 0.000000 1.000000
0.992956 -0.049020 0.107863 -3.706848 0.061206 0.991738 -0.112733 114.764420 -0.101446 0.118541 0.987753 12.676507 0.000000 0.000000 0.000000 1.000000
0.997134 -0.012046 0.074689 -0.832244 0.019727 0.994489 -0.102968 114.221207 -0.073037 0.104146 0.991877 13.917027 0.000000 0.000000 0.000000 1.000000
0.999269 0.013589 0.035742 1.503711 -0.010391 0.996051 -0.088171 112.563171 -0.036799 0.087735 0.995464 14.939591 0.000000 0.000000 0.000000 1.000000
0.999905 0.009407 -0.010055 3.173433 -0.010183 0.996727 -0.080195 110.476524 0.009268 0.080290 0.996728 15.197402 0.000000 0.000000 0.000000 1.000000
0.998056 -0.016026 -0.060228 4.447821 0.010866 0.996318 -0.085046 107.899689 0.061369 0.084227 0.994555 14.635941 0.000000 0.000000 0.000000 1.000000
0.993438 -0.039291 -0.107413 5.575248 0.028870 0.994874 -0.096913 105.592476 0.110670 0.093176 0.989480 13.682251 0.000000 0.000000 0.000000 1.000000
0.988933 -0.035471 -0.144061 6.767116 0.020566 0.994399 -0.103667 103.641052 0.146932 0.099557 0.984124 12.936625 0.000000 0.000000 0.000000 1.000000
0.986076 -0.015192 -0.165599 7.576988 -0.001307 0.995080 -0.099070 102.001480 0.166289 0.097907 0.981204 12.664181 0.000000 0.000000 0.000000 1.000000
0.985440 0.002957 -0.169995 7.517005 -0.017873 0.996111 -0.086276 101.259499 0.169079 0.088058 0.981661 12.798269 0.000000 0.000000 0.000000 1.000000
0.987539 0.020100 -0.156083 6.589863 -0.031406 0.997031 -0.070309 102.183182 0.154206 0.074335 0.985238 13.102467 0.000000 0.000000 0.000000 1.000000
0.991262 0.045793 -0.123706 5.014429 -0.052710 0.997190 -0.053231 104.851440 0.120921 0.059286 0.990890 13.489337 0.000000 0.000000 0.000000 1.000000
0.993889 0.076874 -0.079210 2.874022 -0.080026 0.996090 -0.037414 108.469826 0.076025 0.043524 0.996156 14.088198 0.000000 0.000000 0.000000 1.000000
0.994415 0.099217 -0.035996 0.232929 -0.100211 0.994601 -0.026949 111.499420 0.033128 0.030406 0.998989 15.069729 0.000000 0.000000 0.000000 1.000000
0.995616 0.093417 -0.004661 -2.960739 -0.093503 0.995317 -0.024524 112.788399 0.002348 0.024852 0.999688 16.245090 0.000000 0.000000 0.000000 1.000000
0.997193 0.073035 0.016506 -6.260692 -0.072540 0.996949 -0.028809 112.877319 -0.018559 0.027531 0.999449 17.399170 0.000000 0.000000 0.000000 1.000000
0.997057 0.067981 0.035432 -9.239302 -0.066899 0.997282 -0.030868 112.366356 -0.037434 0.028407 0.998895 18.153923 0.000000 0.000000 0.000000 1.000000
0.994367 0.092862 0.051097 -11.440376 -0.091914 0.995554 -0.020611 111.114441 -0.052784 0.015799 0.998481 18.021740 0.000000 0.000000 0.000000 1.000000
0.988473 0.145593 0.041528 -12.739804 -0.145709 0.989327 -0.000229 109.671661 -0.041118 -0.005825 0.999137 17.020348 0.000000 0.000000 0.000000 1.000000
0.983304 0.181412 -0.014222 -13.904861 -0.181205 0.983335 0.014722 108.288361 0.016656 -0.011900 0.999790 15.636828 0.000000 0.000000 0.000000 1.000000
0.977417 0.182815 -0.105991 -15.196186 -0.183264 0.983048 0.005572 107.207031 0.105213 0.013979 0.994351 14.399571 0.000000 0.000000 0.000000 1.000000
0.968104 0.165594 -0.188027 -16.682117 -0.173273 0.984555 -0.025052 105.625626 0.180975 0.056833 0.981844 13.429120 0.000000 0.000000 0.000000 1.000000
0.963813 0.155980 -0.216182 -17.987238 -0.170451 0.984103 -0.049877 104.139420 0.204965 0.084921 0.975078 12.622541 0.000000 0.000000 0.000000 1.000000
0.970650 0.153214 -0.185374 -19.147028 -0.165546 0.984782 -0.052895 103.411209 0.174449 0.082031 0.981243 11.967849 0.000000 0.000000 0.000000 1.000000
0.980112 0.152196 -0.127349 -20.314867 -0.158710 0.986405 -0.042616 104.135178 0.119131 0.061980 0.990942 11.638599 0.000000 0.000000 0.000000 1.000000
0.984751 0.155008 -0.078980 -21.609688 -0.158039 0.986859 -0.033661 106.384750 0.072724 0.045629 0.996308 11.817917 0.000000 0.000000 0.000000 1.000000
0.985350 0.161430 -0.055000 -23.172606 -0.163153 0.986192 -0.028398 109.518494 0.049656 0.036955 0.998082 12.517768 0.000000 0.000000 0.000000 1.000000
0.985330 0.163694 -0.048253 -25.144444 -0.164805 0.986123 -0.020003 112.409027 0.044309 0.027662 0.998635 13.604954 0.000000 0.000000 0.000000 1.000000
0.986877 0.155124 -0.044838 -27.488317 -0.155672 0.987768 -0.008993 114.067368 0.042894 0.015855 0.998954 14.924314 0.000000 0.000000 0.000000 1.000000
0.990694 0.131890 -0.033635 -30.030214 -0.132112 0.991225 -0.004463 114.316940 0.032752 0.008865 0.999424 16.365232 0.000000 0.000000 0.000000 1.000000
0.994359 0.105565 -0.010347 -32.506592 -0.105665 0.994355 -0.009655 113.385437 0.009269 0.010694 0.999900 17.654055 0.000000 0.000000 0.000000 1.000000
0.995676 0.090423 0.021261 -34.512096 -0.090043 0.995772 -0.018191 111.535378 -0.022816 0.016198 0.999608 18.219608 0.000000 0.000000 0.000000 1.000000
0.994068 0.099118 0.044765 -35.937244 -0.098087 0.994872 -0.024675 109.012573 -0.046981 0.020138 0.998693 17.693798 0.000000 0.000000 0.000000 1.000000
0.992670 0.113090 0.042635 -37.322651 -0.111809 0.993236 -0.031317 105.750427 -0.045889 0.026321 0.998600 16.577162 0.000000 0.000000 0.000000 1.000000
0.993751 0.110451 0.016110 -38.783878 -0.109662 0.993011 -0.043632 102.215912 -0.020817 0.041593 0.998918 15.337446 0.000000 0.000000 0.000000 1.000000
0.995814 0.090959 -0.009004 -40.073799 -0.091341 0.993943 -0.061115 99.357254 0.003391 0.061681 0.998090 14.491684 0.000000 0.000000 0.000000 1.000000
