<?xml version="1.0" encoding="utf-8"?>
<COLLADA xmlns="http://www.collada.org/2005/11/COLLADASchema" version="1.4.1">
  <asset>
    <contributor>
      <author>Mixamo</author>
      <authoring_tool>COLLADA Mixamo exporter</authoring_tool>
      <comments/>
    </contributor>
    <created>2024-04-05T10:41:17Z</created>
    <modified>2024-04-05T10:41:17Z</modified>
    <revision/>
    <title/>
    <unit meter="0.010000"/>
    <up_axis>Y_UP</up_axis>
  </asset>
  <library_animations>
    <animation id="Armature-anim" name="Armature">
      <source id="Armature-Matrix-animation-input">
        <float_array id="Armature-Matrix-animation-input-array" count="103">

0.000000 0.033333 0.066667 0.100000 0.133333 0.166667 0.200000 0.233333 0.266667 0.300000 0.333333 0.366667 0.400000 0.433333 0.466667 0.500000
0.533333 0.566667 0.600000 0.633333 0.666667 0.700000 0.733333 0.766667 0.800000 0.833333 0.866667 0.900000 0.933333 0.966667 1.000000 1.033333
1.066667 1.100000 1.133333 1.166667 1.200000 1.233333 1.266667 1.300000 1.333333 1.366667 1.400000 1.433333 1.466667 1.500000 1.533333 1.566667
1.600000 1.633333 1.666667 1.700000 1.733333 1.766667 1.800000 1.833333 1.866667 1.900000 1.933333 1.966667 2.000000 2.033333 2.066667 2.100000
2.133333 2.166667 2.200000 2.233333 2.266667 2.300000 2.333333 2.366667 2.400000 2.433333 2.466667 2.500000 2.533333 2.566667 2.600000 2.633333
2.666667 2.700000 2.733333 2.766667 2.800000 2.833333 2.866667 2.900000 2.933333 2.966667 3.000000 3.033333 3.066667 3.100000 3.133333 3.166667
3.200000 3.233333 3.266667 3.300000 3.333333 3.366667 3.400000</float_array>
        <technique_common>
          <accessor source="#Armature-Matrix-animation-input-array" count="103">
            <param name="TIME" type="float"/>
          </accessor>
        </technique_common>
      </source>
      <source id="Armature-Matrix-animation-output-transform">
        <float_array id="Armature-Matrix-animation-output-transform-array" count="1648">

1.000000 0.000000 0.000000 0.000000 0.000000 1.000000 0.000000 0.000000 0.000000 0.000000 1.000000 0.000000 0.000000 0.000000 0.000000 1.000000
1.000000 0.000000 0.000000 0.000000 0.000000 1.000000 0.000000 0.000000 0.000000 0.000000 1.000000 0.000000 0.000000 0.000000 0.000000 1.000000
1.000000 0.000000 0.000000 0.000000 0.000000 1.000000 0.000000 0.000000 0.000000 0.000000 1.000000 0.000000 0.000000 0.000000 0.000000 1.000000
1.000000 0.000000 0.000000 0.000000 0.000000 1.000000 0.000000 0.000000 0.000000 0.000000 1.000000 0.000000 0.000000 0.000000 0.000000 1.000000
1.000000 0.000000 0.000000 0.000000 0.000000 1.000000 0.000000 0.000000 0.000000 0.000000 1.000000 0.000000 0.000000 0.000000 0.000000 1.000000
1.000000 0.000000 0.000000 0.000000 0.000000 1.000000 0.000000 0.000000 0.000000 0.000000 1.000000 0.000000 0.000000 0.000000 0.000000 1.000000
1.000000 0.000000 0.000000 0.000000 0.000000 1.000000 0.000000 0.000000 0.000000 0.000000 1.000000 0.000000 0.000000 0.000000 0.000000 1.000000
1.000000 0.000000 0.000000 0.000000 0.000000 1.000000 0.000000 0.000000 0.000000 0.000000 1.000000 0.000000 0.000000 0.000000 0.000000 1.000000
1.000000 0.000000 0.000000 0.000000 0.000000 1.000000 0.000000 0.000000 0.000000 0.000000 1.000000 0.000000 0.000000 0.000000 0.000000 1.000000
1.000000 0.000000 0.000000 0.000000 0.000000 1.000000 0.000000 0.000000 0.000000 0.000000 1.000000 0.000000 0.000000 0.000000 0.000000 1.000000
1.000000 0.000000 0.000000 0.000000 0.000000 1.000000 0.000000 0.000000 0.000000 0.000000 1.000000 0.000000 0.000000 0.000000 0.000000 1.000000
1.000000 0.000000 0.000000 0.000000 0.000000 1.000000 0.000000 0.000000 0.000000 0.000000 1.000000 0.000000 0.000000 0.000000 0.000000 1.000000
1.000000 0.000000 0.000000 0.000000 0.000000 1.000000 0.000000 0.000000 0.000000 0.000000 1.000000 0.000000 0.000000 0.000000 0.000000 1.000000
1.000000 0.000000 0.000000 0.000000 0.000000 1.000000 0.000000 0.000000 0.000000 0.000000 1.000000 0.000000 0.000000 0.000000 0.000000 1.000000
1.000000 0.000000 0.000000 0.000000 0.000000 1.000000 0.000000 0.000000 0.000000 0.000000 1.000000 0.000000 0.000000 0.000000 0.000000 1.000000
1.000000 0.000000 0.000000 0.000000 0.000000 1.000000 0.000000 0.000000 0.000000 0.000000 1.000000 0.000000 0.000000 0.000000 0.000000 1.000000
1.000000 0.000000 0.000000 0.000000 0.000000 1.000000 0.000000 0.000000 0.000000 0.000000 1.000000 0.000000 0.000000 0.000000 0.000000 1.000000
1.000000 0.000000 0.000000 0.000000 0.000000 1.000000 0.000000 0.000000 0.000000 0.000000 1.000000 0.000000 0.000000 0.000000 0.000000 1.000000
1.000000 0.000000 0.000000 0.000000 0.000000 1.000000 0.000000 0.000000 0.000000 0.000000 1.000000 0.000000 0.000000 0.000000 0.000000 1.000000
1.000000 0.000000 0.000000 0.000000 0.000000 1.000000 0.000000 0.000000 0.000000 0.000000 1.000000 0.000000 0.000000 0.000000 0.000000 1.000000
1.000000 0.000000 0.000000 0.000000 0.000000 1.000000 0.000000 0.000000 0.000000 0.000000 1.000000 0.000000 0.000000 0.000000 0.000000 1.000000
1.000000 0.000000 0.000000 0.000000 0.000000 1.000000 0.000000 0.000000 0.000000 0.000000 1.000000 0.000000 0.000000 0.000000 0.000000 1.000000
1.000000 0.000000 0.000000 0.000000 0.000000 1.000000 0.000000 0.000000 0.000000 0.000000 1.000000 0.000000 0.000000 0.000000 0.000000 1.000000
1.000000 0.000000 0.000000 0.000000 0.000000 1.000000 0.000000 0.000000 0.000000 0.000000 1.000000 0.000000 0.000000 0.000000 0.000000 1.000000
1.000000 0.000000 0.000000 0.000000 0.000000 1.000000 0.000000 0.000000 0.000000 0.000000 1.000000 0.000000 0.000000 0.000000 0.000000 1.000000
1.000000 0.000000 0.000000 0.000000 0.000000 1.000000 0.000000 0.000000 0.000000 0.000000 1.000000 0.000000 0.000000 0.000000 0.000000 1.000000
1.000000 0.000000 0.000000 0.000000 0.000000 1.000000 0.000000 0.000000 0.000000 0.000000 1.000000 0.000000 0.000000 0.000000 0.000000 1.000000
1.000000 0.000000 0.000000 0.000000 0.000000 1.000000 0.000000 0.000000 0.000000 0.000000 1.000000 0.000000 0.000000 0.000000 0.000000 1.000000
1.000000 0.000000 0.000000 0.000000 0.000000 1.000000 0.000000 0.000000 0.000000 0.000000 1.000000 0.000000 0.000000 0.000000 0.000000 1.000000
1.000000 0.000000 0.000000 0.000000 0.000000 1.000000 0.000000 0.000000 0.000000 0.000000 1.000000 0.000000 0.000000 0.000000 0.000000 1.000000
1.000000 0.000000 0.000000 0.000000 0.000000 1.000000 0.000000 0.000000 0.000000 0.000000 1.000000 0.000000 0.000000 0.000000 0.000000 1.000000
1.000000 0.000000 0.000000 0.000000 0.000000 1.000000 0.000000 0.000000 0.000000 0.000000 1.000000 0.000000 0.000000 0.000000 0.000000 1.000000
1.000000 0.000000 0.000000 0.000000 0.000000 1.000000 0.000000 0.000000 0.000000 0.000000 1.000000 0.000000 0.000000 0.000000 0.000000 1.000000
1.000000 0.000000 0.000000 0.000000 0.000000 1.000000 0.000000 0.000000 0.000000 0.000000 1.000000 0.000000 0.000000 0.000000 0.000000 1.000000
1.000000 0.000000 0.000000 0.000000 0.000000 1.000000 0.000000 0.000000 0.000000 0.000000 1.000000 0.000000 0.000000 0.000000 0.000000 1.000000
1.000000 0.000000 0.000000 0.000000 0.000000 1.000000 0.000000 0.000000 0.000000 0.000000 1.000000 0.000000 0.000000 0.000000 0.000000 1.000000
1.000000 0.000000 0.000000 0.000000 0.000000 1.000000 0.000000 0.000000 0.000000 0.000000 1.000000 0.000000 0.000000 0.000000 0.000000 1.000000
1.000000 0.000000 0.000000 0.000000 0.000000 1.000000 0.000000 0.000000 0.000000 0.000000 1.000000 0.000000 0.000000 0.000000 0.000000 1.000000
1.000000 0.000000 0.000000 0.000000 0.000000 1.000000 0.000000 0.000000 0.000000 0.000000 1.000000 0.000000 0.000000 0.000000 0.000000 1.000000
1.000000 0.000000 0.000000 0.000000 0.000000 1.000000 0.000000 0.000000 0.000000 0.000000 1.000000 0.000000 0.000000 0.000000 0.000000 1.000000
1.000000 0.000000 0.000000 0.000000 0.000000 1.000000 0.000000 0.000000 0.000000 0.000000 1.000000 0.000000 0.000000 0.000000 0.000000 1.000000
1.000000 0.000000 0.000000 0.000000 0.000000 1.000000 0.000000 0.000000 0.000000 0.000000 1.000000 0.000000 0.000000 0.000000 0.000000 1.000000
1.000000 0.000000 0.000000 0.000000 0.000000 1.000000 0.000000 0.000000 0.000000 0.000000 1.000000 0.000000 0.000000 0.000000 0.000000 1.000000
1.000000 0.000000 0.000000 0.000000 0.000000 1.000000 0.000000 0.000000 0.000000 0.000000 1.000000 0.000000 0.000000 0.000000 0.000000 1.000000
1.000000 0.000000 0.000000 0.000000 0.000000 1.000000 0.000000 0.000000 0.000000 0.000000 1.000000 0.000000 0.000000 0.000000 0.000000 1.000000
1.000000 0.000000 0.000000 0.000000 0.000000 1.000000 0.000000 0.000000 0.000000 0.000000 1.000000 0.000000 0.000000 0.000000 0.000000 1.000000
1.000000 0.000000 0.000000 0.000000 0.000000 1.000000 0.000000 0.000000 0.000000 0.000000 1.000000 0.000000 0.000000 0.000000 0.000000 1.000000
1.000000 0.000000 0.000000 0.000000 0.000000 1.000000 0.000000 0.000000 0.000000 0.000000 1.000000 0.000000 0.000000 0.000000 0.000000 1.000000
1.000000 0.000000 0.000000 0.000000 0.000000 1.000000 0.000000 0.000000 0.000000 0.000000 1.000000 0.000000 0.000000 0.000000 0.000000 1.000000
1.000000 0.000000 0.000000 0.000000 0.000000 1.000000 0.000000 0.000000 0.000000 0.000000 1.000000 0.000000 0.000000 0.000000 0.000000 1.000000
1.000000 0.000000 0.000000 0.000000 0.000000 1.000000 0.000000 0.000000 0.000000 0.000000 1.000000 0.000000 0.000000 0.000000 0.000000 1.000000
1.000000 0.000000 0.000000 0.000000 0.000000 1.000000 0.000000 0.000000 0.000000 0.000000 1.000000 0.000000 0.000000 0.000000 0.000000 1.000000
1.000000 0.000000 0.000000 0.000000 0.000000 1.000000 0.000000 0.000000 0.000000 0.000000 1.000000 0.000000 0.000000 0.000000 0.000000 1.000000
1.000000 0.000000 0.000000 0.000000 0.000000 1.000000 0.000000 0.000000 0.000000 0.000000 1.000000 0.000000 0.000000 0.000000 0.000000 1.000000
1.000000 0.000000 0.000000 0.000000 0.000000 1.000000 0.000000 0.000000 0.000000 0.000000 1.000000 0.000000 0.000000 0.000000 0.000000 1.000000
1.000000 0.000000 0.000000 0.000000 0.000000 1.000000 0.000000 0.000000 0.000000 0.000000 1.000000 0.000000 0.000000 0.000000 0.000000 1.000000
1.000000 0.000000 0.000000 0.000000 0.000000 1.000000 0.000000 0.000000 0.000000 0.000000 1.000000 0.000000 0.000000 0.000000 0.000000 1.000000
1.000000 0.000000 0.000000 0.000000 0.000000 1.000000 0.000000 0.000000 0.000000 0.000000 1.000000 0.000000 0.000000 0.000000 0.000000 1.000000
1.000000 0.000000 0.000000 0.000000 0.000000 1.000000 0.000000 0.000000 0.000000 0.000000 1.000000 0.000000 0.000000 0.000000 0.000000 1.000000
1.000000 0.000000 0.000000 0.000000 0.000000 1.000000 0.000000 0.000000 0.000000 0.000000 1.000000 0.000000 0.000000 0.000000 0.000000 1.000000
1.000000 0.000000 0.000000 0.000000 0.000000 1.000000 0.000000 0.000000 0.000000 0.000000 1.000000 0.000000 0.000000 0.000000 0.000000 1.000000
1.000000 0.000000 0.000000 0.000000 0.000000 1.000000 0.000000 0.000000 0.000000 0.000000 1.000000 0.000000 0.000000 0.000000 0.000000 1.000000
1.000000 0.000000 0.000000 0.000000 0.000000 1.000000 0.000000 0.000000 0.000000 0.000000 1.000000 0.000000 0.000000 0.000000 0.000000 1.000000
1.000000 0.000000 0.000000 0.000000 0.000000 1.000000 0.000000 0.000000 0.000000 0.000000 1.000000 0.000000 0.000000 0.000000 0.000000 1.000000
1.000000 0.000000 0.000000 0.000000 0.000000 1.000000 0.000000 0.000000 0.000000 0.000000 1.000000 0.000000 0.000000 0.000000 0.000000 1.000000
1.000000 0.000000 0.000000 0.000000 0.000000 1.000000 0.000000 0.000000 0.000000 0.000000 1.000000 0.000000 0.000000 0.000000 0.000000 1.000000
1.000000 0.000000 0.000000 0.000000 0.000000 1.000000 0.000000 0.000000 0.000000 0.000000 1.000000 0.000000 0.000000 0.000000 0.000000 1.000000
1.000000 0.000000 0.000000 0.000000 0.000000 1.000000 0.000000 0.000000 0.000000 0.000000 1.000000 0.000000 0.000000 0.000000 0.000000 1.000000
1.000000 0.000000 0.000000 0.000000 0.000000 1.000000 0.000000 0.000000 0.000000 0.000000 1.000000 0.000000 0.000000 0.000000 0.000000 1.000000
1.000000 0.000000 0.000000 0.000000 0.000000 1.000000 0.000000 0.000000 0.000000 0.000000 1.000000 0.000000 0.000000 0.000000 0.000000 1.000000
1.000000 0.000000 0.000000 0.000000 0.000000 1.000000 0.000000 0.000000 0.000000 0.000000 1.000000 0.000000 0.000000 0.000000 0.000000 1.000000
1.000000 0.000000 0.000000 0.000000 0.000000 1.000000 0.000000 0.000000 0.000000 0.000000 1.000000 0.000000 0.000000 0.000000 0.000000 1.000000
1.000000 0.000000 0.000000 0.000000 0.000000 1.000000 0.000000 0.000000 0.000000 0.000000 1.000000 0.000000 0.000000 0.000000 0.000000 1.000000
1.000000 0.000000 0.000000 0.000000 0.000000 1.000000 0.000000 0.000000 0.000000 0.000000 1.000000 0.000000 0.000000 0.000000 0.000000 1.000000
1.000000 0.000000 0.000000 0.000000 0.000000 1.000000 0.000000 0.000000 0.000000 0.000000 1.000000 0.000000 0.000000 0.000000 0.000000 1.000000
1.000000 0.000000 0.000000 0.000000 0.000000 1.000000 0.000000 0.000000 0.000000 0.000000 1.000000 0.000000 0.000000 0.000000 0.000000 1.000000
1.000000 0.000000 0.000000 0.000000 0.000000 1.000000 0.000000 0.000000 0.000000 0.000000 1.000000 0.000000 0.000000 0.000000 0.000000 1.000000
1.000000 0.000000 0.000000 0.000000 0.000000 1.000000 0.000000 0.000000 0.000000 0.000000 1.000000 0.000000 0.000000 0.000000 0.000000 1.000000
1.000000 0.000000 0.000000 0.000000 0.000000 1.000000 0.000000 0.000000 0.000000 0.000000 1.000000 0.000000 0.000000 0.000000 0.000000 1.000000
1.000000 0.000000 0.000000 0.000000 0.000000 1.000000 0.000000 0.000000 0.000000 0.000000 1.000000 0.000000 0.000000 0.000000 0.000000 1.000000
1.000000 0.000000 0.000000 0.000000 0.000000 1.000000 0.000000 0.000000 0.000000 0.000000 1.000000 0.000000 0.000000 0.000000 0.000000 1.000000
1.000000 0.000000 0.000000 0.000000 0.000000 1.000000 0.000000 0.000000 0.000000 0.000000 1.000000 0.000000 0.000000 0.000000 0.000000 1.000000
1.000000 0.000000 0.000000 0.000000 0.000000 1.000000 0.000000 0.000000 0.000000 0.000000 1.000000 0.000000 0.000000 0.000000 0.000000 1.000000
1.000000 0.000000 0.000000 0.000000 0.000000 1.000000 0.000000 0.000000 0.000000 0.000000 1.000000 0.000000 0.000000 0.000000 0.000000 1.000000
1.000000 0.000000 0.000000 0.000000 0.000000 1.000000 0.000000 0.000000 0.000000 0.000000 1.000000 0.000000 0.000000 0.000000 0.000000 1.000000
1.000000 0.000000 0.000000 0.000000 0.000000 1.000000 0.000000 0.000000 0.000000 0.000000 1.000000 0.000000 0.000000 0.000000 0.000000 1.000000
1.000000 0.000000 0.000000 0.000000 0.000000 1.000000 0.000000 0.000000 0.000000 0.000000 1.000000 0.000000 0.000000 0.000000 0.000000 1.000000
1.000000 0.000000 0.000000 0.000000 0.000000 1.000000 0.000000 0.000000 0.000000 0.000000 1.000000 0.000000 0.000000 0.000000 0.000000 1.000000
1.000000 0.000000 0.000000 0.000000 0.000000 1.000000 0.000000 0.000000 0.000000 0.000000 1.000000 0.000000 0.000000 0.000000 0.000000 1.000000
1.000000 0.000000 0.000000 0.000000 0.000000 1.000000 0.000000 0.000000 0.000000 0.000000 1.000000 0.000000 0.000000 0.000000 0.000000 1.000000
1.000000 0.000000 0.000000 0.000000 0.000000 1.000000 0.000000 0.000000 0.000000 0.000000 1.000000 0.000000 0.000000 0.000000 0.000000 1.000000
1.000000 0.000000 0.000000 0.000000 0.000000 1.000000 0.000000 0.000000 0.000000 0.000000 1.000000 0.000000 0.000000 0.000000 0.000000 1.000000
1.000000 0.000000 0.000000 0.000000 0.000000 1.000000 0.000000 0.000000 0.000000 0.000000 1.000000 0.000000 0.000000 0.000000 0.000000 1.000000
1.000000 0.000000 0.000000 0.000000 0.000000 1.000000 0.000000 0.000000 0.000000 0.000000 1.000000 0.000000 0.000000 0.000000 0.000000 1.000000
1.000000 0.000000 0.000000 0.000000 0.000000 1.000000 0.000000 0.000000 0.000000 0.000000 1.000000 0.000000 0.000000 0.000000 0.000000 1.000000
1.000000 0.000000 0.000000 0.000000 0.000000 1.000000 0.000000 0.000000 0.000000 0.000000 1.000000 0.000000 0.000000 0.000000 0.000000 1.000000
1.000000 0.000000 0.000000 0.000000 0.000000 1.000000 0.000000 0.000000 0.000000 0.000000 1.000000 0.000000 0.000000 0.000000 0.000000 1.000000
1.000000 0.000000 0.000000 0.000000 0.000000 1.000000 0.000000 0.000000 0.000000 0.000000 1.000000 0.000000 0.000000 0.000000 0.000000 1.000000
1.000000 0.000000 0.000000 0.000000 0.000000 1.000000 0.000000 0.000000 0.000000 0.000000 1.000000 0.000000 0.000000 0.000000 0.000000 1.000000
1.000000 0.000000 0.000000 0.000000 0.000000 1.000000 0.000000 0.000000 0.000000 0.000000 1.000000 0.000000 0.000000 0.000000 0.000000 1.000000
1.000000 0.000000 0.000000 0.000000 0.000000 1.000000 0.000000 0.000000 0.000000 0.000000 1.000000 0.000000 0.000000 0.000000 0.000000 1.000000
1.000000 0.000000 0.000000 0.000000 0.000000 1.000000 0.000000 0.000000 0.000000 0.000000 1.000000 0.000000 0.000000 0.000000 0.000000 1.000000
1.000000 0.000000 0.000000 0.000000 0.000000 1.000000 0.000000 0.000000 0.000000 0.000000 1.000000 0.000000 0.000000 0.000000 0.000000 1.000000</float_array>
        <technique_common>
          <accessor source="#Armature-Matrix-animation-output-transform-array" count="103" stride="16">
            <param type="float4x4"/>
          </accessor>
        </technique_common>
      </source>
      <source id="Armature-Interpolations">
        <Name_array id="Armature-Interpolations-array" count="103">
 LINEAR LINEAR LINEAR LINEAR LINEAR LINEAR LINEAR LINEAR LINEAR LINEAR LINEAR
LINEAR LINEAR LINEAR LINEAR LINEAR LINEAR LINEAR LINEAR LINEAR LINEAR LINEAR LINEAR
LINEAR LINEAR LINEAR LINEAR LINEAR LINEAR LINEAR LINEAR LINEAR LINEAR LINEAR LINEAR
LINEAR LINEAR LINEAR LINEAR LINEAR LINEAR LINEAR LINEAR LINEAR LINEAR LINEAR LINEAR
LINEAR LINEAR LINEAR LINEAR LINEAR LINEAR LINEAR LINEAR LINEAR LINEAR LINEAR LINEAR
LINEAR LINEAR LINEAR LINEAR LINEAR LINEAR LINEAR LINEAR LINEAR LINEAR LINEAR LINEAR
LINEAR LINEAR LINEAR LINEAR LINEAR LINEAR LINEAR LINEAR LINEAR LINEAR LINEAR LINEAR
LINEAR LINEAR LINEAR LINEAR LINEAR LINEAR LINEAR LINEAR LINEAR LINEAR LINEAR LINEAR
LINEAR LINEAR LINEAR LINEAR LINEAR LINEAR LINEAR LINEAR</Name_array>
        <technique_common>
          <accessor source="#Armature-Interpolations-array" count="103">
            <param type="name"/>
          </accessor>
        </technique_common>
      </source>
      <sampler id="Armature-Matrix-animation-transform">
        <input semantic="INPUT" source="#Armature-Matrix-animation-input"/>
        <input semantic="OUTPUT" source="#Armature-Matrix-animation-output-transform"/>
        <input semantic="INTERPOLATION" source="#Armature-Interpolations"/>
      </sampler>
      <channel source="#Armature-Matrix-animation-transform" target="Armature/matrix"/>
    </animation>
    <animation id="mixamorig_Hips-anim" name="mixamorig_Hips">
      <source id="mixamorig_Hips-Matrix-animation-input">
        <float_array id="mixamorig_Hips-Matrix-animation-input-array" count="103">

0.000000 0.033333 0.066667 0.100000 0.133333 0.166667 0.200000 0.233333 0.266667 0.300000 0.333333 0.366667 0.400000 0.433333 0.466667 0.500000
0.533333 0.566667 0.600000 0.633333 0.666667 0.700000 0.733333 0.766667 0.800000 0.833333 0.866667 0.900000 0.933333 0.966667 1.000000 1.033333
1.066667 1.100000 1.133333 1.166667 1.200000 1.233333 1.266667 1.300000 1.333333 1.366667 1.400000 1.433333 1.466667 1.500000 1.533333 1.566667
1.600000 1.633333 1.666667 1.700000 1.733333 1.766667 1.800000 1.833333 1.866667 1.900000 1.933333 1.966667 2.000000 2.033333 2.066667 2.100000
2.133333 2.166667 2.200000 2.233333 2.266667 2.300000 2.333333 2.366667 2.400000 2.433333 2.466667 2.500000 2.533333 2.566667 2.600000 2.633333
2.666667 2.700000 2.733333 2.766667 2.800000 2.833333 2.866667 2.900000 2.933333 2.966667 3.000000 3.033333 3.066667 3.100000 3.133333 3.166667
3.200000 3.233333 3.266667 3.300000 3.333333 3.366667 3.400000</float_array>
        <technique_common>
          <accessor source="#mixamorig_Hips-Matrix-animation-input-array" count="103">
            <param name="TIME" type="float"/>
          </accessor>
        </technique_common>
      </source>
      <source id="mixamorig_Hips-Matrix-animation-output-transform">
        <float_array id="mixamorig_Hips-Matrix-animation-output-transform-array" count="1648">

0.997298 -0.020284 -0.070611 0.270186 0.001162 0.965363 -0.260907 93.825729 0.073457 0.260120 0.962778 -0.808250 0.000000 0.000000 0.000000 1.000000
0.996620 -0.022405 -0.079035 0.336389 0.000850 0.964852 -0.262794 93.485458 0.082145 0.261838 0.961609 -0.743175 0.000000 0.000000 0.000000 1.000000
0.995855 -0.023904 -0.087763 0.473314 -0.000303 0.963976 -0.265988 92.905243 0.090959 0.264912 0.959973 -0.666573 0.000000 0.000000 0.000000 1.000000
0.995150 -0.023167 -0.095606 0.686698 -0.003318 0.963418 -0.267982 92.243042 0.098317 0.266999 0.958668 -0.621291 0.000000 0.000000 0.000000 1.000000
0.994681 -0.021530 -0.100726 0.985551 -0.006650 0.962448 -0.271386 91.647316 0.102786 0.270612 0.957185 -0.625638 0.000000 0.000000 0.000000 1.000000
0.994230 -0.019570 -0.105466 1.499234 -0.010442 0.960890 -0.276734 90.771400 0.106757 0.276239 0.955141 -0.649488 0.000000 0.000000 0.000000 1.000000
0.994603 -0.016668 -0.102408 2.192147 -0.013205 0.958651 -0.284278 89.632217 0.102912 0.284096 0.953257 -0.764221 0.000000 0.000000 0.000000 1.000000
0.995180 -0.013091 -0.097183 3.063537 -0.016439 0.954754 -0.296943 88.406898 0.096674 0.297109 0.949937 -0.959124 0.000000 0.000000 0.000000 1.000000
0.995158 -0.006550 -0.098072 4.248080 -0.024362 0.950207 -0.310666 86.951042 0.095224 0.311551 0.945446 -1.193921 0.000000 0.000000 0.000000 1.000000
0.995184 -0.000785 -0.098024 5.728971 -0.030912 0.946433 -0.321418 85.350090 0.093026 0.322900 0.941850 -1.516142 0.000000 0.000000 0.000000 1.000000
0.995283 0.004639 -0.096900 7.377666 -0.036640 0.942848 -0.331202 83.699715 0.089826 0.333190 0.938571 -1.858706 0.000000 0.000000 0.000000 1.000000
0.995907 0.015724 -0.089006 9.389635 -0.044698 0.941586 -0.333793 81.804482 0.078558 0.336405 0.938435 -2.294794 0.000000 0.000000 0.000000 1.000000
0.996691 0.032223 -0.074618 11.683793 -0.055882 0.938320 -0.341221 79.701172 0.059020 0.344262 0.937017 -2.666264 0.000000 0.000000 0.000000 1.000000
0.997109 0.046166 -0.060345 14.132291 -0.064500 0.934094 -0.351152 77.317940 0.040157 0.354029 0.934372 -2.971193 0.000000 0.000000 0.000000 1.000000
0.996407 0.066113 -0.052944 16.908371 -0.080753 0.930096 -0.358330 74.635696 0.025552 0.361318 0.932093 -3.271137 0.000000 0.000000 0.000000 1.000000
0.994466 0.093877 -0.047165 20.082781 -0.104569 0.927789 -0.358152 71.779602 0.010137 0.361102 0.932471 -3.580414 0.000000 0.000000 0.000000 1.000000
0.992041 0.117162 -0.046122 23.558477 -0.125912 0.924959 -0.358606 68.875572 0.000646 0.361559 0.932349 -3.837101 0.000000 0.000000 0.000000 1.000000
0.988907 0.142609 -0.041539 27.729389 -0.148151 0.926887 -0.344865 65.498558 -0.010679 0.347193 0.937733 -3.960938 0.000000 0.000000 0.000000 1.000000
0.984511 0.167238 -0.052630 32.541485 -0.175229 0.928753 -0.326668 61.784306 -0.005751 0.330830 0.943673 -3.958855 0.000000 0.000000 0.000000 1.000000
0.977409 0.200113 -0.068020 37.933365 -0.211307 0.932253 -0.293690 57.761833 0.004640 0.301429 0.953477 -3.900527 0.000000 0.000000 0.000000 1.000000
0.967884 0.238191 -0.080403 44.523422 -0.251040 0.932751 -0.258754 53.707870 0.013363 0.270628 0.962591 -3.861803 0.000000 0.000000 0.000000 1.000000
0.956075 0.276413 -0.097555 52.206055 -0.292090 0.926310 -0.237976 49.739403 0.024586 0.256017 0.966359 -3.852102 0.000000 0.000000 0.000000 1.000000
0.947323 0.309319 -0.083072 59.813187 -0.320063 0.923830 -0.209997 45.160786 0.011789 0.225523 0.974166 -3.413868 0.000000 0.000000 0.000000 1.000000
0.936814 0.339993 -0.082372 66.925453 -0.349635 0.917807 -0.188111 40.270927 0.011645 0.205025 0.978687 -2.880744 0.000000 0.000000 0.000000 1.000000
0.916465 0.389378 -0.092069 73.612572 -0.399922 0.898586 -0.180573 36.998852 0.012421 0.202309 0.979243 -3.710643 0.000000 0.000000 0.000000 1.000000
0.892669 0.436311 -0.113027 79.852417 -0.449423 0.880632 -0.150024 33.655869 0.034079 0.184719 0.982200 -4.936922 0.000000 0.000000 0.000000 1.000000
0.856909 0.501931 -0.117356 85.926926 -0.513335 0.851642 -0.105799 30.277662 0.046842 0.150903 0.987438 -6.846029 0.000000 0.000000 0.000000 1.000000
0.807847 0.580354 -0.102826 91.513611 -0.587474 0.806934 -0.061086 27.339396 0.047522 0.109756 0.992822 -8.671438 0.000000 0.000000 0.000000 1.000000
0.735577 0.674461 -0.063478 96.393356 -0.676424 0.736375 -0.014267 25.207134 0.037121 0.053432 0.997881 -9.891223 0.000000 0.000000 0.000000 1.000000
0.633398 0.773826 0.000400 101.076431 -0.773540 0.633149 0.027546 23.752323 0.021063 -0.017757 0.999620 -10.613331 0.000000 0.000000 0.000000 1.000000
0.518749 0.852174 0.068544 105.212585 -0.854926 0.517143 0.040792 22.839069 -0.000685 -0.079761 0.996814 -10.745656 0.000000 0.000000 0.000000 1.000000
0.405492 0.904772 0.130248 108.945137 -0.913295 0.406974 0.016244 22.960911 -0.038311 -0.125541 0.991348 -10.175741 0.000000 0.000000 0.000000 1.000000
0.277105 0.946268 0.166704 112.530701 -0.959317 0.282234 -0.007428 23.054844 -0.054078 -0.157864 0.985979 -9.567595 0.000000 0.000000 0.000000 1.000000
0.128256 0.976086 0.175520 116.563362 -0.991642 0.128727 0.008750 22.009665 -0.014054 -0.175175 0.984437 -9.454929 0.000000 0.000000 0.000000 1.000000
-0.028538 0.982064 0.186378 120.128929 -0.999137 -0.033653 0.024340 21.068661 0.030175 -0.185523 0.982177 -9.637094 0.000000 0.000000 0.000000 1.000000
-0.200123 0.963502 0.177805 123.104935 -0.977288 -0.209213 0.033744 20.399225 0.069712 -0.167014 0.983487 -10.282768 0.000000 0.000000 0.000000 1.000000
-0.285733 0.943711 0.166631 125.540443 -0.950048 -0.301737 0.079771 20.937538 0.125560 -0.135514 0.982787 -11.539876 0.000000 0.000000 0.000000 1.000000
-0.300533 0.932204 0.201681 127.090996 -0.930182 -0.333210 0.154051 23.471018 0.210809 -0.141302 0.967261 -13.158035 0.000000 0.000000 0.000000 1.000000
-0.294955 0.922190 0.250132 129.129013 -0.907398 -0.352357 0.229070 26.038942 0.299382 -0.159404 0.940724 -14.859158 0.000000 0.000000 0.000000 1.000000
-0.302699 0.908665 0.287578 131.390274 -0.882202 -0.381315 0.276258 28.373812 0.360683 -0.170079 0.917050 -16.443960 0.000000 0.000000 0.000000 1.000000
-0.314712 0.897604 0.308647 133.393066 -0.863131 -0.405917 0.300394 31.086578 0.394920 -0.171865 0.902497 -17.809284 0.000000 0.000000 0.000000 1.000000
-0.303825 0.888073 0.344987 135.441803 -0.849244 -0.416570 0.324428 33.329967 0.431827 -0.194409 0.880756 -19.253716 0.000000 0.000000 0.000000 1.000000
-0.300587 0.883522 0.359216 138.006027 -0.838264 -0.424385 0.342361 34.376263 0.454930 -0.198208 0.868189 -20.331944 0.000000 0.000000 0.000000 1.000000
-0.301954 0.880527 0.365371 141.150391 -0.832918 -0.430115 0.348208 34.252571 0.463758 -0.199182 0.863281 -21.172729 0.000000 0.000000 0.000000 1.000000
-0.292568 0.882277 0.368770 143.897003 -0.827337 -0.426924 0.365034 33.533569 0.479498 -0.198300 0.854845 -21.792587 0.000000 0.000000 0.000000 1.000000
-0.275236 0.879659 0.387873 145.775162 -0.818359 -0.426103 0.385650 32.041328 0.504514 -0.211274 0.837155 -22.238728 0.000000 0.000000 0.000000 1.000000
-0.242015 0.887494 0.392151 147.164764 -0.813706 -0.405793 0.416190 30.244307 0.528499 -0.218372 0.820368 -22.570812 0.000000 0.000000 0.000000 1.000000
-0.201912 0.895041 0.397660 148.196671 -0.803252 -0.383642 0.455637 27.933315 0.560373 -0.227422 0.796405 -22.729383 0.000000 0.000000 0.000000 1.000000
-0.155054 0.906068 0.393700 148.634659 -0.791561 -0.352391 0.499252 25.226187 0.591092 -0.234226 0.771847 -22.834654 0.000000 0.000000 0.000000 1.000000
-0.107169 0.915255 0.388359 148.629822 -0.780479 -0.319425 0.537420 22.302166 0.615928 -0.245511 0.748570 -22.953762 0.000000 0.000000 0.000000 1.000000
-0.047153 0.926447 0.373461 148.269211 -0.769825 -0.271946 0.577420 19.104118 0.636510 -0.260273 0.726025 -23.289253 0.000000 0.000000 0.000000 1.000000
0.014711 0.936250 0.351026 147.947174 -0.742724 -0.224808 0.630731 16.574083 0.669436 -0.269994 0.692069 -23.690762 0.000000 0.000000 0.000000 1.000000
0.073908 0.947332 0.311608 148.223145 -0.724621 -0.163665 0.669431 16.570660 0.685173 -0.275274 0.674361 -24.232677 0.000000 0.000000 0.000000 1.000000
0.127304 0.946333 0.297066 148.596970 -0.747811 -0.105180 0.655527 18.185658 0.651592 -0.305600 0.694288 -24.687460 0.000000 0.000000 0.000000 1.000000
0.193287 0.934798 0.297982 148.521622 -0.800622 -0.025281 0.598636 18.906805 0.567137 -0.354280 0.743533 -24.857544 0.000000 0.000000 0.000000 1.000000
0.259292 0.917524 0.301526 148.120667 -0.838283 0.058761 0.542060 19.066313 0.479635 -0.393316 0.784381 -24.874111 0.000000 0.000000 0.000000 1.000000
0.303342 0.906117 0.294849 147.445435 -0.825363 0.095219 0.556516 18.927429 0.476193 -0.412171 0.776759 -24.906239 0.000000 0.000000 0.000000 1.000000
0.329479 0.903689 0.273476 146.762558 -0.780476 0.097685 0.617507 18.522175 0.531320 -0.416897 0.737493 -24.906227 0.000000 0.000000 0.000000 1.000000
0.371634 0.898268 0.234527 145.817047 -0.757395 0.147265 0.636134 18.399689 0.536881 -0.414039 0.735072 -25.044136 0.000000 0.000000 0.000000 1.000000
0.429689 0.885987 0.174341 144.777863 -0.752169 0.244365 0.611987 18.801668 0.499609 -0.394098 0.771413 -25.306343 0.000000 0.000000 0.000000 1.000000
0.486652 0.865875 0.115890 143.593018 -0.755687 0.350691 0.553130 19.606060 0.438300 -0.356758 0.824995 -25.513115 0.000000 0.000000 0.000000 1.000000
0.545549 0.836758 0.047029 142.060516 -0.751239 0.463375 0.470025 20.684311 0.371505 -0.291751 0.881400 -25.186186 0.000000 0.000000 0.000000 1.000000
0.614724 0.788732 -0.004073 140.687302 -0.731405 0.571961 0.371360 21.349483 0.295233 -0.225305 0.928480 -24.734688 0.000000 0.000000 0.000000 1.000000
0.669173 0.742952 -0.015161 139.514053 -0.709503 0.644846 0.284217 21.528492 0.220936 -0.179434 0.958640 -23.959051 0.000000 0.000000 0.000000 1.000000
0.724235 0.689379 -0.015481 138.066360 -0.672040 0.710690 0.208043 21.547031 0.154423 -0.140268 0.977997 -22.859173 0.000000 0.000000 0.000000 1.000000
0.775936 0.630052 -0.030937 136.366425 -0.618739 0.769719 0.157146 21.713146 0.122823 -0.102793 0.987091 -21.442337 0.000000 0.000000 0.000000 1.000000
0.819171 0.572940 -0.026441 134.741272 -0.567806 0.816614 0.103626 22.323704 0.080964 -0.069874 0.994265 -19.916683 0.000000 0.000000 0.000000 1.000000
0.850823 0.525399 -0.007544 133.033447 -0.524228 0.849732 0.056039 23.555553 0.035853 -0.043724 0.998400 -18.269493 0.000000 0.000000 0.000000 1.000000
0.871910 0.489298 0.018991 131.216385 -0.489583 0.871822 0.015341 25.399578 -0.009050 -0.022673 0.999702 -16.357502 0.000000 0.000000 0.000000 1.000000
0.886916 0.459358 0.048691 129.640152 -0.458432 0.888243 -0.029391 27.584442 -0.056751 0.003746 0.998381 -14.638567 0.000000 0.000000 0.000000 1.000000
0.899639 0.430028 0.075669 128.104355 -0.424701 0.902050 -0.077037 29.957512 -0.101385 0.037169 0.994153 -12.693211 0.000000 0.000000 0.000000 1.000000
0.916358 0.385997 0.106277 126.550552 -0.375191 0.920577 -0.108490 32.255356 -0.139713 0.059542 0.988400 -10.405442 0.000000 0.000000 0.000000 1.000000
0.936752 0.325019 0.129838 125.357391 -0.310623 0.942993 -0.119489 34.165802 -0.161273 0.071601 0.984309 -8.124887 0.000000 0.000000 0.000000 1.000000
0.957839 0.260090 0.122058 124.556854 -0.247301 0.962613 -0.110534 36.002995 -0.146243 0.075688 0.986349 -5.817451 0.000000 0.000000 0.000000 1.000000
0.977978 0.198551 0.064324 124.417007 -0.191592 0.976302 -0.100632 38.704979 -0.082780 0.086092 0.992842 -3.589201 0.000000 0.000000 0.000000 1.000000
0.989301 0.143061 -0.028590 124.352325 -0.145127 0.985062 -0.092683 41.934914 0.014904 0.095841 0.995285 -0.843051 0.000000 0.000000 0.000000 1.000000
0.987936 0.076393 -0.134709 124.118736 -0.090903 0.990301 -0.105075 45.706306 0.125375 0.116053 0.985298 2.440722 0.000000 0.000000 0.000000 1.000000
0.975498 -0.019755 -0.219118 123.334091 -0.004277 0.994069 -0.108666 49.567871 0.219965 0.106941 0.969628 5.920313 0.000000 0.000000 0.000000 1.000000
0.961564 -0.099284 -0.256004 122.254974 0.077130 0.992466 -0.095197 54.015106 0.263527 0.071792 0.961977 8.815942 0.000000 0.000000 0.000000 1.000000
0.956218 -0.135915 -0.259179 120.722908 0.118756 0.989628 -0.080826 58.196110 0.267477 0.046509 0.962441 10.454361 0.000000 0.000000 0.000000 1.000000
0.951099 -0.157780 -0.265548 118.866898 0.142982 0.986933 -0.074292 61.878250 0.273800 0.032691 0.961231 11.487803 0.000000 0.000000 0.000000 1.000000
0.941786 -0.172239 -0.288742 116.778915 0.155577 0.984589 -0.079879 65.396317 0.298050 0.030307 0.954069 12.600433 0.000000 0.000000 0.000000 1.000000
0.929134 -0.183601 -0.320938 114.742317 0.163349 0.982530 -0.089178 68.647453 0.331704 0.030433 0.942893 13.777802 0.000000 0.000000 0.000000 1.000000
0.920724 -0.181302 -0.345539 112.628532 0.155869 0.982675 -0.100276 71.561852 0.357733 0.038468 0.933031 14.826086 0.000000 0.000000 0.000000 1.000000
0.922111 -0.159210 -0.352652 110.537773 0.133487 0.986364 -0.096267 74.167061 0.363170 0.041695 0.930790 15.634550 0.000000 0.000000 0.000000 1.000000
0.929964 -0.131618 -0.343282 108.594147 0.109920 0.990551 -0.082011 76.307869 0.350833 0.038534 0.935645 16.322578 0.000000 0.000000 0.000000 1.000000
0.937707 -0.106178 -0.330805 106.811272 0.088334 0.993728 -0.068564 78.976624 0.336010 0.035072 0.941205 16.975126 0.000000 0.000000 0.000000 1.000000
0.941087 -0.087718 -0.326590 105.435265 0.076196 0.995940 -0.047935 81.097755 0.329469 0.020226 0.943950 17.829109 0.000000 0.000000 0.000000 1.000000
0.943385 -0.067724 -0.324713 104.397820 0.058808 0.997576 -0.037204 82.355637 0.326445 0.016001 0.945081 18.933632 0.000000 0.000000 0.000000 1.000000
0.943755 -0.035468 -0.328738 103.675552 0.029941 0.999313 -0.021863 83.340714 0.329288 0.010790 0.944168 20.140450 0.000000 0.000000 0.000000 1.000000
0.943742 -0.006836 -0.330611 102.930115 0.001567 0.999868 -0.016202 83.986519 0.330678 0.014773 0.943628 21.157858 0.000000 0.000000 0.000000 1.000000
0.943438 -0.002175 -0.331541 102.143410 -0.006590 0.999658 -0.025309 84.854675 0.331482 0.026062 0.943101 21.795521 0.000000 0.000000 0.000000 1.000000
0.941095 -0.006317 -0.338082 101.258957 -0.005378 0.999419 -0.033647 85.623665 0.338098 0.033483 0.940515 22.205706 0.000000 0.000000 0.000000 1.000000
0.941538 0.004762 -0.336874 100.211121 -0.018503 0.999122 -0.037593 86.585762 0.336400 0.041628 0.940799 22.528969 0.000000 0.000000 0.000000 1.000000
0.946152 0.013587 -0.323437 98.987793 -0.030998 0.998330 -0.048740 87.676521 0.322235 0.056141 0.944994 22.685141 0.000000 0.000000 0.000000 1.000000
0.951689 0.009479 -0.306916 97.386230 -0.031099 0.997359 -0.065630 88.777893 0.305484 0.072004 0.949471 22.842487 0.000000 0.000000 0.000000 1.000000
0.959340 0.002030 -0.282245 95.497894 -0.024906 0.996682 -0.077484 89.614601 0.281151 0.081363 0.956208 22.978804 0.000000 0.000000 0.000000 1.000000
0.966863 -0.003627 -0.255271 93.574905 -0.018631 0.996230 -0.084725 90.288651 0.254616 0.086674 0.963150 23.090282 0.000000 0.000000 0.000000 1.000000
0.974137 -0.009286 -0.225767 91.676384 -0.011077 0.995992 -0.088759 90.709045 0.225686 0.088964 0.970129 23.141714 0.000000 0.000000 0.000000 1.000000
0.979714 -0.014349 -0.199887 89.898285 -0.003899 0.995880 -0.090601 90.951881 0.200363 0.089543 0.975621 23.059446 0.000000 0.000000 0.000000 1.000000
0.984355 -0.019682 -0.175095 88.217232 0.002830 0.995379 -0.095978 90.834808 0.176175 0.093981 0.979862 22.900166 0.000000 0.000000 0.000000 1.000000
0.987919 -0.027873 -0.152442 86.653427 0.012204 0.994630 -0.102772 90.428261 0.154488 0.099670 0.982954 22.648144 0.000000 0.000000 0.000000 1.000000
0.988473 -0.038816 -0.146334 85.348389 0.022460 0.993476 -0.111809 89.928551 0.149719 0.107234 0.982896 22.358437 0.000000 0.000000 0.000000 1.000000</float_array>
        <technique_common>
          <accessor source="#mixamorig_Hips-Matrix-animation-output-transform-array" count="103" stride="16">
            <param type="float4x4"/>
          </accessor>
        </technique_common>
      </source>
      <source id="mixamorig_Hips-Interpolations">
        <Name_array id="mixamorig_Hips-Interpolations-array" count="103">
 LINEAR LINEAR LINEAR LINEAR LINEAR LINEAR LINEAR LINEAR LINEAR LINEAR LINEAR
LINEAR LINEAR LINEAR LINEAR LINEAR LINEAR LINEAR LINEAR LINEAR LINEAR LINEAR LINEAR
LINEAR LINEAR LINEAR LINEAR LINEAR LINEAR LINEAR LINEAR LINEAR LINEAR LINEAR LINEAR
LINEAR LINEAR LINEAR LINEAR LINEAR LINEAR LINEAR LINEAR LINEAR LINEAR LINEAR LINEAR
LINEAR LINEAR LINEAR LINEAR LINEAR LINEAR LINEAR LINEAR LINEAR LINEAR LINEAR LINEAR
LINEAR LINEAR LINEAR LINEAR LINEAR LINEAR LINEAR LINEAR LINEAR LINEAR LINEAR LINEAR
LINEAR LINEAR LINEAR LINEAR LINEAR LINEAR LINEAR LINEAR LINEAR LINEAR LINEAR LINEAR
LINEAR LINEAR LINEAR LINEAR LINEAR LINEAR LINEAR LINEAR LINEAR LINEAR LINEAR LINEAR
LINEAR LINEAR LINEAR LINEAR LINEAR LINEAR LINEAR LINEAR</Name_array>
        <technique_common>
          <accessor source="#mixamorig_Hips-Interpolations-array" count="103">
            <param type="name"/>
          </accessor>
        </technique_common>
      </source>
      <sampler id="mixamorig_Hips-Matrix-animation-transform">
        <input semantic="INPUT" source="#mixamorig_Hips-Matrix-animation-input"/>
        <input semantic="OUTPUT" source="#mixamorig_Hips-Matrix-animation-output-transform"/>
        <input semantic="INTERPOLATION" source="#mixamorig_Hips-Interpolations"/>
      </sampler>
      <channel source="#mixamorig_Hips-Matrix-animation-transform" target="mixamorig_Hips/matrix"/>
    </animation>
    <animation id="mixamorig_Spine-anim" name="mixamorig_Spine">
      <source id="mixamorig_Spine-Matrix-animation-input">
        <float_array id="mixamorig_Spine-Matrix-animation-input-array" count="103">

0.000000 0.033333 0.066667 0.100000 0.133333 0.166667 0.200000 0.233333 0.266667 0.300000 0.333333 0.366667 0.400000 0.433333 0.466667 0.500000
0.533333 0.566667 0.600000 0.633333 0.666667 0.700000 0.733333 0.766667 0.800000 0.833333 0.866667 0.900000 0.933333 0.966667 1.000000 1.033333
1.066667 1.100000 1.133333 1.166667 1.200000 1.233333 1.266667 1.300000 1.333333 1.366667 1.400000 1.433333 1.466667 1.500000 1.533333 1.566667
1.600000 1.633333 1.666667 1.700000 1.733333 1.766667 1.800000 1.833333 1.866667 1.900000 1.933333 1.966667 2.000000 2.033333 2.066667 2.100000
2.133333 2.166667 2.200000 2.233333 2.266667 2.300000 2.333333 2.366667 2.400000 2.433333 2.466667 2.500000 2.533333 2.566667 2.600000 2.633333
2.666667 2.700000 2.733333 2.766667 2.800000 2.833333 2.866667 2.900000 2.933333 2.966667 3.000000 3.033333 3.066667 3.100000 3.133333 3.166667
3.200000 3.233333 3.266667 3.300000 3.333333 3.366667 3.400000</float_array>
        <technique_common>
          <accessor source="#mixamorig_Spine-Matrix-animation-input-array" count="103">
            <param name="TIME" type="float"/>
          </accessor>
        </technique_common>
      </source>
      <source id="mixamorig_Spine-Matrix-animation-output-transform">
        <float_array id="mixamorig_Spine-Matrix-animation-output-transform-array" count="1648">

0.999914 0.012144 -0.004940 -0.000000 -0.012854 0.982242 -0.187179 12.246100 0.002579 0.187226 0.982313 0.234600 0.000000 0.000000 0.000000 1.000000
0.999923 0.011586 -0.004368 0.000000 -0.012210 0.981207 -0.192571 12.246100 0.002055 0.192610 0.981273 0.234600 0.000000 0.000000 0.000000 1.000000
0.999940 0.010063 -0.004367 -0.000000 -0.010721 0.980734 -0.195052 12.246100 0.002320 0.195087 0.980783 0.234600 0.000000 0.000000 0.000000 1.000000
0.999962 0.006551 -0.005665 0.000000 -0.007553 0.979734 -0.200163 12.246100 0.004239 0.200198 0.979746 0.234600 0.000000 0.000000 0.000000 1.000000
0.999955 0.002881 -0.009053 0.000000 -0.004699 0.978171 -0.207748 12.246100 0.008257 0.207781 0.978141 0.234600 0.000000 0.000000 0.000000 1.000000
0.999904 -0.003404 -0.013404 -0.000000 0.000460 0.976882 -0.213777 12.246100 0.013822 0.213751 0.976790 0.234600 0.000000 0.000000 0.000000 1.000000
0.999675 -0.013416 -0.021678 -0.000000 0.008312 0.975383 -0.220361 12.246100 0.024101 0.220109 0.975177 0.234600 0.000000 0.000000 0.000000 1.000000
