<?xml version="1.0" encoding="utf-8"?>
<COLLADA xmlns="http://www.collada.org/2005/11/COLLADASchema" version="1.4.1">
  <asset>
    <contributor>
      <author>Mixamo</author>
      <authoring_tool>COLLADA Mixamo exporter</authoring_tool>
      <comments/>
    </contributor>
    <created>2024-04-05T10:41:39Z</created>
    <modified>2024-04-05T10:41:39Z</modified>
    <revision/>
    <title/>
    <unit meter="0.010000"/>
    <up_axis>Y_UP</up_axis>
  </asset>
  <library_animations>
    <animation id="Armature-anim" name="Armature">
      <source id="Armature-Matrix-animation-input">
        <float_array id="Armature-Matrix-animation-input-array" count="39">

0.000000 0.033333 0.066667 0.100000 0.133333 0.166667 0.200000 0.233333 0.266667 0.300000 0.333333 0.366667 0.400000 0.433333 0.466667 0.500000
0.533333 0.566667 0.600000 0.633333 0.666667 0.700000 0.733333 0.766667 0.800000 0.833333 0.866667 0.900000 0.933333 0.966667 1.000000 1.033333
1.066667 1.100000 1.133333 1.166667 1.200000 1.233333 1.266667</float_array>
        <technique_common>
          <accessor source="#Armature-Matrix-animation-input-array" count="39">
            <param name="TIME" type="float"/>
          </accessor>
        </technique_common>
      </source>
      <source id="Armature-Matrix-animation-output-transform">
        <float_array id="Armature-Matrix-animation-output-transform-array" count="624">

1.000000 0.000000 0.000000 0.000000 0.000000 1.000000 0.000000 0.000000 0.000000 0.000000 1.000000 0.000000 0.000000 0.000000 0.000000 1.000000
1.000000 0.000000 0.000000 0.000000 0.000000 1.000000 0.000000 0.000000 0.000000 0.000000 1.000000 0.000000 0.000000 0.000000 0.000000 1.000000
1.000000 0.000000 0.000000 0.000000 0.000000 1.000000 0.000000 0.000000 0.000000 0.000000 1.000000 0.000000 0.000000 0.000000 0.000000 1.000000
1.000000 0.000000 0.000000 0.000000 0.000000 1.000000 0.000000 0.000000 0.000000 0.000000 1.000000 0.000000 0.000000 0.000000 0.000000 1.000000
1.000000 0.000000 0.000000 0.000000 0.000000 1.000000 0.000000 0.000000 0.000000 0.000000 1.000000 0.000000 0.000000 0.000000 0.000000 1.000000
1.000000 0.000000 0.000000 0.000000 0.000000 1.000000 0.000000 0.000000 0.000000 0.000000 1.000000 0.000000 0.000000 0.000000 0.000000 1.000000
1.000000 0.000000 0.000000 0.000000 0.000000 1.000000 0.000000 0.000000 0.000000 0.000000 1.000000 0.000000 0.000000 0.000000 0.000000 1.000000
1.000000 0.000000 0.000000 0.000000 0.000000 1.000000 0.000000 0.000000 0.000000 0.000000 1.000000 0.000000 0.000000 0.000000 0.000000 1.000000
1.000000 0.000000 0.000000 0.000000 0.000000 1.000000 0.000000 0.000000 0.000000 0.000000 1.000000 0.000000 0.000000 0.000000 0.000000 1.000000
1.000000 0.000000 0.000000 0.000000 0.000000 1.000000 0.000000 0.000000 0.000000 0.000000 1.000000 0.000000 0.000000 0.000000 0.000000 1.000000
1.000000 0.000000 0.000000 0.000000 0.000000 1.000000 0.000000 0.000000 0.000000 0.000000 1.000000 0.000000 0.000000 0.000000 0.000000 1.000000
1.000000 0.000000 0.000000 0.000000 0.000000 1.000000 0.000000 0.000000 0.000000 0.000000 1.000000 0.000000 0.000000 0.000000 0.000000 1.000000
1.000000 0.000000 0.000000 0.000000 0.000000 1.000000 0.000000 0.000000 0.000000 0.000000 1.000000 0.000000 0.000000 0.000000 0.000000 1.000000
1.000000 0.000000 0.000000 0.000000 0.000000 1.000000 0.000000 0.000000 0.000000 0.000000 1.000000 0.000000 0.000000 0.000000 0.000000 1.000000
1.000000 0.000000 0.000000 0.000000 0.000000 1.000000 0.000000 0.000000 0.000000 0.000000 1.000000 0.000000 0.000000 0.000000 0.000000 1.000000
1.000000 0.000000 0.000000 0.000000 0.000000 1.000000 0.000000 0.000000 0.000000 0.000000 1.000000 0.000000 0.000000 0.000000 0.000000 1.000000
1.000000 0.000000 0.000000 0.000000 0.000000 1.000000 0.000000 0.000000 0.000000 0.000000 1.000000 0.000000 0.000000 0.000000 0.000000 1.000000
1.000000 0.000000 0.000000 0.000000 0.000000 1.000000 0.000000 0.000000 0.000000 0.000000 1.000000 0.000000 0.000000 0.000000 0.000000 1.000000
1.000000 0.000000 0.000000 0.000000 0.000000 1.000000 0.000000 0.000000 0.000000 0.000000 1.000000 0.000000 0.000000 0.000000 0.000000 1.000000
1.000000 0.000000 0.000000 0.000000 0.000000 1.000000 0.000000 0.000000 0.000000 0.000000 1.000000 0.000000 0.000000 0.000000 0.000000 1.000000
1.000000 0.000000 0.000000 0.000000 0.000000 1.000000 0.000000 0.000000 0.000000 0.000000 1.000000 0.000000 0.000000 0.000000 0.000000 1.000000
1.000000 0.000000 0.000000 0.000000 0.000000 1.000000 0.000000 0.000000 0.000000 0.000000 1.000000 0.000000 0.000000 0.000000 0.000000 1.000000
1.000000 0.000000 0.000000 0.000000 0.000000 1.000000 0.000000 0.000000 0.000000 0.000000 1.000000 0.000000 0.000000 0.000000 0.000000 1.000000
1.000000 0.000000 0.000000 0.000000 0.000000 1.000000 0.000000 0.000000 0.000000 0.000000 1.000000 0.000000 0.000000 0.000000 0.000000 1.000000
1.000000 0.000000 0.000000 0.000000 0.000000 1.000000 0.000000 0.000000 0.000000 0.000000 1.000000 0.000000 0.000000 0.000000 0.000000 1.000000
1.000000 0.000000 0.000000 0.000000 0.000000 1.000000 0.000000 0.000000 0.000000 0.000000 1.000000 0.000000 0.000000 0.000000 0.000000 1.000000
1.000000 0.000000 0.000000 0.000000 0.000000 1.000000 0.000000 0.000000 0.000000 0.000000 1.000000 0.000000 0.000000 0.000000 0.000000 1.000000
1.000000 0.000000 0.000000 0.000000 0.000000 1.000000 0.000000 0.000000 0.000000 0.000000 1.000000 0.000000 0.000000 0.000000 0.000000 1.000000
1.000000 0.000000 0.000000 0.000000 0.000000 1.000000 0.000000 0.000000 0.000000 0.000000 1.000000 0.000000 0.000000 0.000000 0.000000 1.000000
1.000000 0.000000 0.000000 0.000000 0.000000 1.000000 0.000000 0.000000 0.000000 0.000000 1.000000 0.000000 0.000000 0.000000 0.000000 1.000000
1.000000 0.000000 0.000000 0.000000 0.000000 1.000000 0.000000 0.000000 0.000000 0.000000 1.000000 0.000000 0.000000 0.000000 0.000000 1.000000
1.000000 0.000000 0.000000 0.000000 0.000000 1.000000 0.000000 0.000000 0.000000 0.000000 1.000000 0.000000 0.000000 0.000000 0.000000 1.000000
1.000000 0.000000 0.000000 0.000000 0.000000 1.000000 0.000000 0.000000 0.000000 0.000000 1.000000 0.000000 0.000000 0.000000 0.000000 1.000000
1.000000 0.000000 0.000000 0.000000 0.000000 1.000000 0.000000 0.000000 0.000000 0.000000 1.000000 0.000000 0.000000 0.000000 0.000000 1.000000
1.000000 0.000000 0.000000 0.000000 0.000000 1.000000 0.000000 0.000000 0.000000 0.000000 1.000000 0.000000 0.000000 0.000000 0.000000 1.000000
1.000000 0.000000 0.000000 0.000000 0.000000 1.000000 0.000000 0.000000 0.000000 0.000000 1.000000 0.000000 0.000000 0.000000 0.000000 1.000000
1.000000 0.000000 0.000000 0.000000 0.000000 1.000000 0.000000 0.000000 0.000000 0.000000 1.000000 0.000000 0.000000 0.000000 0.000000 1.000000
1.000000 0.000000 0.000000 0.000000 0.000000 1.000000 0.000000 0.000000 0.000000 0.000000 1.000000 0.000000 0.000000 0.000000 0.000000 1.000000
1.000000 0.000000 0.000000 0.000000 0.000000 1.000000 0.000000 0.000000 0.000000 0.000000 1.000000 0.000000 0.000000 0.000000 0.000000 1.000000</float_array>
        <technique_common>
          <accessor source="#Armature-Matrix-animation-output-transform-array" count="39" stride="16">
            <param type="float4x4"/>
          </accessor>
        </technique_common>
      </source>
      <source id="Armature-Interpolations">
        <Name_array id="Armature-Interpolations-array" count="39">
 LINEAR LINEAR LINEAR LINEAR LINEAR LINEAR LINEAR LINEAR LINEAR LINEAR LINEAR
LINEAR LINEAR LINEAR LINEAR LINEAR LINEAR LINEAR LINEAR LINEAR LINEAR LINEAR LINEAR
LINEAR LINEAR LINEAR LINEAR LINEAR LINEAR LINEAR LINEAR LINEAR LINEAR LINEAR LINEAR
LINEAR LINEAR LINEAR LINEAR</Name_array>
        <technique_common>
          <accessor source="#Armature-Interpolations-array" count="39">
            <param type="name"/>
          </accessor>
        </technique_common>
      </source>
      <sampler id="Armature-Matrix-animation-transform">
        <input semantic="INPUT" source="#Armature-Matrix-animation-input"/>
        <input semantic="OUTPUT" source="#Armature-Matrix-animation-output-transform"/>
        <input semantic="INTERPOLATION" source="#Armature-Interpolations"/>
      </sampler>
      <channel source="#Armature-Matrix-animation-transform" target="Armature/matrix"/>
    </animation>
    <animation id="mixamorig_Hips-anim" name="mixamorig_Hips">
      <source id="mixamorig_Hips-Matrix-animation-input">
        <float_array id="mixamorig_Hips-Matrix-animation-input-array" count="39">

0.000000 0.033333 0.066667 0.100000 0.133333 0.166667 0.200000 0.233333 0.266667 0.300000 0.333333 0.366667 0.400000 0.433333 0.466667 0.500000
0.533333 0.566667 0.600000 0.633333 0.666667 0.700000 0.733333 0.766667 0.800000 0.833333 0.866667 0.900000 0.933333 0.966667 1.000000 1.033333
1.066667 1.100000 1.133333 1.166667 1.200000 1.233333 1.266667</float_array>
        <technique_common>
          <accessor source="#mixamorig_Hips-Matrix-animation-input-array" count="39">
            <param name="TIME" type="float"/>
          </accessor>
        </technique_common>
      </source>
      <source id="mixamorig_Hips-Matrix-animation-output-transform">
        <float_array id="mixamorig_Hips-Matrix-animation-output-transform-array" count="624">

0.897042 -0.027250 -0.441104 1.966388 0.001965 0.998333 -0.057678 93.456703 0.441940 0.050873 0.895601 -2.991636 0.000000 0.000000 0.000000 1.000000
0.906010 -0.020103 -0.422778 2.163811 -0.001908 0.998667 -0.051575 92.772049 0.423251 0.047534 0.904764 -2.387626 0.000000 0.000000 0.000000 1.000000
0.910276 -0.013348 -0.413787 2.388132 -0.006402 0.998907 -0.046305 92.015160 0.413953 0.044799 0.909195 -1.718746 0.000000 0.000000 0.000000 1.000000
0.913565 -0.006243 -0.406645 2.641978 -0.011160 0.999121 -0.040411 91.263351 0.406539 0.041457 0.912692 -1.016965 0.000000 0.000000 0.000000 1.000000
0.917918 0.000479 -0.396769 2.937361 -0.015192 0.999308 -0.033939 90.639908 0.396479 0.037181 0.917291 -0.384237 0.000000 0.000000 0.000000 1.000000
0.924677 0.005705 -0.380711 3.233740 -0.017164 0.999496 -0.026711 90.253586 0.380366 0.031233 0.924308 -0.026234 0.000000 0.000000 0.000000 1.000000
0.933095 0.008292 -0.359534 3.522555 -0.015906 0.999707 -0.018223 90.141838 0.359278 0.022723 0.932954 -0.121556 0.000000 0.000000 0.000000 1.000000
0.940583 0.006305 -0.339507 3.864300 -0.010030 0.999907 -0.009218 90.307045 0.339417 0.012075 0.940559 -0.758328 0.000000 0.000000 0.000000 1.000000
0.945510 -0.001936 -0.325587 4.305732 0.001097 0.999996 -0.002760 90.735199 0.325590 0.002252 0.945508 -1.745367 0.000000 0.000000 0.000000 1.000000
0.948796 -0.016674 -0.315448 4.953475 0.016683 0.999857 -0.002672 91.370949 0.315447 -0.002727 0.948939 -2.788825 0.000000 0.000000 0.000000 1.000000
0.953176 -0.031965 -0.300723 5.745577 0.030386 0.999489 -0.009930 91.956932 0.300886 0.000328 0.953660 -3.830979 0.000000 0.000000 0.000000 1.000000
0.958828 -0.042447 -0.280797 6.546312 0.037857 0.999046 -0.021755 92.415337 0.281453 0.010229 0.959520 -4.610252 0.000000 0.000000 0.000000 1.000000
0.962793 -0.045735 -0.266341 7.220134 0.037866 0.998683 -0.034609 92.744331 0.267573 0.023236 0.963257 -4.900852 0.000000 0.000000 0.000000 1.000000
0.961659 -0.043220 -0.270822 7.799639 0.031702 0.998403 -0.046763 93.073837 0.272411 0.036385 0.961493 -4.762010 0.000000 0.000000 0.000000 1.000000
0.954539 -0.039604 -0.295443 8.369875 0.023569 0.998059 -0.057638 93.413132 0.297153 0.048054 0.953620 -4.309825 0.000000 0.000000 0.000000 1.000000
0.943404 -0.038369 -0.329419 8.951126 0.017104 0.997592 -0.067211 93.648994 0.331204 0.057773 0.941789 -3.591696 0.000000 0.000000 0.000000 1.000000
0.931497 -0.039887 -0.361556 9.495520 0.013263 0.997033 -0.075821 93.662415 0.363507 0.065831 0.929262 -2.672263 0.000000 0.000000 0.000000 1.000000
0.920806 -0.041864 -0.387767 9.934839 0.010437 0.996511 -0.082801 93.422859 0.389880 0.072196 0.918031 -1.653808 0.000000 0.000000 0.000000 1.000000
0.911380 -0.042231 -0.409394 10.240618 0.007295 0.996223 -0.086525 92.969223 0.411502 0.075871 0.908245 -0.612102 0.000000 0.000000 0.000000 1.000000
0.902325 -0.041023 -0.429099 10.429102 0.004180 0.996247 -0.086454 92.392242 0.431035 0.076216 0.899111 0.408511 0.000000 0.000000 0.000000 1.000000
0.892464 -0.039875 -0.449353 10.527704 0.002345 0.996482 -0.083769 91.806984 0.451112 0.073707 0.889418 1.354504 0.000000 0.000000 0.000000 1.000000
0.880077 -0.040107 -0.473135 10.547389 0.002542 0.996810 -0.079771 91.302673 0.474825 0.069002 0.877371 2.147761 0.000000 0.000000 0.000000 1.000000
0.863332 -0.041149 -0.502956 10.483850 0.003708 0.997160 -0.075217 90.957527 0.504623 0.063072 0.861033 2.720495 0.000000 0.000000 0.000000 1.000000
0.842168 -0.042070 -0.537572 10.293777 0.004291 0.997443 -0.071336 90.827286 0.539199 0.057770 0.840195 2.994715 0.000000 0.000000 0.000000 1.000000
0.819471 -0.043249 -0.571486 9.891387 0.003869 0.997543 -0.069943 90.892273 0.573107 0.055105 0.817625 2.821127 0.000000 0.000000 0.000000 1.000000
0.800160 -0.044931 -0.598101 9.275026 0.002072 0.997391 -0.072154 91.084045 0.599783 0.056496 0.798166 2.024231 0.000000 0.000000 0.000000 1.000000
0.788442 -0.045662 -0.613412 8.511547 -0.002494 0.996995 -0.077421 91.421776 0.615104 0.062572 0.785959 0.659481 0.000000 0.000000 0.000000 1.000000
0.786560 -0.043816 -0.615958 7.605273 -0.010122 0.996431 -0.083806 92.004257 0.617431 0.072153 0.783309 -1.206855 0.000000 0.000000 0.000000 1.000000
0.795032 -0.039211 -0.605298 6.594501 -0.018898 0.995823 -0.089330 92.871498 0.606273 0.082460 0.790970 -3.345132 0.000000 0.000000 0.000000 1.000000
0.812691 -0.034336 -0.581683 5.479299 -0.024644 0.995344 -0.093184 93.923782 0.582174 0.090065 0.808061 -5.509185 0.000000 0.000000 0.000000 1.000000
0.834850 -0.030947 -0.549607 4.341392 -0.025669 0.995144 -0.095026 94.826881 0.549879 0.093440 0.830001 -7.219482 0.000000 0.000000 0.000000 1.000000
0.854248 -0.029047 -0.519054 3.310400 -0.023372 0.995282 -0.094164 95.394875 0.519340 0.092571 0.849539 -8.229784 0.000000 0.000000 0.000000 1.000000
0.865666 -0.027877 -0.499846 2.523883 -0.020229 0.995685 -0.090565 95.652679 0.500214 0.088510 0.861366 -8.554331 0.000000 0.000000 0.000000 1.000000
0.869731 -0.029079 -0.492668 2.014754 -0.015387 0.996180 -0.085962 95.675270 0.493286 0.082345 0.865961 -8.351868 0.000000 0.000000 0.000000 1.000000
0.871305 -0.033504 -0.489596 1.734289 -0.008061 0.996555 -0.082541 95.576218 0.490675 0.075865 0.868034 -7.770251 0.000000 0.000000 0.000000 1.000000
0.875487 -0.039147 -0.481653 1.603003 0.000291 0.996756 -0.080483 95.399582 0.483241 0.070322 0.872659 -6.937281 0.000000 0.000000 0.000000 1.000000
0.883074 -0.041679 -0.467379 1.576897 0.006024 0.996972 -0.077524 95.086845 0.469195 0.065644 0.880652 -5.939575 0.000000 0.000000 0.000000 1.000000
0.891085 -0.038442 -0.452206 1.656862 0.006737 0.997417 -0.071515 94.589333 0.453787 0.060679 0.889042 -4.811658 0.000000 0.000000 0.000000 1.000000
0.896274 -0.029924 -0.442490 1.836639 0.002856 0.998090 -0.061713 93.900734 0.443491 0.054048 0.894648 -3.574645 0.000000 0.000000 0.000000 1.000000</float_array>
        <technique_common>
          <accessor source="#mixamorig_Hips-Matrix-animation-output-transform-array" count="39" stride="16">
            <param type="float4x4"/>
          </accessor>
        </technique_common>
      </source>
      <source id="mixamorig_Hips-Interpolations">
        <Name_array id="mixamorig_Hips-Interpolations-array" count="39">
 LINEAR LINEAR LINEAR LINEAR LINEAR LINEAR LINEAR LINEAR LINEAR LINEAR LINEAR
LINEAR LINEAR LINEAR LINEAR LINEAR LINEAR LINEAR LINEAR LINEAR LINEAR LINEAR LINEAR
LINEAR LINEAR LINEAR LINEAR LINEAR LINEAR LINEAR LINEAR LINEAR LINEAR LINEAR LINEAR
LINEAR LINEAR LINEAR LINEAR</Name_array>
        <technique_common>
          <accessor source="#mixamorig_Hips-Interpolations-array" count="39">
            <param type="name"/>
          </accessor>
        </technique_common>
      </source>
      <sampler id="mixamorig_Hips-Matrix-animation-transform">
        <input semantic="INPUT" source="#mixamorig_Hips-Matrix-animation-input"/>
        <input semantic="OUTPUT" source="#mixamorig_Hips-Matrix-animation-output-transform"/>
        <input semantic="INTERPOLATION" source="#mixamorig_Hips-Interpolations"/>
      </sampler>
      <channel source="#mixamorig_Hips-Matrix-animation-transform" target="mixamorig_Hips/matrix"/>
    </animation>
    <animation id="mixamorig_Spine-anim" name="mixamorig_Spine">
      <source id="mixamorig_Spine-Matrix-animation-input">
        <float_array id="mixamorig_Spine-Matrix-animation-input-array" count="39">

0.000000 0.033333 0.066667 0.100000 0.133333 0.166667 0.200000 0.233333 0.266667 0.300000 0.333333 0.366667 0.400000 0.433333 0.466667 0.500000
0.533333 0.566667 0.600000 0.633333 0.666667 0.700000 0.733333 0.766667 0.800000 0.833333 0.866667 0.900000 0.933333 0.966667 1.000000 1.033333
1.066667 1.100000 1.133333 1.166667 1.200000 1.233333 1.266667</float_array>
        <technique_common>
          <accessor source="#mixamorig_Spine-Matrix-animation-input-array" count="39">
            <param name="TIME" type="float"/>
          </accessor>
        </technique_common>
      </source>
      <source id="mixamorig_Spine-Matrix-animation-output-transform">
        <float_array id="mixamorig_Spine-Matrix-animation-output-transform-array" count="624">

0.994462 -0.091716 -0.051315 0.000000 0.066965 0.929298 -0.363209 12.246100 0.080999 0.357761 0.930294 0.234600 0.000000 0.000000 0.000000 1.000000
0.991859 -0.113717 -0.057306 -0.000000 0.086434 0.931690 -0.352820 12.246100 0.093514 0.344995 0.933935 0.234600 0.000000 0.000000 0.000000 1.000000
0.989380 -0.133591 -0.057280 0.000000 0.106949 0.935935 -0.335540 12.246100 0.098435 0.325851 0.940283 0.234600 0.000000 0.000000 0.000000 1.000000
0.986237 -0.155340 -0.056616 0.000000 0.129805 0.939575 -0.316781 12.246100 0.102404 0.305072 0.946808 0.234600 0.000000 0.000000 0.000000 1.000000
0.982309 -0.177968 -0.058272 0.000000 0.152730 0.941439 -0.300609 12.246100 0.108358 0.286391 0.951966 0.234600 0.000000 0.000000 0.000000 1.000000
0.978447 -0.195728 -0.065823 0.000000 0.168608 0.941264 -0.292564 12.246100 0.119220 0.275160 0.953978 0.234600 0.000000 0.000000 0.000000 1.000000
0.976394 -0.201137 -0.078732 -0.000000 0.169536 0.939501 -0.297651 12.246100 0.133837 0.277277 0.951423 0.234600 0.000000 0.000000 0.000000 1.000000
0.977395 -0.189272 -0.094204 0.000000 0.150739 0.936297 -0.317215 12.246100 0.148243 0.295844 0.943663 0.234600 0.000000 0.000000 0.000000 1.000000
0.980337 -0.163955 -0.109807 0.000000 0.116800 0.930642 -0.346791 12.246100 0.159049 0.327146 0.931493 0.234600 0.000000 0.000000 0.000000 1.000000
0.982635 -0.136290 -0.125912 0.000000 0.079393 0.922160 -0.378573 12.246100 0.167707 0.362003 0.916967 0.234600 0.000000 0.000000 0.000000 1.000000
0.982411 -0.120386 -0.142746 0.000000 0.053490 0.913831 -0.402556 12.246100 0.178908 0.387839 0.904197 0.234600 0.000000 0.000000 0.000000 1.000000
0.980671 -0.120278 -0.154333 0.000000 0.046053 0.908480 -0.415383 12.246100 0.190170 0.400247 0.896459 0.234600 0.000000 0.000000 0.000000 1.000000
0.979303 -0.130408 -0.154787 0.000000 0.055246 0.907952 -0.415417 12.246100 0.194713 0.398268 0.896365 0.234600 0.000000 0.000000 0.000000 1.000000
0.979811 -0.139255 -0.143453 0.000000 0.073215 0.917609 -0.390684 12.246100 0.186038 0.372293 0.909279 0.234600 0.000000 0.000000 0.000000 1.000000
0.981590 -0.146476 -0.122576 0.000000 0.094433 0.930029 -0.355147 12.246100 0.166020 0.337033 0.926739 0.234600 0.000000 0.000000 0.000000 1.000000
0.982910 -0.156099 -0.097572 0.000000 0.116690 0.938282 -0.325591 12.246100 0.142375 0.308641 0.940463 0.234600 0.000000 0.000000 0.000000 1.000000
0.982978 -0.168819 -0.072494 0.000000 0.137879 0.938613 -0.316219 12.246100 0.121427 0.300841 0.945912 0.234600 0.000000 0.000000 0.000000 1.000000
0.982064 -0.181692 -0.050375 0.000000 0.157033 0.936069 -0.314827 12.246100 0.104356 0.301270 0.947811 0.234600 0.000000 0.000000 0.000000 1.000000
0.980569 -0.193451 -0.032588 -0.000000 0.174057 0.934548 -0.310361 12.246100 0.090495 0.298658 0.950060 0.234600 0.000000 0.000000 0.000000 1.000000
0.978750 -0.204218 -0.018550 -0.000000 0.189001 0.933500 -0.304724 12.246100 0.079547 0.294742 0.952260 0.234600 0.000000 0.000000 0.000000 1.000000
0.976612 -0.214901 -0.006783 -0.000000 0.203242 0.933003 -0.296983 12.246100 0.070151 0.288658 0.954859 0.234600 0.000000 0.000000 0.000000 1.000000
0.974179 -0.225701 0.005815 -0.000000 0.217520 0.931345 -0.292030 12.246100 0.060496 0.285754 0.956391 0.234600 0.000000 0.000000 0.000000 1.000000
0.972365 -0.232249 0.023815 0.000000 0.228630 0.926602 -0.298559 12.246100 0.047273 0.295753 0.954094 0.234600 0.000000 0.000000 0.000000 1.000000
0.972263 -0.229497 0.045111 0.000000 0.232180 0.923765 -0.304551 12.246100 0.028222 0.306578 0.951427 0.234600 0.000000 0.000000 0.000000 1.000000
0.973832 -0.216985 0.067588 0.000000 0.227203 0.922436 -0.312236 12.246100 0.005405 0.319421 0.947597 0.234600 0.000000 0.000000 0.000000 1.000000
0.976814 -0.195895 0.086366 0.000000 0.213462 0.922024 -0.322963 12.246100 -0.016365 0.333911 0.942463 0.234600 0.000000 0.000000 0.000000 1.000000
0.980480 -0.170328 0.098221 0.000000 0.193868 0.920759 -0.338554 12.246100 -0.032773 0.350987 0.935807 0.234600 0.000000 0.000000 0.000000 1.000000
0.984397 -0.144367 0.100599 0.000000 0.171309 0.916883 -0.360525 12.246100 -0.040189 0.372134 0.927309 0.234600 0.000000 0.000000 0.000000 1.000000
0.988614 -0.119508 0.091431 0.000000 0.145782 0.911222 -0.385256 12.246100 -0.037273 0.394199 0.918269 0.234600 0.000000 0.000000 0.000000 1.000000
0.992914 -0.096324 0.069589 0.000000 0.116423 0.905834 -0.407322 12.246100 -0.023801 0.412538 0.910630 0.234600 0.000000 0.000000 0.000000 1.000000
0.996243 -0.076633 0.040330 -0.000000 0.086486 0.904106 -0.418464 12.246100 -0.004394 0.420380 0.907337 0.234600 0.000000 0.000000 0.000000 1.000000
0.998126 -0.060059 0.011705 0.000000 0.059359 0.903963 -0.423470 12.246100 0.014853 0.423372 0.905834 0.234600 0.000000 0.000000 0.000000 1.000000
0.998968 -0.044568 -0.008779 -0.000000 0.036531 0.903099 -0.427875 12.246100 0.026998 0.427113 0.903795 0.234600 0.000000 0.000000 0.000000 1.000000
0.999242 -0.033445 -0.019943 0.000000 0.021838 0.905340 -0.424126 12.246100 0.032240 0.423369 0.905384 0.234600 0.000000 0.000000 0.000000 1.000000
0.999271 -0.027172 -0.026816 0.000000 0.013584 0.909533 -0.415409 12.246100 0.035677 0.414742 0.909240 0.234600 0.000000 0.000000 0.000000 1.000000
0.998986 -0.029265 -0.034218 0.000000 0.013003 0.915101 -0.403014 12.246100 0.043107 0.402161 0.914554 0.234600 0.000000 0.000000 0.000000 1.000000
0.998220 -0.041628 -0.042712 0.000000 0.021706 0.920589 -0.389930 12.246100 0.055552 0.388309 0.919853 0.234600 0.000000 0.000000 0.000000 1.000000
0.996851 -0.061729 -0.049782 -0.000000 0.038361 0.924782 -0.378559 12.246100 0.069405 0.375457 0.924237 0.234600 0.000000 0.000000 0.000000 1.000000
0.995072 -0.084533 -0.051832 -0.000000 0.059496 0.927160 -0.369912 12.246100 0.079326 0.365005 0.927620 0.234600 0.000000 0.000000 0.000000 1.000000</float_array>
        <technique_common>
          <accessor source="#mixamorig_Spine-Matrix-animation-output-transform-array" count="39" stride="16">
            <param type="float4x4"/>
          </accessor>
        </technique_common>
      </source>
      <source id="mixamorig_Spine-Interpolations">
        <Name_array id="mixamorig_Spine-Interpolations-array" count="39">
 LINEAR LINEAR LINEAR LINEAR LINEAR LINEAR LINEAR LINEAR LINEAR LINEAR LINEAR
LINEAR LINEAR LINEAR LINEAR LINEAR LINEAR LINEAR LINEAR LINEAR LINEAR LINEAR LINEAR
LINEAR LINEAR LINEAR LINEAR LINEAR LINEAR LINEAR LINEAR LINEAR LINEAR LINEAR LINEAR
LINEAR LINEAR LINEAR LINEAR</Name_array>
        <technique_common>
          <accessor source="#mixamorig_Spine-Interpolations-array" count="39">
            <param type="name"/>
          </accessor>
        </technique_common>
      </source>
      <sampler id="mixamorig_Spine-Matrix-animation-transform">
        <input semantic="INPUT" source="#mixamorig_Spine-Matrix-animation-input"/>
        <input semantic="OUTPUT" source="#mixamorig_Spine-Matrix-animation-output-transform"/>
        <input semantic="INTERPOLATION" source="#mixamorig_Spine-Interpolations"/>
      </sampler>
      <channel source="#mixamorig_Spine-Matrix-animation-transform" target="mixamorig_Spine/matrix"/>
    </animation>
    <animation id="mixamorig_Spine1-anim" name="mixamorig_Spine1">
      <source id="mixamorig_Spine1-Matrix-animation-input">
        <float_array id="mixamorig_Spine1-Matrix-animation-input-array" count="39">

0.000000 0.033333 0.066667 0.100000 0.133333 0.166667 0.200000 0.233333 0.266667 0.300000 0.333333 0.366667 0.400000 0.433333 0.466667 0.500000
0.533333 0.566667 0.600000 0.633333 0.666667 0.700000 0.733333 0.766667 0.800000 0.833333 0.866667 0.900000 0.933333 0.966667 1.000000 1.033333
1.066667 1.100000 1.133333 1.166667 1.200000 1.233333 1.266667</float_array>
        <technique_common>
          <accessor source="#mixamorig_Spine1-Matrix-animation-input-array" count="39">
            <param name="TIME" type="float"/>
          </accessor>
        </technique_common>
      </source>
      <source id="mixamorig_Spine1-Matrix-animation-output-transform">
        <float_array id="mixamorig_Spine1-Matrix-animation-output-transform-array" count="624">

0.999794 -0.002195 -0.020181 0.000000 0.000250 0.995392 -0.095888 14.289700 0.020298 0.095863 0.995188 -0.000000 0.000000 0.000000 0.000000 1.000000
0.999654 -0.000033 -0.026288 0.000000 -0.002628 0.994867 -0.101158 14.289700 0.026157 0.101192 0.994523 0.000000 0.000000 0.000000 0.000000 1.000000
0.999536 0.002676 -0.030355 0.000000 -0.005915 0.994228 -0.107127 14.289700 0.029893 0.107257 0.993782 0.000000 0.000000 0.000000 0.000000 1.000000
0.999402 0.005783 -0.034086 0.000000 -0.009594 0.993578 -0.112738 14.289700 0.033215 0.112998 0.993040 0.000000 0.000000 0.000000 0.000000 1.000000
0.999226 0.008667 -0.038363 0.000000 -0.013098 0.993068 -0.116807 14.289700 0.037084 0.117219 0.992413 0.000000 0.000000 0.000000 0.000000 1.000000
0.998987 0.010668 -0.043716 0.000000 -0.015799 0.992798 -0.118752 14.289700 0.042135 0.119322 0.991961 0.000000 0.000000 0.000000 0.000000 1.000000
0.998659 0.010986 -0.050587 0.000000 -0.016911 0.992842 -0.118234 14.289700 0.048926 0.118931 0.991696 0.000000 0.000000 0.000000 0.000000 1.000000
0.998300 0.008873 -0.057610 0.000000 -0.015480 0.993213 -0.115277 14.289700 0.056197 0.115973 0.991661 0.000000 0.000000 0.000000 0.000000 1.000000
0.997965 0.005113 -0.063556 0.000000 -0.012115 0.993827 -0.110280 14.289700 0.062600 0.110826 0.991866 -0.000000 0.000000 0.000000 0.000000 1.000000
0.997632 0.001316 -0.068769 0.000000 -0.008431 0.994617 -0.103278 14.289700 0.068263 0.103613 0.992272 0.000000 0.000000 0.000000 0.000000 1.000000
0.997235 -0.002090 -0.074281 0.000000 -0.005171 0.995229 -0.097428 14.289700 0.074130 0.097543 0.992467 0.000000 0.000000 0.000000 0.000000 1.000000
0.996779 -0.005097 -0.080031 -0.000000 -0.002382 0.995655 -0.093085 14.289700 0.080158 0.092976 0.992437 0.000000 0.000000 0.000000 0.000000 1.000000
0.996464 -0.006377 -0.083781 0.000000 -0.001384 0.995735 -0.092250 14.289700 0.084012 0.092039 0.992205 -0.000000 0.000000 0.000000 0.000000 1.000000
0.996579 -0.006455 -0.082399 0.000000 -0.002605 0.993998 -0.109371 14.289700 0.082610 0.109212 0.990580 0.000000 0.000000 0.000000 0.000000 1.000000
0.996985 -0.005411 -0.077406 0.000000 -0.005000 0.991012 -0.133680 14.289700 0.077434 0.133664 0.987997 0.000000 0.000000 0.000000 0.000000 1.000000
0.997404 -0.003356 -0.071925 0.000000 -0.007520 0.988594 -0.150414 14.289700 0.071609 0.150565 0.986003 0.000000 0.000000 0.000000 0.000000 1.000000
0.997699 -0.001425 -0.067789 0.000000 -0.008503 0.989257 -0.145938 14.289700 0.067268 0.146178 0.986969 0.000000 0.000000 0.000000 0.000000 1.000000
0.997885 -0.000520 -0.065010 0.000000 -0.008070 0.991243 -0.131800 14.289700 0.064509 0.132046 0.989142 0.000000 0.000000 0.000000 0.000000 1.000000
0.998012 -0.000278 -0.063031 0.000000 -0.007298 0.992756 -0.119922 14.289700 0.062608 0.120144 0.990780 0.000000 0.000000 0.000000 0.000000 1.000000
0.998128 0.000326 -0.061160 -0.000000 -0.007088 0.993865 -0.110376 14.289700 0.060748 0.110603 0.992006 0.000000 0.000000 0.000000 0.000000 1.000000
0.998248 0.003113 -0.059090 -0.000000 -0.009328 0.994408 -0.105192 14.289700 0.058432 0.105559 0.992695 -0.000000 0.000000 0.000000 0.000000 1.000000
0.998355 0.008951 -0.056632 0.000000 -0.014672 0.994735 -0.101423 14.289700 0.055426 0.102087 0.993230 0.000000 0.000000 0.000000 0.000000 1.000000
0.998539 0.014875 -0.051945 0.000000 -0.019646 0.995511 -0.092584 14.289700 0.050334 0.093469 0.994349 0.000000 0.000000 0.000000 0.000000 1.000000
0.998912 0.017716 -0.043127 0.000000 -0.021536 0.995728 -0.089786 14.289700 0.041353 0.090617 0.995027 0.000000 0.000000 0.000000 0.000000 1.000000
0.999328 0.018357 -0.031741 0.000000 -0.021115 0.995820 -0.088869 14.289700 0.029977 0.089479 0.995537 -0.000000 0.000000 0.000000 0.000000 1.000000
0.999661 0.017031 -0.019669 -0.000000 -0.018698 0.995949 -0.087958 14.289700 0.018092 0.088296 0.995930 -0.000000 0.000000 0.000000 0.000000 1.000000
0.999865 0.013942 -0.008729 0.000000 -0.014648 0.996105 -0.086948 14.289700 0.007483 0.087064 0.996175 0.000000 0.000000 0.000000 0.000000 1.000000
0.999952 0.009750 -0.000177 0.000000 -0.009729 0.996233 -0.086169 14.289700 -0.000664 0.086166 0.996281 0.000000 0.000000 0.000000 0.000000 1.000000
0.999974 0.005262 0.004988 0.000000 -0.004807 0.996181 -0.087176 14.289700 -0.005427 0.087150 0.996180 -0.000000 0.000000 0.000000 0.000000 1.000000
0.999979 0.002047 0.006102 0.000000 -0.001496 0.996036 -0.088940 14.289700 -0.006260 0.088929 0.996018 0.000000 0.000000 0.000000 0.000000 1.000000
0.999995 0.000630 0.003123 0.000000 -0.000336 0.995626 -0.093424 14.289700 -0.003169 0.093423 0.995621 0.000000 0.000000 0.000000 0.000000 1.000000
0.999999 -0.000313 -0.001488 0.000000 0.000170 0.995440 -0.095395 14.289700 0.001511 0.095394 0.995438 0.000000 0.000000 0.000000 0.000000 1.000000
0.999985 -0.003175 -0.004369 -0.000000 0.002760 0.995772 -0.091819 14.289700 0.004642 0.091806 0.995766 -0.000000 0.000000 0.000000 0.000000 1.000000
0.999975 -0.003965 -0.005863 0.000000 0.003412 0.995800 -0.091495 14.289700 0.006201 0.091473 0.995788 -0.000000 0.000000 0.000000 0.000000 1.000000
0.999970 -0.003402 -0.006996 -0.000000 0.002744 0.995764 -0.091905 14.289700 0.007279 0.091883 0.995743 0.000000 0.000000 0.000000 0.000000 1.000000
0.999952 -0.002100 -0.009529 -0.000000 0.001206 0.995677 -0.092876 14.289700 0.009683 0.092860 0.995632 -0.000000 0.000000 0.000000 0.000000 1.000000
0.999908 -0.001187 -0.013533 0.000000 -0.000089 0.995581 -0.093910 14.289700 0.013585 0.093903 0.995489 0.000000 0.000000 0.000000 0.000000 1.000000
0.999849 -0.001209 -0.017338 -0.000000 -0.000442 0.995487 -0.094893 14.289700 0.017375 0.094886 0.995336 0.000000 0.000000 0.000000 0.000000 1.000000
0.999804 -0.002045 -0.019714 -0.000000 0.000150 0.995413 -0.095668 14.289700 0.019819 0.095647 0.995218 0.000000 0.000000 0.000000 0.000000 1.000000</float_array>
        <technique_common>
          <accessor source="#mixamorig_Spine1-Matrix-animation-output-transform-array" count="39" stride="16">
            <param type="float4x4"/>
          </accessor>
        </technique_common>
      </source>
      <source id="mixamorig_Spine1-Interpolations">
        <Name_array id="mixamorig_Spine1-Interpolations-array" count="39">
 LINEAR LINEAR LINEAR LINEAR LINEAR LINEAR LINEAR LINEAR LINEAR LINEAR LINEAR
LINEAR LINEAR LINEAR LINEAR LINEAR LINEAR LINEAR LINEAR LINEAR LINEAR LINEAR LINEAR
LINEAR LINEAR LINEAR LINEAR LINEAR LINEAR LINEAR LINEAR LINEAR LINEAR LINEAR LINEAR
LINEAR LINEAR LINEAR LINEAR</Name_array>
        <technique_common>
          <accessor source="#mixamorig_Spine1-Interpolations-array" count="39">
            <param type="name"/>
          </accessor>
        </technique_common>
      </source>
      <sampler id="mixamorig_Spine1-Matrix-animation-transform">
        <input semantic="INPUT" source="#mixamorig_Spine1-Matrix-animation-input"/>
        <input semantic="OUTPUT" source="#mixamorig_Spine1-Matrix-animation-output-transform"/>
        <input semantic="INTERPOLATION" source="#mixamorig_Spine1-Interpolations"/>
      </sampler>
      <channel source="#mixamorig_Spine1-Matrix-animation-transform" target="mixamorig_Spine1/matrix"/>
    </animation>
    <animation id="mixamorig_Spine2-anim" name="mixamorig_Spine2">
      <source id="mixamorig_Spine2-Matrix-animation-input">
        <float_array id="mixamorig_Spine2-Matrix-animation-input-array" count="39">

0.000000 0.033333 0.066667 0.100000 0.133333 0.166667 0.200000 0.233333 0.266667 0.300000 0.333333 0.366667 0.400000 0.433333 0.466667 0.500000
0.533333 0.566667 0.600000 0.633333 0.666667 0.700000 0.733333 0.766667 0.800000 0.833333 0.866667 0.900000 0.933333 0.966667 1.000000 1.033333
1.066667 1.100000 1.133333 1.166667 1.200000 1.233333 1.266667</float_array>
        <technique_common>
          <accessor source="#mixamorig_Spine2-Matrix-animation-input-array" count="39">
            <param name="TIME" type="float"/>
          </accessor>
        </technique_common>
      </source>
      <source id="mixamorig_Spine2-Matrix-animation-output-transform">
        <float_array id="mixamorig_Spine2-Matrix-animation-output-transform-array" count="624">

0.999506 -0.029546 0.010692 -0.000000 0.029587 0.999555 -0.003739 16.330999 -0.010577 0.004053 0.999936 -0.000000 0.000000 0.000000 0.000000 1.000000
0.999629 -0.026922 0.004247 0.000000 0.026960 0.999595 -0.009063 16.330999 -0.004001 0.009175 0.999950 0.000000 0.000000 0.000000 0.000000 1.000000
0.999714 -0.023894 -0.000236 0.000000 0.023887 0.999602 -0.015001 16.330999 0.000594 0.014991 0.999887 0.000000 0.000000 0.000000 0.000000 1.000000
0.999781 -0.020494 -0.004278 0.000000 0.020402 0.999580 -0.020598 16.330999 0.004698 0.020506 0.999779 0.000000 0.000000 0.000000 0.000000 1.000000
0.999811 -0.017353 -0.008788 -0.000000 0.017132 0.999549 -0.024658 16.330999 0.009212 0.024503 0.999657 0.000000 0.000000 0.000000 0.000000 1.000000
0.999781 -0.015269 -0.014277 0.000000 0.014886 0.999535 -0.026596 16.330999 0.014677 0.026378 0.999544 0.000000 0.000000 0.000000 0.000000 1.000000
0.999664 -0.014963 -0.021144 0.000000 0.014410 0.999556 -0.026074 16.330999 0.021525 0.025760 0.999436 0.000000 0.000000 0.000000 0.000000 1.000000
0.999460 -0.017356 -0.027917 0.000000 0.016712 0.999592 -0.023150 16.330999 0.028308 0.022671 0.999342 0.000000 0.000000 0.000000 0.000000 1.000000
0.999210 -0.021675 -0.033308 -0.000000 0.021075 0.999611 -0.018268 16.330999 0.033691 0.017551 0.999278 0.000000 0.000000 0.000000 0.000000 1.000000
0.998950 -0.026186 -0.037582 0.000000 0.025771 0.999602 -0.011479 16.330999 0.037867 0.010498 0.999228 -0.000000 0.000000 0.000000 0.000000 1.000000
0.998646 -0.030601 -0.042078 -0.000000 0.030381 0.999521 -0.005874 16.330999 0.042238 0.004587 0.999097 0.000000 0.000000 0.000000 0.000000 1.000000
0.998270 -0.035068 -0.047200 0.000000 0.035029 0.999385 -0.001660 16.330999 0.047229 0.000004 0.998884 -0.000000 0.000000 0.000000 0.000000 1.000000
0.998006 -0.037967 -0.050431 0.000000 0.037969 0.999279 -0.000918 16.330999 0.050429 -0.000999 0.998727 0.000000 0.000000 0.000000 0.000000 1.000000
0.998070 -0.038186 -0.048978 -0.000000 0.037343 0.999140 -0.018000 16.330999 0.049624 0.016136 0.998638 0.000000 0.000000 0.000000 0.000000 1.000000
0.998368 -0.036231 -0.044153 -0.000000 0.034367 0.998515 -0.042261 16.330999 0.045618 0.040675 0.998131 0.000000 0.000000 0.000000 0.000000 1.000000
0.998695 -0.033252 -0.038768 0.000000 0.030927 0.997772 -0.059108 16.330999 0.040647 0.057832 0.997499 -0.000000 0.000000 0.000000 0.000000 1.000000
0.998911 -0.031237 -0.034657 0.000000 0.029308 0.998064 -0.054861 16.330999 0.036304 0.053786 0.997892 -0.000000 0.000000 0.000000 0.000000 1.000000
0.999034 -0.029990 -0.032105 0.000000 0.028663 0.998747 -0.041024 16.330999 0.033295 0.040064 0.998642 0.000000 0.000000 0.000000 0.000000 1.000000
0.999119 -0.028747 -0.030561 -0.000000 0.027845 0.999176 -0.029543 16.330999 0.031385 0.028666 0.999096 -0.000000 0.000000 0.000000 0.000000 1.000000
0.999208 -0.027112 -0.029121 -0.000000 0.026525 0.999441 -0.020366 16.330999 0.029657 0.019577 0.999368 0.000000 0.000000 0.000000 0.000000 1.000000
0.999341 -0.023806 -0.027409 0.000000 0.023389 0.999608 -0.015420 16.330999 0.027766 0.014769 0.999505 -0.000000 0.000000 0.000000 0.000000 1.000000
0.999519 -0.017941 -0.025305 0.000000 0.017650 0.999776 -0.011678 16.330999 0.025509 0.011226 0.999612 0.000000 0.000000 0.000000 0.000000 1.000000
0.999709 -0.012340 -0.020712 -0.000000 0.012290 0.999921 -0.002544 16.330999 0.020742 0.002288 0.999782 0.000000 0.000000 0.000000 0.000000 1.000000
0.999883 -0.009607 -0.011886 0.000000 0.009619 0.999953 0.000908 16.330999 0.011877 -0.001022 0.999929 -0.000000 0.000000 0.000000 0.000000 1.000000
0.999958 -0.009118 -0.000920 0.000000 0.009121 0.999954 0.002943 16.330999 0.000893 -0.002951 0.999995 -0.000000 0.000000 0.000000 0.000000 1.000000
0.999889 -0.010761 0.010308 0.000000 0.010707 0.999929 0.005317 16.330999 -0.010365 -0.005206 0.999933 -0.000000 0.000000 0.000000 0.000000 1.000000
0.999694 -0.014155 0.020269 0.000000 0.014011 0.999876 0.007256 16.330999 -0.020369 -0.006970 0.999768 0.000000 0.000000 0.000000 0.000000 1.000000
0.999434 -0.018597 0.028025 0.000000 0.018368 0.999796 0.008410 16.330999 -0.028176 -0.007890 0.999572 0.000000 0.000000 0.000000 0.000000 1.000000
0.999198 -0.023214 0.032615 0.000000 0.022990 0.999709 0.007253 16.330999 -0.032774 -0.006497 0.999442 -0.000000 0.000000 0.000000 0.000000 1.000000
0.999072 -0.026573 0.033887 0.000000 0.026416 0.999638 0.005060 16.330999 -0.034009 -0.004160 0.999413 0.000000 0.000000 0.000000 0.000000 1.000000
0.999098 -0.027894 0.032017 0.000000 0.027912 0.999610 -0.000115 16.330999 -0.032001 0.001009 0.999487 -0.000000 0.000000 0.000000 0.000000 1.000000
0.999156 -0.028264 0.029809 -0.000000 0.028354 0.999595 -0.002615 16.330999 -0.029723 0.003458 0.999552 0.000000 0.000000 0.000000 0.000000 1.000000
0.999121 -0.030486 0.028777 -0.000000 0.030472 0.999535 0.000931 16.330999 -0.028792 -0.000053 0.999585 -0.000000 0.000000 0.000000 0.000000 1.000000
0.999115 -0.031190 0.028230 0.000000 0.031169 0.999513 0.001196 16.330999 -0.028253 -0.000315 0.999601 0.000000 0.000000 0.000000 0.000000 1.000000
0.999157 -0.030717 0.027224 -0.000000 0.030709 0.999528 0.000704 16.330999 -0.027233 0.000133 0.999629 0.000000 0.000000 0.000000 0.000000 1.000000
0.999273 -0.029471 0.024179 -0.000000 0.029489 0.999565 -0.000396 16.330999 -0.024157 0.001108 0.999708 0.000000 0.000000 0.000000 0.000000 1.000000
0.999408 -0.028512 0.019246 0.000000 0.028547 0.999591 -0.001572 16.330999 -0.019194 0.002121 0.999814 -0.000000 0.000000 0.000000 0.000000 1.000000
0.999488 -0.028593 0.014387 0.000000 0.028634 0.999586 -0.002652 16.330999 -0.014305 0.003063 0.999893 0.000000 0.000000 0.000000 0.000000 1.000000
0.999506 -0.029358 0.011249 -0.000000 0.029398 0.999562 -0.003490 16.330999 -0.011142 0.003819 0.999931 0.000000 0.000000 0.000000 0.000000 1.000000</float_array>
        <technique_common>
          <accessor source="#mixamorig_Spine2-Matrix-animation-output-transform-array" count="39" stride="16">
            <param type="float4x4"/>
          </accessor>
        </technique_common>
      </source>
      <source id="mixamorig_Spine2-Interpolations">
        <Name_array id="mixamorig_Spine2-Interpolations-array" count="39">
 LINEAR LINEAR LINEAR LINEAR LINEAR LINEAR LINEAR LINEAR LINEAR LINEAR LINEAR
LINEAR LINEAR LINEAR LINEAR LINEAR LINEAR LINEAR LINEAR LINEAR LINEAR LINEAR LINEAR
LINEAR LINEAR LINEAR LINEAR LINEAR LINEAR LINEAR LINEAR LINEAR LINEAR LINEAR LINEAR
