<?xml version="1.0" encoding="utf-8"?>
<COLLADA xmlns="http://www.collada.org/2005/11/COLLADASchema" version="1.4.1">
  <asset>
    <contributor>
      <author>Mixamo</author>
      <authoring_tool>COLLADA Mixamo exporter</authoring_tool>
      <comments/>
    </contributor>
    <created>2024-04-05T10:44:18Z</created>
    <modified>2024-04-05T10:44:18Z</modified>
    <revision/>
    <title/>
    <unit meter="0.010000"/>
    <up_axis>Y_UP</up_axis>
  </asset>
  <library_animations>
    <animation id="Armature-anim" name="Armature">
      <source id="Armature-Matrix-animation-input">
        <float_array id="Armature-Matrix-animation-input-array" count="61">

0.000000 0.033333 0.066667 0.100000 0.133333 0.166667 0.200000 0.233333 0.266667 0.300000 0.333333 0.366667 0.400000 0.433333 0.466667 0.500000
0.533333 0.566667 0.600000 0.633333 0.666667 0.700000 0.733333 0.766667 0.800000 0.833333 0.866667 0.900000 0.933333 0.966667 1.000000 1.033333
1.066667 1.100000 1.133333 1.166667 1.200000 1.233333 1.266667 1.300000 1.333333 1.366667 1.400000 1.433333 1.466667 1.500000 1.533333 1.566667
1.600000 1.633333 1.666667 1.700000 1.733333 1.766667 1.800000 1.833333 1.866667 1.900000 1.933333 1.966667 2.000000</float_array>
        <technique_common>
          <accessor source="#Armature-Matrix-animation-input-array" count="61">
            <param name="TIME" type="float"/>
          </accessor>
        </technique_common>
      </source>
      <source id="Armature-Matrix-animation-output-transform">
        <float_array id="Armature-Matrix-animation-output-transform-array" count="976">

1.000000 0.000000 0.000000 0.000000 0.000000 1.000000 0.000000 0.000000 0.000000 0.000000 1.000000 0.000000 0.000000 0.000000 0.000000 1.000000
1.000000 0.000000 0.000000 0.000000 0.000000 1.000000 0.000000 0.000000 0.000000 0.000000 1.000000 0.000000 0.000000 0.000000 0.000000 1.000000
1.000000 0.000000 0.000000 0.000000 0.000000 1.000000 0.000000 0.000000 0.000000 0.000000 1.000000 0.000000 0.000000 0.000000 0.000000 1.000000
1.000000 0.000000 0.000000 0.000000 0.000000 1.000000 0.000000 0.000000 0.000000 0.000000 1.000000 0.000000 0.000000 0.000000 0.000000 1.000000
1.000000 0.000000 0.000000 0.000000 0.000000 1.000000 0.000000 0.000000 0.000000 0.000000 1.000000 0.000000 0.000000 0.000000 0.000000 1.000000
1.000000 0.000000 0.000000 0.000000 0.000000 1.000000 0.000000 0.000000 0.000000 0.000000 1.000000 0.000000 0.000000 0.000000 0.000000 1.000000
1.000000 0.000000 0.000000 0.000000 0.000000 1.000000 0.000000 0.000000 0.000000 0.000000 1.000000 0.000000 0.000000 0.000000 0.000000 1.000000
1.000000 0.000000 0.000000 0.000000 0.000000 1.000000 0.000000 0.000000 0.000000 0.000000 1.000000 0.000000 0.000000 0.000000 0.000000 1.000000
1.000000 0.000000 0.000000 0.000000 0.000000 1.000000 0.000000 0.000000 0.000000 0.000000 1.000000 0.000000 0.000000 0.000000 0.000000 1.000000
1.000000 0.000000 0.000000 0.000000 0.000000 1.000000 0.000000 0.000000 0.000000 0.000000 1.000000 0.000000 0.000000 0.000000 0.000000 1.000000
1.000000 0.000000 0.000000 0.000000 0.000000 1.000000 0.000000 0.000000 0.000000 0.000000 1.000000 0.000000 0.000000 0.000000 0.000000 1.000000
1.000000 0.000000 0.000000 0.000000 0.000000 1.000000 0.000000 0.000000 0.000000 0.000000 1.000000 0.000000 0.000000 0.000000 0.000000 1.000000
1.000000 0.000000 0.000000 0.000000 0.000000 1.000000 0.000000 0.000000 0.000000 0.000000 1.000000 0.000000 0.000000 0.000000 0.000000 1.000000
1.000000 0.000000 0.000000 0.000000 0.000000 1.000000 0.000000 0.000000 0.000000 0.000000 1.000000 0.000000 0.000000 0.000000 0.000000 1.000000
1.000000 0.000000 0.000000 0.000000 0.000000 1.000000 0.000000 0.000000 0.000000 0.000000 1.000000 0.000000 0.000000 0.000000 0.000000 1.000000
1.000000 0.000000 0.000000 0.000000 0.000000 1.000000 0.000000 0.000000 0.000000 0.000000 1.000000 0.000000 0.000000 0.000000 0.000000 1.000000
1.000000 0.000000 0.000000 0.000000 0.000000 1.000000 0.000000 0.000000 0.000000 0.000000 1.000000 0.000000 0.000000 0.000000 0.000000 1.000000
1.000000 0.000000 0.000000 0.000000 0.000000 1.000000 0.000000 0.000000 0.000000 0.000000 1.000000 0.000000 0.000000 0.000000 0.000000 1.000000
1.000000 0.000000 0.000000 0.000000 0.000000 1.000000 0.000000 0.000000 0.000000 0.000000 1.000000 0.000000 0.000000 0.000000 0.000000 1.000000
1.000000 0.000000 0.000000 0.000000 0.000000 1.000000 0.000000 0.000000 0.000000 0.000000 1.000000 0.000000 0.000000 0.000000 0.000000 1.000000
1.000000 0.000000 0.000000 0.000000 0.000000 1.000000 0.000000 0.000000 0.000000 0.000000 1.000000 0.000000 0.000000 0.000000 0.000000 1.000000
1.000000 0.000000 0.000000 0.000000 0.000000 1.000000 0.000000 0.000000 0.000000 0.000000 1.000000 0.000000 0.000000 0.000000 0.000000 1.000000
1.000000 0.000000 0.000000 0.000000 0.000000 1.000000 0.000000 0.000000 0.000000 0.000000 1.000000 0.000000 0.000000 0.000000 0.000000 1.000000
1.000000 0.000000 0.000000 0.000000 0.000000 1.000000 0.000000 0.000000 0.000000 0.000000 1.000000 0.000000 0.000000 0.000000 0.000000 1.000000
1.000000 0.000000 0.000000 0.000000 0.000000 1.000000 0.000000 0.000000 0.000000 0.000000 1.000000 0.000000 0.000000 0.000000 0.000000 1.000000
1.000000 0.000000 0.000000 0.000000 0.000000 1.000000 0.000000 0.000000 0.000000 0.000000 1.000000 0.000000 0.000000 0.000000 0.000000 1.000000
1.000000 0.000000 0.000000 0.000000 0.000000 1.000000 0.000000 0.000000 0.000000 0.000000 1.000000 0.000000 0.000000 0.000000 0.000000 1.000000
1.000000 0.000000 0.000000 0.000000 0.000000 1.000000 0.000000 0.000000 0.000000 0.000000 1.000000 0.000000 0.000000 0.000000 0.000000 1.000000
1.000000 0.000000 0.000000 0.000000 0.000000 1.000000 0.000000 0.000000 0.000000 0.000000 1.000000 0.000000 0.000000 0.000000 0.000000 1.000000
1.000000 0.000000 0.000000 0.000000 0.000000 1.000000 0.000000 0.000000 0.000000 0.000000 1.000000 0.000000 0.000000 0.000000 0.000000 1.000000
1.000000 0.000000 0.000000 0.000000 0.000000 1.000000 0.000000 0.000000 0.000000 0.000000 1.000000 0.000000 0.000000 0.000000 0.000000 1.000000
1.000000 0.000000 0.000000 0.000000 0.000000 1.000000 0.000000 0.000000 0.000000 0.000000 1.000000 0.000000 0.000000 0.000000 0.000000 1.000000
1.000000 0.000000 0.000000 0.000000 0.000000 1.000000 0.000000 0.000000 0.000000 0.000000 1.000000 0.000000 0.000000 0.000000 0.000000 1.000000
1.000000 0.000000 0.000000 0.000000 0.000000 1.000000 0.000000 0.000000 0.000000 0.000000 1.000000 0.000000 0.000000 0.000000 0.000000 1.000000
1.000000 0.000000 0.000000 0.000000 0.000000 1.000000 0.000000 0.000000 0.000000 0.000000 1.000000 0.000000 0.000000 0.000000 0.000000 1.000000
1.000000 0.000000 0.000000 0.000000 0.000000 1.000000 0.000000 0.000000 0.000000 0.000000 1.000000 0.000000 0.000000 0.000000 0.000000 1.000000
1.000000 0.000000 0.000000 0.000000 0.000000 1.000000 0.000000 0.000000 0.000000 0.000000 1.000000 0.000000 0.000000 0.000000 0.000000 1.000000
1.000000 0.000000 0.000000 0.000000 0.000000 1.000000 0.000000 0.000000 0.000000 0.000000 1.000000 0.000000 0.000000 0.000000 0.000000 1.000000
1.000000 0.000000 0.000000 0.000000 0.000000 1.000000 0.000000 0.000000 0.000000 0.000000 1.000000 0.000000 0.000000 0.000000 0.000000 1.000000
1.000000 0.000000 0.000000 0.000000 0.000000 1.000000 0.000000 0.000000 0.000000 0.000000 1.000000 0.000000 0.000000 0.000000 0.000000 1.000000
1.000000 0.000000 0.000000 0.000000 0.000000 1.000000 0.000000 0.000000 0.000000 0.000000 1.000000 0.000000 0.000000 0.000000 0.000000 1.000000
1.000000 0.000000 0.000000 0.000000 0.000000 1.000000 0.000000 0.000000 0.000000 0.000000 1.000000 0.000000 0.000000 0.000000 0.000000 1.000000
1.000000 0.000000 0.000000 0.000000 0.000000 1.000000 0.000000 0.000000 0.000000 0.000000 1.000000 0.000000 0.000000 0.000000 0.000000 1.000000
1.000000 0.000000 0.000000 0.000000 0.000000 1.000000 0.000000 0.000000 0.000000 0.000000 1.000000 0.000000 0.000000 0.000000 0.000000 1.000000
1.000000 0.000000 0.000000 0.000000 0.000000 1.000000 0.000000 0.000000 0.000000 0.000000 1.000000 0.000000 0.000000 0.000000 0.000000 1.000000
1.000000 0.000000 0.000000 0.000000 0.000000 1.000000 0.000000 0.000000 0.000000 0.000000 1.000000 0.000000 0.000000 0.000000 0.000000 1.000000
1.000000 0.000000 0.000000 0.000000 0.000000 1.000000 0.000000 0.000000 0.000000 0.000000 1.000000 0.000000 0.000000 0.000000 0.000000 1.000000
1.000000 0.000000 0.000000 0.000000 0.000000 1.000000 0.000000 0.000000 0.000000 0.000000 1.000000 0.000000 0.000000 0.000000 0.000000 1.000000
1.000000 0.000000 0.000000 0.000000 0.000000 1.000000 0.000000 0.000000 0.000000 0.000000 1.000000 0.000000 0.000000 0.000000 0.000000 1.000000
1.000000 0.000000 0.000000 0.000000 0.000000 1.000000 0.000000 0.000000 0.000000 0.000000 1.000000 0.000000 0.000000 0.000000 0.000000 1.000000
1.000000 0.000000 0.000000 0.000000 0.000000 1.000000 0.000000 0.000000 0.000000 0.000000 1.000000 0.000000 0.000000 0.000000 0.000000 1.000000
1.000000 0.000000 0.000000 0.000000 0.000000 1.000000 0.000000 0.000000 0.000000 0.000000 1.000000 0.000000 0.000000 0.000000 0.000000 1.000000
1.000000 0.000000 0.000000 0.000000 0.000000 1.000000 0.000000 0.000000 0.000000 0.000000 1.000000 0.000000 0.000000 0.000000 0.000000 1.000000
1.000000 0.000000 0.000000 0.000000 0.000000 1.000000 0.000000 0.000000 0.000000 0.000000 1.000000 0.000000 0.000000 0.000000 0.000000 1.000000
1.000000 0.000000 0.000000 0.000000 0.000000 1.000000 0.000000 0.000000 0.000000 0.000000 1.000000 0.000000 0.000000 0.000000 0.000000 1.000000
1.000000 0.000000 0.000000 0.000000 0.000000 1.000000 0.000000 0.000000 0.000000 0.000000 1.000000 0.000000 0.000000 0.000000 0.000000 1.000000
1.000000 0.000000 0.000000 0.000000 0.000000 1.000000 0.000000 0.000000 0.000000 0.000000 1.000000 0.000000 0.000000 0.000000 0.000000 1.000000
1.000000 0.000000 0.000000 0.000000 0.000000 1.000000 0.000000 0.000000 0.000000 0.000000 1.000000 0.000000 0.000000 0.000000 0.000000 1.000000
1.000000 0.000000 0.000000 0.000000 0.000000 1.000000 0.000000 0.000000 0.000000 0.000000 1.000000 0.000000 0.000000 0.000000 0.000000 1.000000
1.000000 0.000000 0.000000 0.000000 0.000000 1.000000 0.000000 0.000000 0.000000 0.000000 1.000000 0.000000 0.000000 0.000000 0.000000 1.000000
1.000000 0.000000 0.000000 0.000000 0.000000 1.000000 0.000000 0.000000 0.000000 0.000000 1.000000 0.000000 0.000000 0.000000 0.000000 1.000000</float_array>
        <technique_common>
          <accessor source="#Armature-Matrix-animation-output-transform-array" count="61" stride="16">
            <param type="float4x4"/>
          </accessor>
        </technique_common>
      </source>
      <source id="Armature-Interpolations">
        <Name_array id="Armature-Interpolations-array" count="61">
 LINEAR LINEAR LINEAR LINEAR LINEAR LINEAR LINEAR LINEAR LINEAR LINEAR LINEAR
LINEAR LINEAR LINEAR LINEAR LINEAR LINEAR LINEAR LINEAR LINEAR LINEAR LINEAR LINEAR
LINEAR LINEAR LINEAR LINEAR LINEAR LINEAR LINEAR LINEAR LINEAR LINEAR LINEAR LINEAR
LINEAR LINEAR LINEAR LINEAR LINEAR LINEAR LINEAR LINEAR LINEAR LINEAR LINEAR LINEAR
LINEAR LINEAR LINEAR LINEAR LINEAR LINEAR LINEAR LINEAR LINEAR LINEAR LINEAR LINEAR
LINEAR LINEAR</Name_array>
        <technique_common>
          <accessor source="#Armature-Interpolations-array" count="61">
            <param type="name"/>
          </accessor>
        </technique_common>
      </source>
      <sampler id="Armature-Matrix-animation-transform">
        <input semantic="INPUT" source="#Armature-Matrix-animation-input"/>
        <input semantic="OUTPUT" source="#Armature-Matrix-animation-output-transform"/>
        <input semantic="INTERPOLATION" source="#Armature-Interpolations"/>
      </sampler>
      <channel source="#Armature-Matrix-animation-transform" target="Armature/matrix"/>
    </animation>
    <animation id="mixamorig_Hips-anim" name="mixamorig_Hips">
      <source id="mixamorig_Hips-Matrix-animation-input">
        <float_array id="mixamorig_Hips-Matrix-animation-input-array" count="61">

0.000000 0.033333 0.066667 0.100000 0.133333 0.166667 0.200000 0.233333 0.266667 0.300000 0.333333 0.366667 0.400000 0.433333 0.466667 0.500000
0.533333 0.566667 0.600000 0.633333 0.666667 0.700000 0.733333 0.766667 0.800000 0.833333 0.866667 0.900000 0.933333 0.966667 1.000000 1.033333
1.066667 1.100000 1.133333 1.166667 1.200000 1.233333 1.266667 1.300000 1.333333 1.366667 1.400000 1.433333 1.466667 1.500000 1.533333 1.566667
1.600000 1.633333 1.666667 1.700000 1.733333 1.766667 1.800000 1.833333 1.866667 1.900000 1.933333 1.966667 2.000000</float_array>
        <technique_common>
          <accessor source="#mixamorig_Hips-Matrix-animation-input-array" count="61">
            <param name="TIME" type="float"/>
          </accessor>
        </technique_common>
      </source>
      <source id="mixamorig_Hips-Matrix-animation-output-transform">
        <float_array id="mixamorig_Hips-Matrix-animation-output-transform-array" count="976">

0.846154 -0.045535 -0.530989 1.041840 0.241128 0.921239 0.305248 93.011513 0.475269 -0.386324 0.790490 -2.753607 0.000000 0.000000 0.000000 1.000000
0.862811 -0.048420 -0.503203 1.378690 0.197906 0.948307 0.248087 82.016838 0.465178 -0.313639 0.827792 2.533503 0.000000 0.000000 0.000000 1.000000
0.878441 -0.048950 -0.475338 2.635962 0.139778 0.977553 0.157647 73.522499 0.456951 -0.204925 0.865564 5.416386 0.000000 0.000000 0.000000 1.000000
0.891206 -0.058694 -0.449786 5.039447 0.061516 0.998071 -0.008355 68.414536 0.449408 -0.020223 0.893098 4.700434 0.000000 0.000000 0.000000 1.000000
0.905008 -0.079653 -0.417871 7.734041 -0.016713 0.974897 -0.222027 64.543060 0.425067 0.207921 0.880958 2.795911 0.000000 0.000000 0.000000 1.000000
0.930491 -0.106063 -0.350623 8.659349 -0.061459 0.898395 -0.434866 62.589691 0.361122 0.426188 0.829430 2.327041 0.000000 0.000000 0.000000 1.000000
0.957383 -0.132005 -0.256889 8.380702 -0.063858 0.770683 -0.634011 61.693882 0.281673 0.623396 0.729409 2.650322 0.000000 0.000000 0.000000 1.000000
0.972728 -0.156491 -0.171203 7.834935 -0.034002 0.633931 -0.772642 59.485092 0.229442 0.757392 0.611321 4.138738 0.000000 0.000000 0.000000 1.000000
0.979415 -0.168258 -0.111514 7.264625 -0.002208 0.543477 -0.839421 55.838326 0.201844 0.822388 0.531918 7.023325 0.000000 0.000000 0.000000 1.000000
0.986070 -0.151874 -0.067829 6.398466 0.014758 0.486068 -0.873797 53.843803 0.165677 0.860623 0.481538 10.585993 0.000000 0.000000 0.000000 1.000000
0.992813 -0.113393 -0.038279 4.898618 0.016499 0.446469 -0.894647 53.865147 0.118537 0.887585 0.445130 13.989168 0.000000 0.000000 0.000000 1.000000
0.997590 -0.068843 -0.008634 2.753916 0.022277 0.435672 -0.899830 54.815701 0.065708 0.897469 0.436155 16.978838 0.000000 0.000000 0.000000 1.000000
0.999008 -0.027857 0.034738 0.385493 0.043650 0.458423 -0.887662 55.917187 0.008803 0.888297 0.459184 19.823093 0.000000 0.000000 0.000000 1.000000
0.995980 0.008859 0.089141 -1.811871 0.072862 0.498783 -0.863659 56.993206 -0.052113 0.866681 0.496133 22.795521 0.000000 0.000000 0.000000 1.000000
0.988101 0.039637 0.148611 -3.881480 0.105031 0.531968 -0.840225 58.101704 -0.112360 0.845836 0.521475 25.737186 0.000000 0.000000 0.000000 1.000000
0.976158 0.063618 0.207529 -5.963461 0.141031 0.540899 -0.829180 59.207943 -0.165003 0.838678 0.519031 28.421719 0.000000 0.000000 0.000000 1.000000
0.962618 0.083162 0.257782 -7.888553 0.176360 0.529902 -0.829518 60.057739 -0.205583 0.843971 0.495427 30.843164 0.000000 0.000000 0.000000 1.000000
0.950883 0.098994 0.293293 -9.414010 0.203252 0.514955 -0.832772 60.448864 -0.233472 0.851482 0.469542 33.003361 0.000000 0.000000 0.000000 1.000000
0.942954 0.109615 0.314359 -10.511634 0.219289 0.505970 -0.834210 60.425697 -0.250498 0.855558 0.453069 34.836929 0.000000 0.000000 0.000000 1.000000
0.938916 0.114538 0.324526 -11.286839 0.226596 0.503982 -0.833460 60.145596 -0.259018 0.856086 0.447243 36.281319 0.000000 0.000000 0.000000 1.000000
0.937745 0.115211 0.327659 -11.786053 0.228189 0.506850 -0.831284 59.711773 -0.261847 0.854301 0.449006 37.292999 0.000000 0.000000 0.000000 1.000000
0.937736 0.113448 0.328301 -12.017945 0.227693 0.513000 -0.827639 59.141579 -0.262313 0.850859 0.455227 37.819271 0.000000 0.000000 0.000000 1.000000
0.938215 0.110216 0.328032 -12.013832 0.226320 0.521668 -0.822582 58.507668 -0.261785 0.845999 0.464493 37.863152 0.000000 0.000000 0.000000 1.000000
0.940126 0.105478 0.324095 -11.815080 0.222223 0.531287 -0.817528 57.919590 -0.258418 0.840600 0.476037 37.465321 0.000000 0.000000 0.000000 1.000000
0.944051 0.099171 0.314536 -11.441345 0.214624 0.539394 -0.814242 57.457848 -0.250408 0.836193 0.487931 36.649616 0.000000 0.000000 0.000000 1.000000
0.948844 0.091702 0.302137 -10.905021 0.206382 0.544069 -0.813262 57.160233 -0.238961 0.834014 0.497311 35.384789 0.000000 0.000000 0.000000 1.000000
0.953207 0.083389 0.290590 -10.217487 0.200329 0.545654 -0.813713 57.052200 -0.226416 0.833851 0.503416 33.608810 0.000000 0.000000 0.000000 1.000000
0.957222 0.073196 0.279942 -9.358513 0.196007 0.547667 -0.813414 57.183651 -0.212854 0.833488 0.509893 31.301781 0.000000 0.000000 0.000000 1.000000
0.961413 0.057929 0.268939 -8.287414 0.193287 0.553409 -0.810172 57.572678 -0.195766 0.830893 0.520858 28.501854 0.000000 0.000000 0.000000 1.000000
0.965620 0.034973 0.257596 -6.969249 0.194451 0.560491 -0.805009 58.253620 -0.172534 0.827422 0.534420 25.381752 0.000000 0.000000 0.000000 1.000000
0.969237 0.006128 0.246052 -5.422785 0.199776 0.564344 -0.801003 59.261715 -0.143767 0.825517 0.545759 22.273508 0.000000 0.000000 0.000000 1.000000
0.972452 -0.021512 0.232110 -3.762868 0.202872 0.568515 -0.797267 60.556004 -0.114807 0.822392 0.557217 19.491873 0.000000 0.000000 0.000000 1.000000
0.976664 -0.040117 0.210994 -2.164346 0.194504 0.581825 -0.789714 62.059074 -0.091081 0.812324 0.576051 17.156403 0.000000 0.000000 0.000000 1.000000
0.982360 -0.048649 0.180563 -0.780398 0.172829 0.604933 -0.777294 63.796642 -0.071414 0.794789 0.602669 15.247278 0.000000 0.000000 0.000000 1.000000
0.987967 -0.052757 0.145388 0.327175 0.145777 0.631683 -0.761397 65.844017 -0.051670 0.773429 0.631773 13.735126 0.000000 0.000000 0.000000 1.000000
0.992347 -0.055970 0.110070 1.210252 0.119480 0.660326 -0.741414 68.198082 -0.031186 0.748891 0.661959 12.583191 0.000000 0.000000 0.000000 1.000000
0.995429 -0.057859 0.075983 1.930614 0.094862 0.691092 -0.716515 70.704208 -0.011054 0.720447 0.693421 11.719847 0.000000 0.000000 0.000000 1.000000
0.997308 -0.059136 0.043358 2.538753 0.072717 0.721437 -0.688651 73.229088 0.009444 0.689950 0.723795 11.078995 0.000000 0.000000 0.000000 1.000000
0.998029 -0.061685 0.011519 3.067131 0.054006 0.750860 -0.658250 75.711884 0.031955 0.657575 0.752711 10.643501 0.000000 0.000000 0.000000 1.000000
0.997622 -0.065066 -0.022753 3.523646 0.036811 0.781987 -0.622206 78.156555 0.058277 0.619889 0.782523 10.395135 0.000000 0.000000 0.000000 1.000000
0.995539 -0.068036 -0.065371 3.899513 0.017611 0.814662 -0.579669 80.695938 0.092693 0.575931 0.812226 10.299952 0.000000 0.000000 0.000000 1.000000
0.989843 -0.072629 -0.122212 4.313566 -0.004281 0.844035 -0.536271 83.516212 0.142100 0.531348 0.835151 10.352645 0.000000 0.000000 0.000000 1.000000
0.977617 -0.082480 -0.193553 4.929692 -0.025282 0.867235 -0.497256 86.591850 0.208870 0.491019 0.845738 10.620123 0.000000 0.000000 0.000000 1.000000
0.958211 -0.096932 -0.269141 5.676448 -0.040578 0.885271 -0.463302 89.576614 0.283171 0.454862 0.844343 11.132264 0.000000 0.000000 0.000000 1.000000
0.935587 -0.109612 -0.335651 6.290718 -0.049639 0.900325 -0.432379 92.266411 0.349589 0.421189 0.836891 11.769023 0.000000 0.000000 0.000000 1.000000
0.915361 -0.113824 -0.386211 6.553860 -0.054261 0.915586 -0.398445 94.218048 0.398962 0.385677 0.831915 12.469964 0.000000 0.000000 0.000000 1.000000
0.901379 -0.107612 -0.419447 6.283566 -0.052028 0.934700 -0.351610 94.708122 0.429894 0.338756 0.836920 13.244892 0.000000 0.000000 0.000000 1.000000
0.892100 -0.089052 -0.442977 5.513027 -0.049453 0.955253 -0.291626 93.773201 0.449125 0.282066 0.847777 14.063098 0.000000 0.000000 0.000000 1.000000
0.882162 -0.064875 -0.466456 4.458624 -0.050848 0.971556 -0.231287 92.560585 0.468193 0.227750 0.853771 14.622556 0.000000 0.000000 0.000000 1.000000
0.865378 -0.045789 -0.499023 3.558739 -0.050691 0.982710 -0.178075 91.636116 0.498549 0.179398 0.848095 14.821390 0.000000 0.000000 0.000000 1.000000
0.840367 -0.029565 -0.541211 3.097897 -0.049591 0.990129 -0.131091 91.376778 0.539744 0.137004 0.830606 14.922266 0.000000 0.000000 0.000000 1.000000
0.812719 -0.011596 -0.582540 2.768007 -0.050445 0.994647 -0.090177 91.887238 0.580468 0.102675 0.807784 14.953786 0.000000 0.000000 0.000000 1.000000
0.790441 0.007194 -0.612496 2.233565 -0.051411 0.997182 -0.054634 92.864944 0.610377 0.074674 0.788583 14.904324 0.000000 0.000000 0.000000 1.000000
0.778295 0.022470 -0.627497 1.510229 -0.047757 0.998583 -0.023476 93.950226 0.626080 0.048238 0.778265 14.856560 0.000000 0.000000 0.000000 1.000000
0.772670 0.030625 -0.634069 0.833101 -0.038090 0.999273 0.001848 94.852554 0.633664 0.022724 0.773274 14.849576 0.000000 0.000000 0.000000 1.000000
0.765829 0.033198 -0.642186 0.394735 -0.026643 0.999447 0.019895 95.503593 0.642492 0.001874 0.766290 14.847019 0.000000 0.000000 0.000000 1.000000
0.755318 0.033913 -0.654480 0.207697 -0.017149 0.999341 0.031990 95.904999 0.655133 -0.012939 0.755402 14.767484 0.000000 0.000000 0.000000 1.000000
0.744586 0.034828 -0.666617 0.177807 -0.010069 0.999110 0.040952 96.040375 0.667450 -0.023780 0.744274 14.588295 0.000000 0.000000 0.000000 1.000000
0.737008 0.036807 -0.674881 0.194746 -0.005027 0.998787 0.048984 95.957779 0.675865 -0.032709 0.736299 14.369885 0.000000 0.000000 0.000000 1.000000
0.733142 0.040652 -0.678860 0.175644 -0.002088 0.998342 0.057529 95.806396 0.680073 -0.040759 0.732011 14.181354 0.000000 0.000000 0.000000 1.000000
0.731388 0.046158 -0.680397 0.100688 -0.000260 0.997726 0.067406 95.751305 0.681961 -0.049123 0.729737 14.059842 0.000000 0.000000 0.000000 1.000000</float_array>
        <technique_common>
          <accessor source="#mixamorig_Hips-Matrix-animation-output-transform-array" count="61" stride="16">
            <param type="float4x4"/>
          </accessor>
        </technique_common>
      </source>
      <source id="mixamorig_Hips-Interpolations">
        <Name_array id="mixamorig_Hips-Interpolations-array" count="61">
 LINEAR LINEAR LINEAR LINEAR LINEAR LINEAR LINEAR LINEAR LINEAR LINEAR LINEAR
LINEAR LINEAR LINEAR LINEAR LINEAR LINEAR LINEAR LINEAR LINEAR LINEAR LINEAR LINEAR
LINEAR LINEAR LINEAR LINEAR LINEAR LINEAR LINEAR LINEAR LINEAR LINEAR LINEAR LINEAR
LINEAR LINEAR LINEAR LINEAR LINEAR LINEAR LINEAR LINEAR LINEAR LINEAR LINEAR LINEAR
LINEAR LINEAR LINEAR LINEAR LINEAR LINEAR LINEAR LINEAR LINEAR LINEAR LINEAR LINEAR
LINEAR LINEAR</Name_array>
        <technique_common>
          <accessor source="#mixamorig_Hips-Interpolations-array" count="61">
            <param type="name"/>
          </accessor>
        </technique_common>
      </source>
      <sampler id="mixamorig_Hips-Matrix-animation-transform">
        <input semantic="INPUT" source="#mixamorig_Hips-Matrix-animation-input"/>
        <input semantic="OUTPUT" source="#mixamorig_Hips-Matrix-animation-output-transform"/>
        <input semantic="INTERPOLATION" source="#mixamorig_Hips-Interpolations"/>
      </sampler>
      <channel source="#mixamorig_Hips-Matrix-animation-transform" target="mixamorig_Hips/matrix"/>
    </animation>
    <animation id="mixamorig_Spine-anim" name="mixamorig_Spine">
      <source id="mixamorig_Spine-Matrix-animation-input">
        <float_array id="mixamorig_Spine-Matrix-animation-input-array" count="61">

0.000000 0.033333 0.066667 0.100000 0.133333 0.166667 0.200000 0.233333 0.266667 0.300000 0.333333 0.366667 0.400000 0.433333 0.466667 0.500000
0.533333 0.566667 0.600000 0.633333 0.666667 0.700000 0.733333 0.766667 0.800000 0.833333 0.866667 0.900000 0.933333 0.966667 1.000000 1.033333
1.066667 1.100000 1.133333 1.166667 1.200000 1.233333 1.266667 1.300000 1.333333 1.366667 1.400000 1.433333 1.466667 1.500000 1.533333 1.566667
1.600000 1.633333 1.666667 1.700000 1.733333 1.766667 1.800000 1.833333 1.866667 1.900000 1.933333 1.966667 2.000000</float_array>
        <technique_common>
          <accessor source="#mixamorig_Spine-Matrix-animation-input-array" count="61">
            <param name="TIME" type="float"/>
          </accessor>
        </technique_common>
      </source>
      <source id="mixamorig_Spine-Matrix-animation-output-transform">
        <float_array id="mixamorig_Spine-Matrix-animation-output-transform-array" count="976">

0.997629 0.067803 -0.011811 0.000000 -0.068448 0.959534 -0.273145 12.246100 -0.007187 0.273306 0.961900 0.234600 0.000000 0.000000 0.000000 1.000000
0.999133 0.040935 -0.007585 0.000000 -0.041630 0.980739 -0.190834 12.246100 -0.000373 0.190985 0.981593 0.234600 0.000000 0.000000 0.000000 1.000000
0.999874 0.015536 -0.003357 0.000000 -0.015805 0.994179 -0.106574 12.246100 0.001682 0.106613 0.994299 0.234600 0.000000 0.000000 0.000000 1.000000
0.999993 0.001149 -0.003569 0.000000 -0.001331 0.998674 -0.051469 12.246100 0.003506 0.051473 0.998668 0.234600 0.000000 0.000000 0.000000 1.000000
0.999982 0.003952 -0.004502 0.000000 -0.004188 0.998541 -0.053830 12.246100 0.004283 0.053848 0.998540 0.234600 0.000000 0.000000 0.000000 1.000000
0.999956 0.009306 0.000725 0.000000 -0.009231 0.997420 -0.071186 12.246100 -0.001385 0.071177 0.997463 0.234600 0.000000 0.000000 0.000000 1.000000
0.999893 0.011801 0.008685 0.000000 -0.011040 0.996486 -0.083025 12.246100 -0.009634 0.082920 0.996510 0.234600 0.000000 0.000000 0.000000 1.000000
0.999776 0.012668 0.016968 0.000000 -0.011165 0.996241 -0.085900 12.246100 -0.017992 0.085692 0.996159 0.234600 0.000000 0.000000 0.000000 1.000000
0.999615 0.010205 0.025813 0.000000 -0.007927 0.996187 -0.086879 12.246100 -0.026602 0.086641 0.995884 0.234600 0.000000 0.000000 0.000000 1.000000
0.999506 0.006536 0.030740 0.000000 -0.003759 0.995974 -0.089566 12.246100 -0.031201 0.089407 0.995506 0.234600 0.000000 0.000000 0.000000 1.000000
0.999600 0.005524 0.027731 0.000000 -0.002939 0.995719 -0.092389 12.246100 -0.028123 0.092271 0.995337 0.234600 0.000000 0.000000 0.000000 1.000000
0.999785 0.006541 0.019672 0.000000 -0.004638 0.995438 -0.095295 12.246100 -0.020205 0.095183 0.995255 0.234600 0.000000 0.000000 0.000000 1.000000
0.999898 0.006936 0.012510 0.000000 -0.005661 0.995044 -0.099275 12.246100 -0.013137 0.099194 0.994981 0.234600 0.000000 0.000000 0.000000 1.000000
0.999946 0.005844 0.008540 -0.000000 -0.004911 0.994406 -0.105508 12.246100 -0.009109 0.105460 0.994382 0.234600 0.000000 0.000000 0.000000 1.000000
0.999977 0.004217 0.005311 0.000000 -0.003593 0.993649 -0.112470 12.246100 -0.005752 0.112449 0.993641 0.234600 0.000000 0.000000 0.000000 1.000000
0.999975 0.003630 -0.006112 0.000000 -0.004326 0.993010 -0.117951 12.246100 0.005641 0.117974 0.993001 0.234600 0.000000 0.000000 0.000000 1.000000
0.999731 0.003725 -0.022914 0.000000 -0.006473 0.992623 -0.121066 12.246100 0.022294 0.121181 0.992380 0.234600 0.000000 0.000000 0.000000 1.000000
0.999237 0.004029 -0.038859 0.000000 -0.008760 0.992448 -0.122350 12.246100 0.038073 0.122597 0.991726 0.234600 0.000000 0.000000 0.000000 1.000000
0.998879 0.004140 -0.047157 0.000000 -0.009902 0.992405 -0.122615 12.246100 0.046291 0.122945 0.991333 0.234600 0.000000 0.000000 0.000000 1.000000
0.998905 0.003983 -0.046616 0.000000 -0.009738 0.992247 -0.123896 12.246100 0.045761 0.124214 0.991200 0.234600 0.000000 0.000000 0.000000 1.000000
0.999212 0.003826 -0.039506 0.000000 -0.008830 0.991830 -0.127263 12.246100 0.038696 0.127511 0.991082 0.234600 0.000000 0.000000 0.000000 1.000000
0.999604 0.003987 -0.027854 -0.000000 -0.007632 0.991219 -0.132010 12.246100 0.027083 0.132171 0.990857 0.234600 0.000000 0.000000 0.000000 1.000000
0.999881 0.004365 -0.014807 -0.000000 -0.006351 0.990567 -0.136883 12.246100 0.014070 0.136961 0.990477 0.234600 0.000000 0.000000 0.000000 1.000000
0.999981 0.004863 -0.003896 0.000000 -0.005363 0.990044 -0.140659 12.246100 0.003173 0.140677 0.990050 0.234600 0.000000 0.000000 0.000000 1.000000
0.999981 0.005539 0.002808 0.000000 -0.005082 0.989761 -0.142642 12.246100 -0.003569 0.142625 0.989770 0.234600 0.000000 0.000000 0.000000 1.000000
0.999950 0.005881 0.008094 -0.000000 -0.004662 0.989704 -0.143053 12.246100 -0.008852 0.143008 0.989682 0.234600 0.000000 0.000000 0.000000 1.000000
0.999889 0.005621 0.013795 -0.000000 -0.003600 0.989809 -0.142354 12.246100 -0.014454 0.142288 0.989720 0.234600 0.000000 0.000000 0.000000 1.000000
0.999776 0.005008 0.020580 0.000000 -0.002054 0.989986 -0.141150 12.246100 -0.021080 0.141076 0.989774 0.234600 0.000000 0.000000 0.000000 1.000000
0.999609 0.004505 0.027589 0.000000 -0.000596 0.990141 -0.140074 12.246100 -0.027948 0.140003 0.989757 0.234600 0.000000 0.000000 0.000000 1.000000
0.999401 0.004231 0.034338 -0.000000 0.000589 0.990270 -0.139160 12.246100 -0.034593 0.139097 0.989674 0.234600 0.000000 0.000000 0.000000 1.000000
0.999114 0.004050 0.041889 -0.000000 0.001776 0.990415 -0.138109 12.246100 -0.042046 0.138061 0.989531 0.234600 0.000000 0.000000 0.000000 1.000000
0.998693 0.003628 0.050973 0.000000 0.003408 0.990529 -0.137262 12.246100 -0.050988 0.137256 0.989222 0.234600 0.000000 0.000000 0.000000 1.000000
0.998224 0.002520 0.059524 -0.000000 0.005650 0.990599 -0.136682 12.246100 -0.059308 0.136775 0.988825 0.234600 0.000000 0.000000 0.000000 1.000000
0.997935 0.000661 0.064234 -0.000000 0.008084 0.990703 -0.135799 12.246100 -0.063727 0.136038 0.988652 0.234600 0.000000 0.000000 0.000000 1.000000
0.997909 -0.000957 0.064633 0.000000 0.009705 0.990774 -0.135176 12.246100 -0.063907 0.135521 0.988711 0.234600 0.000000 0.000000 0.000000 1.000000
0.997966 -0.001678 0.063723 -0.000000 0.010353 0.990647 -0.136057 12.246100 -0.062899 0.136440 0.988650 0.234600 0.000000 0.000000 0.000000 1.000000
0.997992 -0.001783 0.063309 0.000000 0.010507 0.990413 -0.137739 12.246100 -0.062456 0.138128 0.988443 0.234600 0.000000 0.000000 0.000000 1.000000
0.997962 -0.001705 0.063790 0.000000 0.010548 0.990297 -0.138563 12.246100 -0.062935 0.138953 0.988297 0.234600 0.000000 0.000000 0.000000 1.000000
0.997888 -0.001735 0.064939 0.000000 0.010710 0.990360 -0.138105 12.246100 -0.064073 0.138509 0.988286 0.234600 0.000000 0.000000 0.000000 1.000000
0.997824 -0.001954 0.065903 0.000000 0.011037 0.990405 -0.137754 12.246100 -0.065001 0.138182 0.988272 0.234600 0.000000 0.000000 0.000000 1.000000
0.997823 -0.002242 0.065914 0.000000 0.011376 0.990293 -0.138527 12.246100 -0.064964 0.138976 0.988163 0.234600 0.000000 0.000000 0.000000 1.000000
0.997885 -0.002065 0.064964 0.000000 0.011146 0.990126 -0.139736 12.246100 -0.064034 0.140165 0.988055 0.234600 0.000000 0.000000 0.000000 1.000000
0.997912 -0.000792 0.064581 0.000000 0.009824 0.990150 -0.139668 12.246100 -0.063834 0.140011 0.988090 0.234600 0.000000 0.000000 0.000000 1.000000
0.997847 0.002461 0.065541 0.000000 0.006575 0.990508 -0.137295 12.246100 -0.065257 0.137430 0.988359 0.234600 0.000000 0.000000 0.000000 1.000000
0.997734 0.007467 0.066868 -0.000000 0.001462 0.991182 -0.132502 12.246100 -0.067268 0.132299 0.988925 0.234600 0.000000 0.000000 0.000000 1.000000
0.997644 0.012231 0.067502 -0.000000 -0.003646 0.992039 -0.125878 12.246100 -0.068505 0.125335 0.989747 0.234600 0.000000 0.000000 0.000000 1.000000
0.997647 0.015797 0.066709 -0.000000 -0.007753 0.992844 -0.119164 12.246100 -0.068114 0.118367 0.990631 0.234600 0.000000 0.000000 0.000000 1.000000
0.997674 0.018019 0.065734 0.000000 -0.010465 0.993483 -0.113502 12.246100 -0.067351 0.112550 0.991361 0.234600 0.000000 0.000000 0.000000 1.000000
0.997645 0.020092 0.065583 0.000000 -0.012824 0.993913 -0.109416 12.246100 -0.067382 0.108317 0.991830 0.234600 0.000000 0.000000 0.000000 1.000000
0.997524 0.023614 0.066236 0.000000 -0.016367 0.994027 -0.107901 12.246100 -0.068389 0.106550 0.991953 0.234600 0.000000 0.000000 0.000000 1.000000
0.997380 0.025988 0.067514 -0.000000 -0.018539 0.993900 -0.108716 12.246100 -0.069927 0.107179 0.991778 0.234600 0.000000 0.000000 0.000000 1.000000
0.997369 0.025333 0.067920 -0.000000 -0.017754 0.993778 -0.109955 12.246100 -0.070283 0.108459 0.991613 0.234600 0.000000 0.000000 0.000000 1.000000
0.997431 0.023573 0.067644 0.000000 -0.015997 0.993755 -0.110428 12.246100 -0.069825 0.109062 0.991580 0.234600 0.000000 0.000000 0.000000 1.000000
0.997431 0.022850 0.067893 -0.000000 -0.015260 0.993783 -0.110281 12.246100 -0.069991 0.108962 0.991579 0.234600 0.000000 0.000000 0.000000 1.000000
0.997336 0.023574 0.069030 -0.000000 -0.015882 0.993813 -0.109929 12.246100 -0.071195 0.108539 0.991539 0.234600 0.000000 0.000000 0.000000 1.000000
0.997158 0.024671 0.071186 -0.000000 -0.016746 0.993807 -0.109846 12.246100 -0.073455 0.108342 0.991396 0.234600 0.000000 0.000000 0.000000 1.000000
0.996917 0.025222 0.074296 0.000000 -0.016883 0.993700 -0.110796 12.246100 -0.076622 0.109200 0.991062 0.234600 0.000000 0.000000 0.000000 1.000000
0.996674 0.025164 0.077509 0.000000 -0.016298 0.993466 -0.112963 12.246100 -0.079845 0.111324 0.990571 0.234600 0.000000 0.000000 0.000000 1.000000
0.996520 0.024733 0.079604 0.000000 -0.015423 0.993186 -0.115518 12.246100 -0.081918 0.113888 0.990111 0.234600 0.000000 0.000000 0.000000 1.000000
0.996504 0.023945 0.080042 0.000000 -0.014415 0.992958 -0.117583 12.246100 -0.082294 0.116019 0.989832 0.234600 0.000000 0.000000 0.000000 1.000000
0.996547 0.023073 0.079763 0.000000 -0.013454 0.992792 -0.119089 12.246100 -0.081936 0.117605 0.989674 0.234600 0.000000 0.000000 0.000000 1.000000</float_array>
        <technique_common>
          <accessor source="#mixamorig_Spine-Matrix-animation-output-transform-array" count="61" stride="16">
            <param type="float4x4"/>
          </accessor>
        </technique_common>
      </source>
      <source id="mixamorig_Spine-Interpolations">
        <Name_array id="mixamorig_Spine-Interpolations-array" count="61">
 LINEAR LINEAR LINEAR LINEAR LINEAR LINEAR LINEAR LINEAR LINEAR LINEAR LINEAR
LINEAR LINEAR LINEAR LINEAR LINEAR LINEAR LINEAR LINEAR LINEAR LINEAR LINEAR LINEAR
LINEAR LINEAR LINEAR LINEAR LINEAR LINEAR LINEAR LINEAR LINEAR LINEAR LINEAR LINEAR
LINEAR LINEAR LINEAR LINEAR LINEAR LINEAR LINEAR LINEAR LINEAR LINEAR LINEAR LINEAR
LINEAR LINEAR LINEAR LINEAR LINEAR LINEAR LINEAR LINEAR LINEAR LINEAR LINEAR LINEAR
LINEAR LINEAR</Name_array>
        <technique_common>
          <accessor source="#mixamorig_Spine-Interpolations-array" count="61">
            <param type="name"/>
          </accessor>
        </technique_common>
      </source>
      <sampler id="mixamorig_Spine-Matrix-animation-transform">
        <input semantic="INPUT" source="#mixamorig_Spine-Matrix-animation-input"/>
        <input semantic="OUTPUT" source="#mixamorig_Spine-Matrix-animation-output-transform"/>
        <input semantic="INTERPOLATION" source="#mixamorig_Spine-Interpolations"/>
      </sampler>
      <channel source="#mixamorig_Spine-Matrix-animation-transform" target="mixamorig_Spine/matrix"/>
    </animation>
    <animation id="mixamorig_Spine1-anim" name="mixamorig_Spine1">
      <source id="mixamorig_Spine1-Matrix-animation-input">
        <float_array id="mixamorig_Spine1-Matrix-animation-input-array" count="61">

0.000000 0.033333 0.066667 0.100000 0.133333 0.166667 0.200000 0.233333 0.266667 0.300000 0.333333 0.366667 0.400000 0.433333 0.466667 0.500000
0.533333 0.566667 0.600000 0.633333 0.666667 0.700000 0.733333 0.766667 0.800000 0.833333 0.866667 0.900000 0.933333 0.966667 1.000000 1.033333
1.066667 1.100000 1.133333 1.166667 1.200000 1.233333 1.266667 1.300000 1.333333 1.366667 1.400000 1.433333 1.466667 1.500000 1.533333 1.566667
1.600000 1.633333 1.666667 1.700000 1.733333 1.766667 1.800000 1.833333 1.866667 1.900000 1.933333 1.966667 2.000000</float_array>
        <technique_common>
          <accessor source="#mixamorig_Spine1-Matrix-animation-input-array" count="61">
            <param name="TIME" type="float"/>
          </accessor>
        </technique_common>
      </source>
      <source id="mixamorig_Spine1-Matrix-animation-output-transform">
        <float_array id="mixamorig_Spine1-Matrix-animation-output-transform-array" count="976">

0.992710 0.116122 -0.032278 0.000000 -0.116903 0.862550 -0.492282 14.289700 -0.029324 0.492467 0.869837 -0.000000 0.000000 0.000000 0.000000 1.000000
0.996632 0.079039 -0.021848 0.000000 -0.081763 0.937425 -0.338450 14.289700 -0.006270 0.339097 0.940731 0.000000 0.000000 0.000000 0.000000 1.000000
0.999331 0.035540 -0.008669 0.000000 -0.036507 0.984060 -0.174050 14.289700 0.002345 0.174250 0.984699 0.000000 0.000000 0.000000 0.000000 1.000000
0.999880 0.011707 -0.010132 -0.000000 -0.012333 0.997864 -0.064149 14.289700 0.009360 0.064266 0.997889 0.000000 0.000000 0.000000 0.000000 1.000000
0.999602 0.020669 -0.019217 0.000000 -0.021942 0.997405 -0.068576 14.289700 0.017749 0.068971 0.997461 0.000000 0.000000 0.000000 0.000000 1.000000
0.999367 0.030371 -0.018527 0.000000 -0.032125 0.994139 -0.103224 14.289700 0.015284 0.103754 0.994486 0.000000 0.000000 0.000000 0.000000 1.000000
0.999505 0.030631 -0.007219 0.000000 -0.031301 0.991387 -0.127169 14.289700 0.003262 0.127331 0.991855 0.000000 0.000000 0.000000 0.000000 1.000000
0.999543 0.028930 0.008717 -0.000000 -0.027513 0.990707 -0.133203 14.289700 -0.012490 0.132902 0.991050 -0.000000 0.000000 0.000000 0.000000 1.000000
0.999412 0.022454 0.025920 0.000000 -0.018747 0.990627 -0.135305 14.289700 -0.028715 0.134740 0.990465 0.000000 0.000000 0.000000 0.000000 1.000000
0.999246 0.014409 0.036043 0.000000 -0.009203 0.990017 -0.140647 14.289700 -0.037710 0.140210 0.989403 0.000000 0.000000 0.000000 0.000000 1.000000
0.999464 0.012053 0.030428 0.000000 -0.007478 0.989223 -0.146225 14.289700 -0.031863 0.145920 0.988783 0.000000 0.000000 0.000000 0.000000 1.000000
0.999786 0.014211 0.015006 0.000000 -0.011767 0.988318 -0.151948 14.289700 -0.016990 0.151739 0.988275 -0.000000 0.000000 0.000000 0.000000 1.000000
0.999873 0.015838 0.001725 0.000000 -0.015359 0.987039 -0.159744 14.289700 -0.004233 0.159697 0.987157 0.000000 0.000000 0.000000 0.000000 1.000000
0.999873 0.014993 -0.005370 -0.000000 -0.015694 0.984973 -0.171993 14.289700 0.002711 0.172056 0.985083 -0.000000 0.000000 0.000000 0.000000 1.000000
0.999870 0.012563 -0.010082 -0.000000 -0.014218 0.982503 -0.185704 14.289700 0.007572 0.185823 0.982554 -0.000000 0.000000 0.000000 0.000000 1.000000
0.999507 0.010179 -0.029703 -0.000000 -0.015821 0.980395 -0.196406 14.289700 0.027121 0.196780 0.980073 0.000000 0.000000 0.000000 0.000000 1.000000
0.998170 0.007872 -0.059957 -0.000000 -0.019877 0.979108 -0.202367 14.289700 0.057112 0.203189 0.977473 -0.000000 0.000000 0.000000 0.000000 1.000000
0.995950 0.006174 -0.089701 0.000000 -0.024499 0.978525 -0.204667 14.289700 0.086511 0.206036 0.974713 -0.000000 0.000000 0.000000 0.000000 1.000000
0.994441 0.005176 -0.105170 -0.000000 -0.026779 0.978383 -0.205059 14.289700 0.101835 0.206735 0.973083 0.000000 0.000000 0.000000 0.000000 1.000000
0.994634 0.004654 -0.103348 0.000000 -0.026150 0.977856 -0.207641 14.289700 0.100093 0.209229 0.972730 0.000000 0.000000 0.000000 0.000000 1.000000
0.995999 0.005025 -0.089223 0.000000 -0.024134 0.976444 -0.214416 14.289700 0.086044 0.215711 0.972659 0.000000 0.000000 0.000000 0.000000 1.000000
0.997759 0.006660 -0.066572 0.000000 -0.021445 0.974367 -0.223941 14.289700 0.063374 0.224867 0.972326 -0.000000 0.000000 0.000000 0.000000 1.000000
0.999112 0.008927 -0.041168 0.000000 -0.018315 0.972136 -0.233703 14.289700 0.037935 0.234249 0.971436 0.000000 0.000000 0.000000 0.000000 1.000000
0.999742 0.011183 -0.019764 -0.000000 -0.015624 0.970335 -0.241258 14.289700 0.016480 0.241504 0.970260 -0.000000 0.000000 0.000000 0.000000 1.000000
