<?xml version="1.0" encoding="utf-8"?>
<COLLADA xmlns="http://www.collada.org/2005/11/COLLADASchema" version="1.4.1">
  <asset>
    <contributor>
      <author>Mixamo</author>
      <authoring_tool>COLLADA Mixamo exporter</authoring_tool>
      <comments/>
    </contributor>
    <created>2024-03-29T12:43:29Z</created>
    <modified>2024-03-29T12:43:29Z</modified>
    <revision/>
    <title/>
    <unit meter="0.010000"/>
    <up_axis>Y_UP</up_axis>
  </asset>
  <library_animations>
    <animation id="mixamorig_Hips-anim" name="mixamorig_Hips">
      <source id="mixamorig_Hips-Matrix-animation-input">
        <float_array id="mixamorig_Hips-Matrix-animation-input-array" count="135">

0.000000 0.033333 0.066667 0.100000 0.133333 0.166667 0.200000 0.233333 0.266667 0.300000 0.333333 0.366667 0.400000 0.433333 0.466667 0.500000
0.533333 0.566667 0.600000 0.633333 0.666667 0.700000 0.733333 0.766667 0.800000 0.833333 0.866667 0.900000 0.933333 0.966667 1.000000 1.033333
1.066667 1.100000 1.133333 1.166667 1.200000 1.233333 1.266667 1.300000 1.333333 1.366667 1.400000 1.433333 1.466667 1.500000 1.533333 1.566667
1.600000 1.633333 1.666667 1.700000 1.733333 1.766667 1.800000 1.833333 1.866667 1.900000 1.933333 1.966667 2.000000 2.033333 2.066667 2.100000
2.133333 2.166667 2.200000 2.233333 2.266667 2.300000 2.333333 2.366667 2.400000 2.433333 2.466667 2.500000 2.533333 2.566667 2.600000 2.633333
2.666667 2.700000 2.733333 2.766667 2.800000 2.833333 2.866667 2.900000 2.933333 2.966667 3.000000 3.033333 3.066667 3.100000 3.133333 3.166667
3.200000 3.233333 3.266667 3.300000 3.333333 3.366667 3.400000 3.433333 3.466667 3.500000 3.533333 3.566667 3.600000 3.633333 3.666667 3.700000
3.733333 3.766667 3.800000 3.833333 3.866667 3.900000 3.933333 3.966667 4.000000 4.033333 4.066667 4.100000 4.133333 4.166667 4.200000 4.233333
4.266667 4.300000 4.333333 4.366667 4.400000 4.433333 4.466667</float_array>
        <technique_common>
          <accessor source="#mixamorig_Hips-Matrix-animation-input-array" count="135">
            <param name="TIME" type="float"/>
          </accessor>
        </technique_common>
      </source>
      <source id="mixamorig_Hips-Matrix-animation-output-transform">
        <float_array id="mixamorig_Hips-Matrix-animation-output-transform-array" count="2160">

0.976316 0.185069 0.112060 -19.519749 -0.150040 0.952340 -0.265588 91.045135 -0.155871 0.242484 0.957552 -4.321458 0.000000 0.000000 0.000000 1.000000
0.973013 0.193320 0.125988 -19.301565 -0.150904 0.946159 -0.286375 90.975952 -0.174566 0.259635 0.949798 -4.114547 0.000000 0.000000 0.000000 1.000000
0.965938 0.198611 0.165883 -19.220514 -0.146985 0.948690 -0.279968 90.327301 -0.212977 0.246049 0.945569 -3.879628 0.000000 0.000000 0.000000 1.000000
0.956240 0.202655 0.211034 -18.922085 -0.148788 0.957871 -0.245652 88.958847 -0.251926 0.203503 0.946108 -3.667001 0.000000 0.000000 0.000000 1.000000
0.952472 0.219142 0.211598 -18.246916 -0.174941 0.962145 -0.208981 88.015511 -0.249385 0.162031 0.954753 -3.736269 0.000000 0.000000 0.000000 1.000000
0.958267 0.227991 0.172465 -17.363846 -0.196950 0.963791 -0.179771 88.235550 -0.207206 0.138302 0.968472 -3.812824 0.000000 0.000000 0.000000 1.000000
0.968399 0.211616 0.131993 -16.392685 -0.189460 0.968352 -0.162481 89.714676 -0.162199 0.132339 0.977843 -3.444196 0.000000 0.000000 0.000000 1.000000
0.978990 0.173778 0.106677 -15.049544 -0.156846 0.976070 -0.150621 91.902580 -0.130299 0.130725 0.982819 -2.596787 0.000000 0.000000 0.000000 1.000000
0.989551 0.126420 0.069333 -13.030511 -0.116166 0.983874 -0.136006 94.392563 -0.085409 0.126531 0.988279 -1.497499 0.000000 0.000000 0.000000 1.000000
0.996560 0.082739 0.004728 -10.375597 -0.081520 0.988952 -0.123809 96.639236 -0.014920 0.122998 0.992295 -0.380796 0.000000 0.000000 0.000000 1.000000
0.997068 0.050553 -0.057444 -7.291955 -0.057387 0.990582 -0.124313 98.196457 0.050619 0.127245 0.990579 0.471135 0.000000 0.000000 0.000000 1.000000
0.995794 0.025082 -0.088117 -4.202731 -0.037035 0.989914 -0.136745 99.185211 0.083799 0.139433 0.986679 0.948796 0.000000 0.000000 0.000000 1.000000
0.996174 0.009381 -0.086891 -1.150150 -0.022591 0.988072 -0.152328 99.395142 0.084426 0.153709 0.984503 1.168249 0.000000 0.000000 0.000000 1.000000
0.997717 -0.001474 -0.067520 1.979921 -0.009685 0.986305 -0.164645 99.096306 0.066838 0.164924 0.984039 1.248452 0.000000 0.000000 0.000000 1.000000
0.998752 -0.011880 -0.048509 5.390600 0.003231 0.984633 -0.174608 98.572647 0.049838 0.174233 0.983442 1.319755 0.000000 0.000000 0.000000 1.000000
0.998627 -0.019817 -0.048494 9.054851 0.010415 0.982318 -0.186932 97.630112 0.051341 0.186170 0.981175 1.427576 0.000000 0.000000 0.000000 1.000000
0.996941 -0.019090 -0.075784 12.684031 0.003407 0.979402 -0.201890 96.498787 0.078077 0.201014 0.976472 1.350899 0.000000 0.000000 0.000000 1.000000
0.992860 -0.017638 -0.117975 15.886915 -0.008261 0.976467 -0.215511 95.044228 0.118999 0.214946 0.969349 0.865594 0.000000 0.000000 0.000000 1.000000
0.988271 -0.030078 -0.149721 18.298044 -0.004303 0.974538 -0.224183 93.250626 0.152652 0.222198 0.962977 -0.049849 0.000000 0.000000 0.000000 1.000000
0.986926 -0.056779 -0.150840 19.938786 0.021938 0.974507 -0.223282 91.297813 0.159673 0.217053 0.963012 -1.100711 0.000000 0.000000 0.000000 1.000000
0.989160 -0.082304 -0.121609 21.157564 0.055813 0.976733 -0.207071 89.875656 0.135823 0.198039 0.970738 -1.939669 0.000000 0.000000 0.000000 1.000000
0.991762 -0.099504 -0.080666 22.018536 0.083939 0.980532 -0.177512 88.998840 0.096759 0.169279 0.980807 -2.556790 0.000000 0.000000 0.000000 1.000000
0.992433 -0.112455 -0.049310 22.637878 0.103867 0.983009 -0.151344 88.403252 0.065492 0.145077 0.987251 -3.234442 0.000000 0.000000 0.000000 1.000000
0.991352 -0.127726 -0.030117 23.138683 0.121865 0.981180 -0.149783 88.193802 0.048681 0.144818 0.988260 -4.001978 0.000000 0.000000 0.000000 1.000000
0.988503 -0.150480 -0.014775 23.574995 0.145399 0.972821 -0.180217 88.472412 0.041493 0.175997 0.983516 -4.665757 0.000000 0.000000 0.000000 1.000000
0.984859 -0.173197 -0.007495 23.987209 0.166680 0.957912 -0.233713 89.086227 0.047658 0.228925 0.972277 -5.158338 0.000000 0.000000 0.000000 1.000000
0.982439 -0.185311 -0.021769 24.368773 0.170881 0.940458 -0.293835 89.857224 0.074923 0.284955 0.955608 -5.545858 0.000000 0.000000 0.000000 1.000000
0.981171 -0.184643 -0.056668 24.573303 0.154436 0.926207 -0.343933 90.706894 0.115991 0.328706 0.937283 -5.759252 0.000000 0.000000 0.000000 1.000000
0.979771 -0.179787 -0.087893 24.533005 0.134753 0.917407 -0.374440 91.403282 0.147954 0.355022 0.923076 -5.713205 0.000000 0.000000 0.000000 1.000000
0.980340 -0.173260 -0.094415 24.378376 0.124210 0.913683 -0.386982 91.701653 0.153314 0.367647 0.917241 -5.516249 0.000000 0.000000 0.000000 1.000000
0.983178 -0.161367 -0.085573 24.153734 0.116137 0.913888 -0.388999 91.693207 0.140975 0.372517 0.917255 -5.287685 0.000000 0.000000 0.000000 1.000000
0.986348 -0.143486 -0.080806 23.680931 0.101828 0.917075 -0.385492 91.798943 0.129418 0.372001 0.919166 -5.020518 0.000000 0.000000 0.000000 1.000000
0.988161 -0.133126 -0.076256 22.838654 0.095348 0.922289 -0.374556 92.165123 0.120193 0.362851 0.924063 -4.696351 0.000000 0.000000 0.000000 1.000000
0.989016 -0.135339 -0.059416 21.905224 0.106301 0.930594 -0.350277 92.468605 0.102698 0.340114 0.934760 -4.260324 0.000000 0.000000 0.000000 1.000000
0.987765 -0.149676 -0.043791 21.519093 0.129060 0.942187 -0.309238 91.836517 0.087544 0.299803 0.949976 -3.740935 0.000000 0.000000 0.000000 1.000000
0.984140 -0.165794 -0.063090 21.576811 0.144633 0.955859 -0.255764 90.185394 0.102709 0.242583 0.964678 -3.048365 0.000000 0.000000 0.000000 1.000000
0.975497 -0.183104 -0.121974 21.529198 0.156556 0.967226 -0.199909 88.588051 0.154580 0.175915 0.972193 -2.286179 0.000000 0.000000 0.000000 1.000000
0.962911 -0.199064 -0.182141 21.114693 0.173039 0.973547 -0.149211 87.634514 0.207026 0.112160 0.971885 -1.600670 0.000000 0.000000 0.000000 1.000000
0.958825 -0.202105 -0.199520 20.207939 0.183499 0.977079 -0.107908 87.337120 0.216756 0.066853 0.973934 -1.037145 0.000000 0.000000 0.000000 1.000000
0.967955 -0.185175 -0.169625 18.838215 0.173026 0.981335 -0.083930 87.845940 0.182001 0.051891 0.981928 -0.556563 0.000000 0.000000 0.000000 1.000000
0.980807 -0.153551 -0.120166 17.168751 0.143855 0.985887 -0.085630 89.194557 0.131618 0.066700 0.989054 0.035380 0.000000 0.000000 0.000000 1.000000
0.990185 -0.117070 -0.076338 15.227676 0.108676 0.988396 -0.106131 91.171524 0.087876 0.096793 0.991418 0.823464 0.000000 0.000000 0.000000 1.000000
0.995866 -0.081509 -0.040084 12.905294 0.076032 0.989478 -0.123095 93.622391 0.049696 0.119538 0.991585 1.670327 0.000000 0.000000 0.000000 1.000000
0.998619 -0.052529 -0.000111 10.281431 0.052089 0.990515 -0.127147 95.876114 0.006789 0.126966 0.991884 2.406167 0.000000 0.000000 0.000000 1.000000
0.998322 -0.038763 0.043018 7.472521 0.043909 0.991060 -0.125981 97.402130 -0.037750 0.127659 0.991099 3.031466 0.000000 0.000000 0.000000 1.000000
0.996999 -0.030301 0.071245 4.686956 0.039327 0.990876 -0.128911 98.234375 -0.066689 0.131326 0.989094 3.549810 0.000000 0.000000 0.000000 1.000000
0.997135 -0.016797 0.073751 1.873868 0.026834 0.990166 -0.137298 98.424362 -0.070720 0.138883 0.987780 3.929535 0.000000 0.000000 0.000000 1.000000
0.997913 -0.002363 0.064532 -1.282287 0.011808 0.989159 -0.146375 98.268898 -0.063487 0.146832 0.987122 4.077334 0.000000 0.000000 0.000000 1.000000
0.997672 0.009683 0.067504 -4.704803 0.000732 0.988290 -0.152584 97.842110 -0.068191 0.152278 0.985982 3.914933 0.000000 0.000000 0.000000 1.000000
0.995520 0.014038 0.093499 -8.277913 0.000484 0.988146 -0.153514 97.258064 -0.094546 0.152872 0.983713 3.417287 0.000000 0.000000 0.000000 1.000000
0.990763 0.011005 0.135155 -11.785836 0.008946 0.989225 -0.146128 96.525131 -0.135307 0.145987 0.979990 2.613688 0.000000 0.000000 0.000000 1.000000
0.983063 0.003094 0.183243 -15.046820 0.021006 0.991365 -0.129436 95.547142 -0.182061 0.131093 0.974509 1.680919 0.000000 0.000000 0.000000 1.000000
0.972584 0.002990 0.232534 -17.794703 0.023110 0.993725 -0.109436 94.121460 -0.231403 0.111809 0.966412 0.901237 0.000000 0.000000 0.000000 1.000000
0.961517 0.021934 0.273868 -19.959282 0.005079 0.995219 -0.097539 92.224640 -0.274698 0.095176 0.956808 0.428912 0.000000 0.000000 0.000000 1.000000
0.954797 0.063282 0.290444 -21.582296 -0.034504 0.994066 -0.103161 90.146851 -0.295249 0.088476 0.951315 0.157663 0.000000 0.000000 0.000000 1.000000
0.955056 0.118036 0.271913 -22.774700 -0.085703 0.988077 -0.127900 88.387299 -0.283767 0.098848 0.953785 -0.156117 0.000000 0.000000 0.000000 1.000000
0.959012 0.171259 0.225757 -23.628214 -0.135258 0.976741 -0.166381 87.329941 -0.249000 0.129026 0.959870 -0.652972 0.000000 0.000000 0.000000 1.000000
0.961333 0.216658 0.169994 -24.184454 -0.178731 0.960478 -0.213394 87.323799 -0.209509 0.174760 0.962063 -1.272567 0.000000 0.000000 0.000000 1.000000
0.959004 0.255385 0.122841 -24.503147 -0.216144 0.939490 -0.265781 88.245903 -0.183284 0.228334 0.956175 -1.885007 0.000000 0.000000 0.000000 1.000000
0.952590 0.286741 0.101741 -24.683222 -0.241682 0.916256 -0.319477 89.302551 -0.184827 0.279742 0.942116 -2.498117 0.000000 0.000000 0.000000 1.000000
0.946421 0.302684 0.112564 -24.683222 -0.242741 0.896671 -0.370214 90.252861 -0.212991 0.323055 0.922101 -3.023273 0.000000 0.000000 0.000000 1.000000
0.941765 0.304880 0.141866 -24.752701 -0.223300 0.882436 -0.414058 90.633423 -0.251426 0.358267 0.899127 -3.364839 0.000000 0.000000 0.000000 1.000000
0.941299 0.295909 0.162462 -25.293461 -0.197582 0.873161 -0.445591 90.361847 -0.273710 0.387335 0.880372 -3.741943 0.000000 0.000000 0.000000 1.000000
0.948176 0.271579 0.164946 -25.771570 -0.170087 0.872284 -0.458465 90.470100 -0.268389 0.406650 0.873271 -4.131948 0.000000 0.000000 0.000000 1.000000
0.953102 0.255037 0.162951 -26.024672 -0.157525 0.877769 -0.452445 90.906960 -0.258424 0.405557 0.876778 -4.654255 0.000000 0.000000 0.000000 1.000000
0.950999 0.250407 0.181376 -26.041367 -0.150555 0.887393 -0.435737 91.573837 -0.270063 0.387078 0.881610 -5.173853 0.000000 0.000000 0.000000 1.000000
0.942257 0.247883 0.225180 -25.896879 -0.137964 0.900015 -0.413448 92.411270 -0.305152 0.358507 0.882244 -5.448577 0.000000 0.000000 0.000000 1.000000
0.931578 0.233463 0.278672 -25.733463 -0.114153 0.915628 -0.385480 93.447777 -0.345155 0.327293 0.879629 -5.309462 0.000000 0.000000 0.000000 1.000000
0.917189 0.223964 0.329552 -25.878170 -0.101408 0.931052 -0.350512 93.665558 -0.385332 0.288066 0.876662 -5.080860 0.000000 0.000000 0.000000 1.000000
0.897146 0.215476 0.385616 -26.121397 -0.093647 0.945891 -0.310676 92.780304 -0.431694 0.242610 0.868781 -4.787461 0.000000 0.000000 0.000000 1.000000
0.867741 0.219203 0.446067 -26.101303 -0.100839 0.956470 -0.273856 91.563850 -0.486679 0.192655 0.852072 -4.539786 0.000000 0.000000 0.000000 1.000000
0.839611 0.230510 0.491853 -25.767988 -0.119469 0.961684 -0.246762 90.964745 -0.529888 0.148423 0.834979 -4.265358 0.000000 0.000000 0.000000 1.000000
0.831610 0.231769 0.504686 -25.173735 -0.131535 0.965097 -0.226465 91.292084 -0.539559 0.121946 0.833070 -3.747553 0.000000 0.000000 0.000000 1.000000
0.848590 0.208954 0.486038 -24.132168 -0.123937 0.971649 -0.201339 92.487213 -0.514329 0.110616 0.850429 -2.972096 0.000000 0.000000 0.000000 1.000000
0.880561 0.169277 0.442671 -22.485771 -0.104318 0.980358 -0.167378 94.081337 -0.462309 0.101208 0.880924 -2.138576 0.000000 0.000000 0.000000 1.000000
0.917435 0.130085 0.376019 -20.348684 -0.084377 0.987158 -0.135643 95.588150 -0.388836 0.092717 0.916630 -1.376338 0.000000 0.000000 0.000000 1.000000
0.952597 0.095809 0.288756 -18.016613 -0.063713 0.990897 -0.118591 96.605209 -0.297489 0.094572 0.950030 -0.716956 0.000000 0.000000 0.000000 1.000000
0.978111 0.072667 0.194985 -15.424206 -0.050124 0.991729 -0.118159 96.412537 -0.201959 0.105799 0.973663 -0.248172 0.000000 0.000000 0.000000 1.000000
0.990841 0.057815 0.122035 -12.686835 -0.042261 0.991078 -0.126405 95.762154 -0.128254 0.120090 0.984444 -0.092140 0.000000 0.000000 0.000000 1.000000
0.994936 0.047581 0.088534 -10.040031 -0.035254 0.990091 -0.135929 95.563751 -0.094124 0.132119 0.986755 -0.294554 0.000000 0.000000 0.000000 1.000000
0.995057 0.040286 0.090766 -7.217990 -0.026669 0.988847 -0.146526 95.726387 -0.095657 0.143381 0.985034 -0.748798 0.000000 0.000000 0.000000 1.000000
0.993611 0.028758 0.109131 -4.221977 -0.010690 0.986624 -0.162662 96.009880 -0.112349 0.160457 0.980628 -1.281023 0.000000 0.000000 0.000000 1.000000
0.992895 0.010629 0.118515 -1.319987 0.011640 0.982549 -0.185642 96.328278 -0.118420 0.185702 0.975444 -1.826685 0.000000 0.000000 0.000000 1.000000
0.995106 -0.003116 0.098767 1.354349 0.023712 0.977829 -0.208058 96.450699 -0.095929 0.209382 0.973117 -2.499693 0.000000 0.000000 0.000000 1.000000
0.998478 -0.015289 0.052986 3.700207 0.026443 0.975876 -0.216718 95.920792 -0.048394 0.217789 0.974795 -3.420306 0.000000 0.000000 0.000000 1.000000
0.999374 -0.034624 0.007232 5.689448 0.035371 0.978494 -0.203218 94.420914 -0.000040 0.203347 0.979107 -4.529917 0.000000 0.000000 0.000000 1.000000
0.998047 -0.060461 -0.015674 7.436961 0.056873 0.983438 -0.172090 92.290634 0.025819 0.170863 0.984957 -5.590350 0.000000 0.000000 0.000000 1.000000
0.996122 -0.087363 -0.010400 8.969187 0.085094 0.986720 -0.138356 90.139381 0.022349 0.136935 0.990328 -6.309808 0.000000 0.000000 0.000000 1.000000
0.994024 -0.108432 0.012576 10.282987 0.109159 0.987302 -0.115407 88.566216 0.000098 0.116090 0.993239 -6.636021 0.000000 0.000000 0.000000 1.000000
0.991229 -0.126571 0.038017 11.411417 0.129996 0.985617 -0.107982 87.703545 -0.023802 0.111977 0.993426 -6.818651 0.000000 0.000000 0.000000 1.000000
0.987645 -0.144222 0.061298 12.412748 0.150589 0.981697 -0.116591 87.685783 -0.043361 0.124382 0.991287 -6.987402 0.000000 0.000000 0.000000 1.000000
0.983378 -0.160710 0.084500 13.285115 0.171444 0.975102 -0.140655 88.390938 -0.059792 0.152804 0.986446 -7.153374 0.000000 0.000000 0.000000 1.000000
0.980326 -0.166412 0.106148 14.051619 0.183363 0.966857 -0.177668 89.202751 -0.073064 0.193636 0.978349 -7.332249 0.000000 0.000000 0.000000 1.000000
0.981188 -0.151269 0.119952 14.681883 0.174962 0.959384 -0.221295 89.593330 -0.081605 0.238119 0.967802 -7.442934 0.000000 0.000000 0.000000 1.000000
0.985392 -0.114900 0.125703 15.176882 0.144471 0.954803 -0.259769 89.285828 -0.090174 0.274134 0.957454 -7.342542 0.000000 0.000000 0.000000 1.000000
0.987496 -0.072915 0.139765 15.614472 0.110234 0.953187 -0.281573 88.840538 -0.112692 0.293459 0.949306 -7.142371 0.000000 0.000000 0.000000 1.000000
0.983678 -0.036551 0.176187 15.935389 0.086869 0.953954 -0.287098 88.805069 -0.157581 0.297717 0.941559 -6.976705 0.000000 0.000000 0.000000 1.000000
0.974496 -0.011848 0.224094 15.977266 0.077351 0.955141 -0.285870 89.127731 -0.210654 0.295913 0.931698 -6.809602 0.000000 0.000000 0.000000 1.000000
0.965235 -0.011301 0.261139 15.659273 0.087853 0.954969 -0.283401 89.993919 -0.246177 0.296490 0.922762 -6.447375 0.000000 0.000000 0.000000 1.000000
0.962097 -0.034464 0.270521 15.303804 0.111540 0.954944 -0.275029 90.809814 -0.248854 0.294778 0.922593 -5.851083 0.000000 0.000000 0.000000 1.000000
0.967484 -0.067761 0.243688 15.385512 0.130816 0.958635 -0.252798 90.777161 -0.216478 0.276456 0.936327 -5.182444 0.000000 0.000000 0.000000 1.000000
0.979329 -0.095193 0.178475 15.899982 0.133195 0.967529 -0.214816 89.670792 -0.152231 0.234148 0.960209 -4.564974 0.000000 0.000000 0.000000 1.000000
0.989281 -0.111634 0.094137 16.383739 0.126287 0.977717 -0.167695 87.955437 -0.073319 0.177786 0.981334 -4.088488 0.000000 0.000000 0.000000 1.000000
0.991700 -0.123512 0.035717 16.470289 0.126992 0.984385 -0.121897 86.436798 -0.020104 0.125421 0.991900 -3.691226 0.000000 0.000000 0.000000 1.000000
0.990721 -0.129908 0.039946 16.141777 0.132925 0.987429 -0.085524 85.644363 -0.028334 0.090041 0.995535 -3.136198 0.000000 0.000000 0.000000 1.000000
0.987364 -0.124024 0.098643 15.527964 0.130617 0.989402 -0.063429 85.804771 -0.089731 0.075512 0.993099 -2.362635 0.000000 0.000000 0.000000 1.000000
0.981225 -0.102625 0.163297 14.684462 0.112686 0.992186 -0.053569 86.946983 -0.156523 0.070965 0.985122 -1.511431 0.000000 0.000000 0.000000 1.000000
0.978382 -0.072639 0.193627 13.560701 0.084073 0.995129 -0.051488 88.952072 -0.188944 0.066654 0.979723 -0.685970 0.000000 0.000000 0.000000 1.000000
0.980077 -0.037128 0.195118 12.223833 0.048741 0.997293 -0.055060 91.675797 -0.192545 0.063473 0.979233 0.153393 0.000000 0.000000 0.000000 1.000000
0.980202 -0.004583 0.197949 10.725286 0.017625 0.997783 -0.064173 94.491615 -0.197216 0.066391 0.978109 0.988754 0.000000 0.000000 0.000000 1.000000
0.975697 0.018050 0.218380 9.038713 -0.000596 0.996816 -0.079730 96.656563 -0.219124 0.077662 0.972601 1.741949 0.000000 0.000000 0.000000 1.000000
0.969314 0.037774 0.242907 7.241860 -0.013497 0.994811 -0.100843 97.807968 -0.245456 0.094470 0.964794 2.323541 0.000000 0.000000 0.000000 1.000000
0.967315 0.058870 0.246648 5.351876 -0.029620 0.992251 -0.120665 97.901756 -0.251841 0.109415 0.961564 2.681384 0.000000 0.000000 0.000000 1.000000
0.972869 0.079184 0.217386 3.364175 -0.051599 0.990202 -0.129762 97.570259 -0.225531 0.115024 0.967422 2.766080 0.000000 0.000000 0.000000 1.000000
0.983068 0.088810 0.160280 1.006053 -0.068516 0.989407 -0.127980 97.058281 -0.169948 0.114831 0.978740 2.720277 0.000000 0.000000 0.000000 1.000000
0.991599 0.084236 0.098160 -1.857216 -0.071571 0.989435 -0.126081 96.315948 -0.107744 0.117997 0.987152 2.650295 0.000000 0.000000 0.000000 1.000000
0.995354 0.069753 0.066365 -5.123325 -0.060562 0.989446 -0.131642 95.707916 -0.074847 0.127011 0.989073 2.426211 0.000000 0.000000 0.000000 1.000000
0.994827 0.057876 0.083479 -8.528128 -0.045853 0.989180 -0.139358 95.262291 -0.090641 0.134809 0.986717 1.844540 0.000000 0.000000 0.000000 1.000000
0.988908 0.054558 0.138146 -11.806708 -0.034953 0.989456 -0.140555 94.755371 -0.144357 0.134168 0.980388 0.881912 0.000000 0.000000 0.000000 1.000000
0.976841 0.058245 0.205888 -14.567060 -0.030762 0.990470 -0.134250 93.650536 -0.211745 0.124808 0.969323 -0.194006 0.000000 0.000000 0.000000 1.000000
0.963356 0.058736 0.261715 -16.873299 -0.026096 0.991625 -0.126490 92.256546 -0.266953 0.115025 0.956821 -1.040953 0.000000 0.000000 0.000000 1.000000
0.958912 0.063222 0.276569 -18.505283 -0.029845 0.991924 -0.123269 90.779961 -0.282129 0.109950 0.953055 -1.529182 0.000000 0.000000 0.000000 1.000000
0.967944 0.079099 0.238384 -19.410641 -0.050742 0.991129 -0.122835 89.591118 -0.245985 0.106801 0.963372 -1.877920 0.000000 0.000000 0.000000 1.000000
0.979073 0.109502 0.171541 -19.656780 -0.089282 0.988571 -0.121472 88.860657 -0.182882 0.103614 0.977660 -2.224670 0.000000 0.000000 0.000000 1.000000
0.981796 0.148288 0.118690 -19.542343 -0.133455 0.983209 -0.124458 88.790184 -0.135153 0.106352 0.985100 -2.497037 0.000000 0.000000 0.000000 1.000000
0.978070 0.181434 0.102281 -19.323210 -0.166307 0.975955 -0.140907 89.436707 -0.125387 0.120807 0.984725 -2.611731 0.000000 0.000000 0.000000 1.000000
0.972818 0.201858 0.113485 -19.170925 -0.180884 0.968369 -0.171879 90.256020 -0.144590 0.146680 0.978559 -2.572904 0.000000 0.000000 0.000000 1.000000
0.969568 0.210122 0.125647 -19.300543 -0.181165 0.960972 -0.209073 90.363823 -0.164674 0.179947 0.969794 -2.505472 0.000000 0.000000 0.000000 1.000000
0.970707 0.210146 0.116473 -19.719181 -0.177809 0.954352 -0.239991 89.799919 -0.161589 0.212251 0.963763 -2.660087 0.000000 0.000000 0.000000 1.000000
0.974609 0.205908 0.087971 -20.134962 -0.177839 0.950544 -0.254637 89.138313 -0.136052 0.232527 0.963027 -3.107708 0.000000 0.000000 0.000000 1.000000
0.978536 0.195567 0.064965 -20.362230 -0.173285 0.951495 -0.254222 88.862434 -0.111531 0.237508 0.964961 -3.616894 0.000000 0.000000 0.000000 1.000000
0.980124 0.185947 0.069147 -20.417156 -0.163616 0.954760 -0.248320 89.002571 -0.112193 0.232071 0.966207 -4.113761 0.000000 0.000000 0.000000 1.000000
0.979509 0.178730 0.092836 -20.204432 -0.152331 0.958988 -0.239034 89.778984 -0.131751 0.219994 0.966563 -4.463936 0.000000 0.000000 0.000000 1.000000
0.978114 0.179132 0.105853 -19.823166 -0.149389 0.958708 -0.241996 90.693840 -0.144832 0.220886 0.964486 -4.479710 0.000000 0.000000 0.000000 1.000000
0.976316 0.185068 0.112060 -19.519758 -0.150040 0.952340 -0.265588 91.045135 -0.155871 0.242484 0.957552 -4.321457 0.000000 0.000000 0.000000 1.000000</float_array>
        <technique_common>
          <accessor source="#mixamorig_Hips-Matrix-animation-output-transform-array" count="135" stride="16">
            <param type="float4x4"/>
          </accessor>
        </technique_common>
      </source>
      <source id="mixamorig_Hips-Interpolations">
        <Name_array id="mixamorig_Hips-Interpolations-array" count="135">
 LINEAR LINEAR LINEAR LINEAR LINEAR LINEAR LINEAR LINEAR LINEAR LINEAR LINEAR
LINEAR LINEAR LINEAR LINEAR LINEAR LINEAR LINEAR LINEAR LINEAR LINEAR LINEAR LINEAR
LINEAR LINEAR LINEAR LINEAR LINEAR LINEAR LINEAR LINEAR LINEAR LINEAR LINEAR LINEAR
LINEAR LINEAR LINEAR LINEAR LINEAR LINEAR LINEAR LINEAR LINEAR LINEAR LINEAR LINEAR
LINEAR LINEAR LINEAR LINEAR LINEAR LINEAR LINEAR LINEAR LINEAR LINEAR LINEAR LINEAR
LINEAR LINEAR LINEAR LINEAR LINEAR LINEAR LINEAR LINEAR LINEAR LINEAR LINEAR LINEAR
LINEAR LINEAR LINEAR LINEAR LINEAR LINEAR LINEAR LINEAR LINEAR LINEAR LINEAR LINEAR
LINEAR LINEAR LINEAR LINEAR LINEAR LINEAR LINEAR LINEAR LINEAR LINEAR LINEAR LINEAR
LINEAR LINEAR LINEAR LINEAR LINEAR LINEAR LINEAR LINEAR LINEAR LINEAR LINEAR LINEAR
LINEAR LINEAR LINEAR LINEAR LINEAR LINEAR LINEAR LINEAR LINEAR LINEAR LINEAR LINEAR
LINEAR LINEAR LINEAR LINEAR LINEAR LINEAR LINEAR LINEAR LINEAR LINEAR LINEAR LINEAR
LINEAR LINEAR LINEAR LINEAR</Name_array>
        <technique_common>
          <accessor source="#mixamorig_Hips-Interpolations-array" count="135">
            <param type="name"/>
          </accessor>
        </technique_common>
      </source>
      <sampler id="mixamorig_Hips-Matrix-animation-transform">
        <input semantic="INPUT" source="#mixamorig_Hips-Matrix-animation-input"/>
        <input semantic="OUTPUT" source="#mixamorig_Hips-Matrix-animation-output-transform"/>
        <input semantic="INTERPOLATION" source="#mixamorig_Hips-Interpolations"/>
      </sampler>
      <channel source="#mixamorig_Hips-Matrix-animation-transform" target="mixamorig_Hips/matrix"/>
    </animation>
    <animation id="mixamorig_Spine-anim" name="mixamorig_Spine">
      <source id="mixamorig_Spine-Matrix-animation-input">
        <float_array id="mixamorig_Spine-Matrix-animation-input-array" count="135">

0.000000 0.033333 0.066667 0.100000 0.133333 0.166667 0.200000 0.233333 0.266667 0.300000 0.333333 0.366667 0.400000 0.433333 0.466667 0.500000
0.533333 0.566667 0.600000 0.633333 0.666667 0.700000 0.733333 0.766667 0.800000 0.833333 0.866667 0.900000 0.933333 0.966667 1.000000 1.033333
1.066667 1.100000 1.133333 1.166667 1.200000 1.233333 1.266667 1.300000 1.333333 1.366667 1.400000 1.433333 1.466667 1.500000 1.533333 1.566667
1.600000 1.633333 1.666667 1.700000 1.733333 1.766667 1.800000 1.833333 1.866667 1.900000 1.933333 1.966667 2.000000 2.033333 2.066667 2.100000
2.133333 2.166667 2.200000 2.233333 2.266667 2.300000 2.333333 2.366667 2.400000 2.433333 2.466667 2.500000 2.533333 2.566667 2.600000 2.633333
2.666667 2.700000 2.733333 2.766667 2.800000 2.833333 2.866667 2.900000 2.933333 2.966667 3.000000 3.033333 3.066667 3.100000 3.133333 3.166667
3.200000 3.233333 3.266667 3.300000 3.333333 3.366667 3.400000 3.433333 3.466667 3.500000 3.533333 3.566667 3.600000 3.633333 3.666667 3.700000
3.733333 3.766667 3.800000 3.833333 3.866667 3.900000 3.933333 3.966667 4.000000 4.033333 4.066667 4.100000 4.133333 4.166667 4.200000 4.233333
4.266667 4.300000 4.333333 4.366667 4.400000 4.433333 4.466667</float_array>
        <technique_common>
          <accessor source="#mixamorig_Spine-Matrix-animation-input-array" count="135">
            <param name="TIME" type="float"/>
          </accessor>
        </technique_common>
      </source>
      <source id="mixamorig_Spine-Matrix-animation-output-transform">
        <float_array id="mixamorig_Spine-Matrix-animation-output-transform-array" count="2160">

0.993681 -0.096058 -0.058060 -0.000000 0.095729 0.995372 -0.008424 14.652500 0.058601 0.002813 0.998278 0.432500 0.000000 0.000000 0.000000 1.000000
0.992763 -0.098850 -0.068191 0.000000 0.099224 0.995063 0.002098 14.652500 0.067647 -0.008849 0.997670 0.432500 0.000000 0.000000 0.000000 1.000000
0.992234 -0.095369 -0.079850 0.000000 0.095965 0.995378 0.003656 14.652500 0.079132 -0.011290 0.996800 0.432500 0.000000 0.000000 0.000000 1.000000
0.993077 -0.080266 -0.085766 0.000000 0.080021 0.996773 -0.006304 14.652500 0.085995 -0.000602 0.996295 0.432500 0.000000 0.000000 0.000000 1.000000
0.995081 -0.061769 -0.077450 0.000000 0.060486 0.997992 -0.018813 14.652500 0.078456 0.014036 0.996819 0.432500 0.000000 0.000000 0.000000 1.000000
0.997510 -0.032418 -0.062640 0.000000 0.030833 0.999184 -0.026107 14.652500 0.063435 0.024110 0.997695 0.432500 0.000000 0.000000 0.000000 1.000000
0.998710 -0.001663 -0.050752 0.000000 0.000394 0.999687 -0.025017 14.652500 0.050778 0.024965 0.998398 0.432500 0.000000 0.000000 0.000000 1.000000
0.998987 0.017289 -0.041538 0.000000 -0.018156 0.999623 -0.020590 14.652500 0.041166 0.021324 0.998925 0.432500 0.000000 0.000000 0.000000 1.000000
0.999408 0.023010 -0.025588 0.000000 -0.023412 0.999605 -0.015522 14.652500 0.025221 0.016112 0.999552 0.432500 0.000000 0.000000 0.000000 1.000000
0.999853 0.017104 -0.001374 0.000000 -0.017116 0.999809 -0.009446 14.652500 0.001212 0.009468 0.999954 0.432500 0.000000 0.000000 0.000000 1.000000
0.999758 0.010171 0.019497 0.000000 -0.010099 0.999942 -0.003757 14.652500 -0.019534 0.003559 0.999803 0.432500 0.000000 0.000000 0.000000 1.000000
0.999450 0.018515 0.027519 -0.000000 -0.018514 0.999829 -0.000305 14.652500 -0.027520 -0.000205 0.999621 0.432500 0.000000 0.000000 0.000000 1.000000
0.999290 0.026207 0.027081 -0.000000 -0.026274 0.999652 0.002131 14.652500 -0.027016 -0.002841 0.999631 0.432500 0.000000 0.000000 0.000000 1.000000
0.999359 0.024419 0.026185 0.000000 -0.024518 0.999693 0.003443 14.652500 -0.026093 -0.004083 0.999651 0.432500 0.000000 0.000000 0.000000 1.000000
0.999451 0.018841 0.027266 0.000000 -0.018971 0.999810 0.004510 14.652500 -0.027176 -0.005025 0.999618 0.432500 0.000000 0.000000 0.000000 1.000000
0.999461 0.016428 0.028423 0.000000 -0.016622 0.999840 0.006611 14.652500 -0.028310 -0.007080 0.999574 0.432500 0.000000 0.000000 0.000000 1.000000
0.999500 0.010098 0.029964 0.000000 -0.010296 0.999926 0.006475 14.652500 -0.029896 -0.006781 0.999530 0.432500 0.000000 0.000000 0.000000 1.000000
0.999457 0.004810 0.032593 0.000000 -0.004827 0.999988 0.000458 14.652500 -0.032590 -0.000615 0.999469 0.432500 0.000000 0.000000 0.000000 1.000000
0.999306 0.013451 0.034734 -0.000000 -0.013083 0.999856 -0.010806 14.652500 -0.034874 0.010344 0.999338 0.432500 0.000000 0.000000 0.000000 1.000000
0.998873 0.032720 0.034383 0.000000 -0.031915 0.999209 -0.023723 14.652500 -0.035132 0.022599 0.999127 0.432500 0.000000 0.000000 0.000000 1.000000
0.998292 0.048160 0.033067 0.000000 -0.046952 0.998234 -0.036383 14.652500 -0.034760 0.034769 0.998791 0.432500 0.000000 0.000000 0.000000 1.000000
0.997577 0.061045 0.033366 0.000000 -0.059330 0.996977 -0.050168 14.652500 -0.036327 0.048067 0.998183 0.432500 0.000000 0.000000 0.000000 1.000000
0.996178 0.078779 0.037718 0.000000 -0.076250 0.995010 -0.064351 14.652500 -0.042600 0.061229 0.997214 0.432500 0.000000 0.000000 0.000000 1.000000
0.993971 0.099594 0.045851 0.000000 -0.096133 0.992736 -0.072346 14.652500 -0.052723 0.067502 0.996325 0.432500 0.000000 0.000000 0.000000 1.000000
0.991268 0.119639 0.055440 0.000000 -0.115688 0.990837 -0.069705 14.652500 -0.063271 0.062682 0.996026 0.432500 0.000000 0.000000 0.000000 1.000000
0.988954 0.132387 0.066664 -0.000000 -0.128556 0.989956 -0.058821 14.652500 -0.073782 0.049601 0.996040 0.432500 0.000000 0.000000 0.000000 1.000000
0.987494 0.135479 0.080625 0.000000 -0.132155 0.990196 -0.045247 14.652500 -0.085964 0.034026 0.995717 0.432500 0.000000 0.000000 0.000000 1.000000
0.986787 0.130360 0.096216 -0.000000 -0.127670 0.991246 -0.033631 14.652500 -0.099758 0.020903 0.994792 0.432500 0.000000 0.000000 0.000000 1.000000
0.986321 0.123691 0.108953 0.000000 -0.121600 0.992247 -0.025659 14.652500 -0.111282 0.012059 0.993716 0.432500 0.000000 0.000000 0.000000 1.000000
0.986322 0.118695 0.114369 -0.000000 -0.117148 0.992909 -0.020175 14.652500 -0.115953 0.006501 0.993233 0.432500 0.000000 0.000000 0.000000 1.000000
0.986785 0.116410 0.112714 0.000000 -0.115299 0.993196 -0.016342 14.652500 -0.113850 0.003130 0.993493 0.432500 0.000000 0.000000 0.000000 1.000000
0.987624 0.115682 0.105910 0.000000 -0.114846 0.993285 -0.013981 14.652500 -0.106816 0.001644 0.994277 0.432500 0.000000 0.000000 0.000000 1.000000
0.988230 0.121366 0.093124 0.000000 -0.120638 0.992606 -0.013430 14.652500 -0.094066 0.002038 0.995564 0.432500 0.000000 0.000000 0.000000 1.000000
0.988734 0.128356 0.077011 0.000000 -0.127726 0.991723 -0.013070 14.652500 -0.078052 0.003086 0.996945 0.432500 0.000000 0.000000 0.000000 1.000000
0.988773 0.132946 0.068219 0.000000 -0.132294 0.991111 -0.014007 14.652500 -0.069474 0.004825 0.997572 0.432500 0.000000 0.000000 0.000000 1.000000
0.988488 0.129902 0.077564 0.000000 -0.128813 0.991489 -0.018903 14.652500 -0.079359 0.008694 0.996808 0.432500 0.000000 0.000000 0.000000 1.000000
0.987324 0.124816 0.098038 0.000000 -0.122721 0.992070 -0.027140 14.652500 -0.100648 0.014764 0.994813 0.432500 0.000000 0.000000 0.000000 1.000000
0.986971 0.114348 0.113194 0.000000 -0.110802 0.993148 -0.037158 14.652500 -0.116668 0.024131 0.992878 0.432500 0.000000 0.000000 0.000000 1.000000
0.989183 0.095419 0.111409 0.000000 -0.090874 0.994836 -0.045200 14.652500 -0.115147 0.034587 0.992746 0.432500 0.000000 0.000000 0.000000 1.000000
0.992567 0.074017 0.096605 0.000000 -0.069806 0.996487 -0.046268 14.652500 -0.099691 0.039180 0.994247 0.432500 0.000000 0.000000 0.000000 1.000000
0.995411 0.057300 0.076636 0.000000 -0.054524 0.997795 -0.037833 14.652500 -0.078635 0.033481 0.996341 0.432500 0.000000 0.000000 0.000000 1.000000
0.997255 0.048617 0.055849 0.000000 -0.047441 0.998628 -0.022189 14.652500 -0.056851 0.019479 0.998193 0.432500 0.000000 0.000000 0.000000 1.000000
0.998302 0.046456 0.035143 0.000000 -0.046222 0.998904 -0.007434 14.652500 -0.035450 0.005797 0.999355 0.432500 0.000000 0.000000 0.000000 1.000000
0.998841 0.045269 0.016323 0.000000 -0.045297 0.998973 0.001344 14.652500 -0.016245 -0.002082 0.999866 0.432500 0.000000 0.000000 0.000000 1.000000
0.998952 0.045713 0.002095 -0.000000 -0.045724 0.998939 0.005571 14.652500 -0.001838 -0.005661 0.999982 0.432500 0.000000 0.000000 0.000000 1.000000
0.999133 0.041301 -0.005230 0.000000 -0.041254 0.999110 0.008777 14.652500 0.005588 -0.008553 0.999948 0.432500 0.000000 0.000000 0.000000 1.000000
0.999378 0.034493 -0.007331 0.000000 -0.034407 0.999341 0.011547 14.652500 0.007724 -0.011287 0.999906 0.432500 0.000000 0.000000 0.000000 1.000000
0.999348 0.035097 -0.008452 0.000000 -0.034992 0.999312 0.012278 14.652500 0.008877 -0.011974 0.999889 0.432500 0.000000 0.000000 0.000000 1.000000
0.999198 0.038747 -0.010122 0.000000 -0.038650 0.999207 0.009618 14.652500 0.010487 -0.009219 0.999903 0.432500 0.000000 0.000000 0.000000 1.000000
0.999074 0.041110 -0.012690 -0.000000 -0.041083 0.999153 0.002344 14.652500 0.012775 -0.001821 0.999917 0.432500 0.000000 0.000000 0.000000 1.000000
0.998898 0.043681 -0.017192 0.000000 -0.043865 0.998983 -0.010427 14.652500 0.016719 0.011170 0.999798 0.432500 0.000000 0.000000 0.000000 1.000000
0.998193 0.054127 -0.026079 0.000000 -0.054841 0.998117 -0.027479 14.652500 0.024542 0.028860 0.999282 0.432500 0.000000 0.000000 0.000000 1.000000
0.997290 0.063570 -0.037024 -0.000000 -0.065145 0.996949 -0.043004 14.652500 0.034177 0.045300 0.998389 0.432500 0.000000 0.000000 0.000000 1.000000
0.997376 0.056949 -0.044708 0.000000 -0.059191 0.996968 -0.050517 14.652500 0.041696 0.053031 0.997722 0.432500 0.000000 0.000000 0.000000 1.000000
0.998357 0.031389 -0.047928 0.000000 -0.033789 0.998172 -0.050113 14.652500 0.046267 0.051650 0.997593 0.432500 0.000000 0.000000 0.000000 1.000000
0.998899 -0.004085 -0.046734 -0.000000 0.001876 0.998883 -0.047208 14.652500 0.046875 0.047068 0.997791 0.432500 0.000000 0.000000 0.000000 1.000000
0.998268 -0.037418 -0.045389 -0.000000 0.035337 0.998325 -0.045813 14.652500 0.047028 0.044130 0.997918 0.432500 0.000000 0.000000 0.000000 1.000000
0.996837 -0.064750 -0.046075 0.000000 0.062665 0.997004 -0.045343 14.652500 0.048873 0.042312 0.997908 0.432500 0.000000 0.000000 0.000000 1.000000
0.995069 -0.087273 -0.047138 -0.000000 0.085309 0.995461 -0.042186 14.652500 0.050606 0.037957 0.997997 0.432500 0.000000 0.000000 0.000000 1.000000
0.993019 -0.108026 -0.047376 -0.000000 0.106491 0.993739 -0.033805 14.652500 0.050731 0.028524 0.998305 0.432500 0.000000 0.000000 0.000000 1.000000
0.991010 -0.125457 -0.046479 -0.000000 0.124550 0.991971 -0.021922 14.652500 0.048856 0.015936 0.998679 0.432500 0.000000 0.000000 0.000000 1.000000
0.989224 -0.140386 -0.041565 0.000000 0.140207 0.990096 -0.007212 14.652500 0.042166 0.001306 0.999110 0.432500 0.000000 0.000000 0.000000 1.000000
0.989049 -0.144043 -0.032140 0.000000 0.144312 0.989513 0.006221 14.652500 0.030907 -0.010791 0.999464 0.432500 0.000000 0.000000 0.000000 1.000000
0.991938 -0.124495 -0.023663 -0.000000 0.124823 0.992095 0.012937 14.652500 0.021866 -0.015786 0.999636 0.432500 0.000000 0.000000 0.000000 1.000000
0.994165 -0.106306 -0.018282 -0.000000 0.106523 0.994246 0.011308 14.652500 0.016975 -0.013189 0.999769 0.432500 0.000000 0.000000 0.000000 1.000000
0.994665 -0.101282 -0.019576 0.000000 0.101417 0.994826 0.006053 14.652500 0.018861 -0.008006 0.999790 0.432500 0.000000 0.000000 0.000000 1.000000
0.994358 -0.102580 -0.026997 0.000000 0.102619 0.994721 0.000050 14.652500 0.026849 -0.002820 0.999636 0.432500 0.000000 0.000000 0.000000 1.000000
0.995128 -0.091392 -0.036978 0.000000 0.091218 0.995811 -0.006362 14.652500 0.037404 0.002958 0.999296 0.432500 0.000000 0.000000 0.000000 1.000000
0.995425 -0.084311 -0.044945 0.000000 0.083778 0.996391 -0.013617 14.652500 0.045930 0.009789 0.998897 0.432500 0.000000 0.000000 0.000000 1.000000
0.995875 -0.073040 -0.053831 0.000000 0.072014 0.997187 -0.020772 14.652500 0.055197 0.016810 0.998334 0.432500 0.000000 0.000000 0.000000 1.000000
0.996024 -0.060474 -0.065417 0.000000 0.058757 0.997884 -0.027857 14.652500 0.066963 0.023903 0.997469 0.432500 0.000000 0.000000 0.000000 1.000000
0.996401 -0.042668 -0.073240 0.000000 0.040400 0.998666 -0.032171 14.652500 0.074515 0.029097 0.996795 0.432500 0.000000 0.000000 0.000000 1.000000
0.997045 -0.020206 -0.074119 0.000000 0.017952 0.999360 -0.030951 14.652500 0.074697 0.029529 0.996769 0.432500 0.000000 0.000000 0.000000 1.000000
0.997708 -0.001289 -0.067652 0.000000 -0.000367 0.999701 -0.024465 14.652500 0.067663 0.024434 0.997409 0.432500 0.000000 0.000000 0.000000 1.000000
0.998605 0.004437 -0.052623 0.000000 -0.005292 0.999856 -0.016122 14.652500 0.052544 0.016378 0.998484 0.432500 0.000000 0.000000 0.000000 1.000000
0.999572 -0.002419 -0.029143 0.000000 0.002210 0.999972 -0.007179 14.652500 0.029159 0.007111 0.999549 0.432500 0.000000 0.000000 0.000000 1.000000
0.999914 -0.013124 -0.000347 0.000000 0.013125 0.999910 0.002887 14.652500 0.000309 -0.002892 0.999996 0.432500 0.000000 0.000000 0.000000 1.000000
0.999227 -0.028625 0.026949 0.000000 0.028306 0.999526 0.012130 14.652500 -0.027284 -0.011357 0.999563 0.432500 0.000000 0.000000 0.000000 1.000000
0.998409 -0.037184 0.042380 0.000000 0.036477 0.999184 0.017317 14.652500 -0.042990 -0.015744 0.998951 0.432500 0.000000 0.000000 0.000000 1.000000
0.998537 -0.031925 0.043652 0.000000 0.031191 0.999362 0.017386 14.652500 -0.044179 -0.015999 0.998896 0.432500 0.000000 0.000000 0.000000 1.000000
0.998854 -0.028425 0.038512 0.000000 0.027859 0.999497 0.015156 14.652500 -0.038923 -0.014066 0.999143 0.432500 0.000000 0.000000 0.000000 1.000000
0.998950 -0.029896 0.034717 0.000000 0.029445 0.999476 0.013437 14.652500 -0.035101 -0.012400 0.999307 0.432500 0.000000 0.000000 0.000000 1.000000
0.999021 -0.028392 0.033935 0.000000 0.027974 0.999528 0.012726 14.652500 -0.034280 -0.011764 0.999343 0.432500 0.000000 0.000000 0.000000 1.000000
0.998927 -0.029119 0.036009 -0.000000 0.028758 0.999531 0.010512 14.652500 -0.036299 -0.009465 0.999296 0.432500 0.000000 0.000000 0.000000 1.000000
0.998907 -0.024937 0.039526 0.000000 0.024874 0.999688 0.002071 14.652500 -0.039565 -0.001085 0.999216 0.432500 0.000000 0.000000 0.000000 1.000000
0.999091 -0.006034 0.042194 0.000000 0.006602 0.999889 -0.013329 14.652500 -0.042109 0.013595 0.999021 0.432500 0.000000 0.000000 0.000000 1.000000
0.998781 0.021809 0.044279 -0.000000 -0.020464 0.999322 -0.030613 14.652500 -0.044917 0.029670 0.998550 0.432500 0.000000 0.000000 0.000000 1.000000
0.997752 0.048326 0.046426 0.000000 -0.046301 0.997970 -0.043732 14.652500 -0.048445 0.041484 0.997964 0.432500 0.000000 0.000000 0.000000 1.000000
0.996260 0.070109 0.050509 0.000000 -0.067546 0.996423 -0.050781 14.652500 -0.053888 0.047179 0.997432 0.432500 0.000000 0.000000 0.000000 1.000000
0.993942 0.093222 0.058206 0.000000 -0.090103 0.994462 -0.054107 14.652500 -0.062927 0.048535 0.996837 0.432500 0.000000 0.000000 0.000000 1.000000
0.991128 0.114857 0.066886 0.000000 -0.111364 0.992322 -0.053802 14.652500 -0.072552 0.045876 0.996309 0.432500 0.000000 0.000000 0.000000 1.000000
