<?xml version="1.0" encoding="utf-8"?>
<COLLADA xmlns="http://www.collada.org/2005/11/COLLADASchema" version="1.4.1">
  <asset>
    <contributor>
      <author>Mixamo</author>
      <authoring_tool>COLLADA Mixamo exporter</authoring_tool>
      <comments/>
    </contributor>
    <created>2024-05-15T12:26:31Z</created>
    <modified>2024-05-15T12:26:31Z</modified>
    <revision/>
    <title/>
    <unit meter="0.010000"/>
    <up_axis>Y_UP</up_axis>
  </asset>
  <library_animations>
    <animation id="Armature-anim" name="Armature">
      <source id="Armature-Matrix-animation-input">
        <float_array id="Armature-Matrix-animation-input-array" count="99">

0.000000 0.033333 0.066667 0.100000 0.133333 0.166667 0.200000 0.233333 0.266667 0.300000 0.333333 0.366667 0.400000 0.433333 0.466667 0.500000
0.533333 0.566667 0.600000 0.633333 0.666667 0.700000 0.733333 0.766667 0.800000 0.833333 0.866667 0.900000 0.933333 0.966667 1.000000 1.033333
1.066667 1.100000 1.133333 1.166667 1.200000 1.233333 1.266667 1.300000 1.333333 1.366667 1.400000 1.433333 1.466667 1.500000 1.533333 1.566667
1.600000 1.633333 1.666667 1.700000 1.733333 1.766667 1.800000 1.833333 1.866667 1.900000 1.933333 1.966667 2.000000 2.033333 2.066667 2.100000
2.133333 2.166667 2.200000 2.233333 2.266667 2.300000 2.333333 2.366667 2.400000 2.433333 2.466667 2.500000 2.533333 2.566667 2.600000 2.633333
2.666667 2.700000 2.733333 2.766667 2.800000 2.833333 2.866667 2.900000 2.933333 2.966667 3.000000 3.033333 3.066667 3.100000 3.133333 3.166667
3.200000 3.233333 3.266667</float_array>
        <technique_common>
          <accessor source="#Armature-Matrix-animation-input-array" count="99">
            <param name="TIME" type="float"/>
          </accessor>
        </technique_common>
      </source>
      <source id="Armature-Matrix-animation-output-transform">
        <float_array id="Armature-Matrix-animation-output-transform-array" count="1584">

1.000000 0.000000 0.000000 0.000000 0.000000 1.000000 0.000000 0.000000 0.000000 0.000000 1.000000 0.000000 0.000000 0.000000 0.000000 1.000000
1.000000 0.000000 0.000000 0.000000 0.000000 1.000000 0.000000 0.000000 0.000000 0.000000 1.000000 0.000000 0.000000 0.000000 0.000000 1.000000
1.000000 0.000000 0.000000 0.000000 0.000000 1.000000 0.000000 0.000000 0.000000 0.000000 1.000000 0.000000 0.000000 0.000000 0.000000 1.000000
1.000000 0.000000 0.000000 0.000000 0.000000 1.000000 0.000000 0.000000 0.000000 0.000000 1.000000 0.000000 0.000000 0.000000 0.000000 1.000000
1.000000 0.000000 0.000000 0.000000 0.000000 1.000000 0.000000 0.000000 0.000000 0.000000 1.000000 0.000000 0.000000 0.000000 0.000000 1.000000
1.000000 0.000000 0.000000 0.000000 0.000000 1.000000 0.000000 0.000000 0.000000 0.000000 1.000000 0.000000 0.000000 0.000000 0.000000 1.000000
1.000000 0.000000 0.000000 0.000000 0.000000 1.000000 0.000000 0.000000 0.000000 0.000000 1.000000 0.000000 0.000000 0.000000 0.000000 1.000000
1.000000 0.000000 0.000000 0.000000 0.000000 1.000000 0.000000 0.000000 0.000000 0.000000 1.000000 0.000000 0.000000 0.000000 0.000000 1.000000
1.000000 0.000000 0.000000 0.000000 0.000000 1.000000 0.000000 0.000000 0.000000 0.000000 1.000000 0.000000 0.000000 0.000000 0.000000 1.000000
1.000000 0.000000 0.000000 0.000000 0.000000 1.000000 0.000000 0.000000 0.000000 0.000000 1.000000 0.000000 0.000000 0.000000 0.000000 1.000000
1.000000 0.000000 0.000000 0.000000 0.000000 1.000000 0.000000 0.000000 0.000000 0.000000 1.000000 0.000000 0.000000 0.000000 0.000000 1.000000
1.000000 0.000000 0.000000 0.000000 0.000000 1.000000 0.000000 0.000000 0.000000 0.000000 1.000000 0.000000 0.000000 0.000000 0.000000 1.000000
1.000000 0.000000 0.000000 0.000000 0.000000 1.000000 0.000000 0.000000 0.000000 0.000000 1.000000 0.000000 0.000000 0.000000 0.000000 1.000000
1.000000 0.000000 0.000000 0.000000 0.000000 1.000000 0.000000 0.000000 0.000000 0.000000 1.000000 0.000000 0.000000 0.000000 0.000000 1.000000
1.000000 0.000000 0.000000 0.000000 0.000000 1.000000 0.000000 0.000000 0.000000 0.000000 1.000000 0.000000 0.000000 0.000000 0.000000 1.000000
1.000000 0.000000 0.000000 0.000000 0.000000 1.000000 0.000000 0.000000 0.000000 0.000000 1.000000 0.000000 0.000000 0.000000 0.000000 1.000000
1.000000 0.000000 0.000000 0.000000 0.000000 1.000000 0.000000 0.000000 0.000000 0.000000 1.000000 0.000000 0.000000 0.000000 0.000000 1.000000
1.000000 0.000000 0.000000 0.000000 0.000000 1.000000 0.000000 0.000000 0.000000 0.000000 1.000000 0.000000 0.000000 0.000000 0.000000 1.000000
1.000000 0.000000 0.000000 0.000000 0.000000 1.000000 0.000000 0.000000 0.000000 0.000000 1.000000 0.000000 0.000000 0.000000 0.000000 1.000000
1.000000 0.000000 0.000000 0.000000 0.000000 1.000000 0.000000 0.000000 0.000000 0.000000 1.000000 0.000000 0.000000 0.000000 0.000000 1.000000
1.000000 0.000000 0.000000 0.000000 0.000000 1.000000 0.000000 0.000000 0.000000 0.000000 1.000000 0.000000 0.000000 0.000000 0.000000 1.000000
1.000000 0.000000 0.000000 0.000000 0.000000 1.000000 0.000000 0.000000 0.000000 0.000000 1.000000 0.000000 0.000000 0.000000 0.000000 1.000000
1.000000 0.000000 0.000000 0.000000 0.000000 1.000000 0.000000 0.000000 0.000000 0.000000 1.000000 0.000000 0.000000 0.000000 0.000000 1.000000
1.000000 0.000000 0.000000 0.000000 0.000000 1.000000 0.000000 0.000000 0.000000 0.000000 1.000000 0.000000 0.000000 0.000000 0.000000 1.000000
1.000000 0.000000 0.000000 0.000000 0.000000 1.000000 0.000000 0.000000 0.000000 0.000000 1.000000 0.000000 0.000000 0.000000 0.000000 1.000000
1.000000 0.000000 0.000000 0.000000 0.000000 1.000000 0.000000 0.000000 0.000000 0.000000 1.000000 0.000000 0.000000 0.000000 0.000000 1.000000
1.000000 0.000000 0.000000 0.000000 0.000000 1.000000 0.000000 0.000000 0.000000 0.000000 1.000000 0.000000 0.000000 0.000000 0.000000 1.000000
1.000000 0.000000 0.000000 0.000000 0.000000 1.000000 0.000000 0.000000 0.000000 0.000000 1.000000 0.000000 0.000000 0.000000 0.000000 1.000000
1.000000 0.000000 0.000000 0.000000 0.000000 1.000000 0.000000 0.000000 0.000000 0.000000 1.000000 0.000000 0.000000 0.000000 0.000000 1.000000
1.000000 0.000000 0.000000 0.000000 0.000000 1.000000 0.000000 0.000000 0.000000 0.000000 1.000000 0.000000 0.000000 0.000000 0.000000 1.000000
1.000000 0.000000 0.000000 0.000000 0.000000 1.000000 0.000000 0.000000 0.000000 0.000000 1.000000 0.000000 0.000000 0.000000 0.000000 1.000000
1.000000 0.000000 0.000000 0.000000 0.000000 1.000000 0.000000 0.000000 0.000000 0.000000 1.000000 0.000000 0.000000 0.000000 0.000000 1.000000
1.000000 0.000000 0.000000 0.000000 0.000000 1.000000 0.000000 0.000000 0.000000 0.000000 1.000000 0.000000 0.000000 0.000000 0.000000 1.000000
1.000000 0.000000 0.000000 0.000000 0.000000 1.000000 0.000000 0.000000 0.000000 0.000000 1.000000 0.000000 0.000000 0.000000 0.000000 1.000000
1.000000 0.000000 0.000000 0.000000 0.000000 1.000000 0.000000 0.000000 0.000000 0.000000 1.000000 0.000000 0.000000 0.000000 0.000000 1.000000
1.000000 0.000000 0.000000 0.000000 0.000000 1.000000 0.000000 0.000000 0.000000 0.000000 1.000000 0.000000 0.000000 0.000000 0.000000 1.000000
1.000000 0.000000 0.000000 0.000000 0.000000 1.000000 0.000000 0.000000 0.000000 0.000000 1.000000 0.000000 0.000000 0.000000 0.000000 1.000000
1.000000 0.000000 0.000000 0.000000 0.000000 1.000000 0.000000 0.000000 0.000000 0.000000 1.000000 0.000000 0.000000 0.000000 0.000000 1.000000
1.000000 0.000000 0.000000 0.000000 0.000000 1.000000 0.000000 0.000000 0.000000 0.000000 1.000000 0.000000 0.000000 0.000000 0.000000 1.000000
1.000000 0.000000 0.000000 0.000000 0.000000 1.000000 0.000000 0.000000 0.000000 0.000000 1.000000 0.000000 0.000000 0.000000 0.000000 1.000000
1.000000 0.000000 0.000000 0.000000 0.000000 1.000000 0.000000 0.000000 0.000000 0.000000 1.000000 0.000000 0.000000 0.000000 0.000000 1.000000
1.000000 0.000000 0.000000 0.000000 0.000000 1.000000 0.000000 0.000000 0.000000 0.000000 1.000000 0.000000 0.000000 0.000000 0.000000 1.000000
1.000000 0.000000 0.000000 0.000000 0.000000 1.000000 0.000000 0.000000 0.000000 0.000000 1.000000 0.000000 0.000000 0.000000 0.000000 1.000000
1.000000 0.000000 0.000000 0.000000 0.000000 1.000000 0.000000 0.000000 0.000000 0.000000 1.000000 0.000000 0.000000 0.000000 0.000000 1.000000
1.000000 0.000000 0.000000 0.000000 0.000000 1.000000 0.000000 0.000000 0.000000 0.000000 1.000000 0.000000 0.000000 0.000000 0.000000 1.000000
1.000000 0.000000 0.000000 0.000000 0.000000 1.000000 0.000000 0.000000 0.000000 0.000000 1.000000 0.000000 0.000000 0.000000 0.000000 1.000000
1.000000 0.000000 0.000000 0.000000 0.000000 1.000000 0.000000 0.000000 0.000000 0.000000 1.000000 0.000000 0.000000 0.000000 0.000000 1.000000
1.000000 0.000000 0.000000 0.000000 0.000000 1.000000 0.000000 0.000000 0.000000 0.000000 1.000000 0.000000 0.000000 0.000000 0.000000 1.000000
1.000000 0.000000 0.000000 0.000000 0.000000 1.000000 0.000000 0.000000 0.000000 0.000000 1.000000 0.000000 0.000000 0.000000 0.000000 1.000000
1.000000 0.000000 0.000000 0.000000 0.000000 1.000000 0.000000 0.000000 0.000000 0.000000 1.000000 0.000000 0.000000 0.000000 0.000000 1.000000
1.000000 0.000000 0.000000 0.000000 0.000000 1.000000 0.000000 0.000000 0.000000 0.000000 1.000000 0.000000 0.000000 0.000000 0.000000 1.000000
1.000000 0.000000 0.000000 0.000000 0.000000 1.000000 0.000000 0.000000 0.000000 0.000000 1.000000 0.000000 0.000000 0.000000 0.000000 1.000000
1.000000 0.000000 0.000000 0.000000 0.000000 1.000000 0.000000 0.000000 0.000000 0.000000 1.000000 0.000000 0.000000 0.000000 0.000000 1.000000
1.000000 0.000000 0.000000 0.000000 0.000000 1.000000 0.000000 0.000000 0.000000 0.000000 1.000000 0.000000 0.000000 0.000000 0.000000 1.000000
1.000000 0.000000 0.000000 0.000000 0.000000 1.000000 0.000000 0.000000 0.000000 0.000000 1.000000 0.000000 0.000000 0.000000 0.000000 1.000000
1.000000 0.000000 0.000000 0.000000 0.000000 1.000000 0.000000 0.000000 0.000000 0.000000 1.000000 0.000000 0.000000 0.000000 0.000000 1.000000
1.000000 0.000000 0.000000 0.000000 0.000000 1.000000 0.000000 0.000000 0.000000 0.000000 1.000000 0.000000 0.000000 0.000000 0.000000 1.000000
1.000000 0.000000 0.000000 0.000000 0.000000 1.000000 0.000000 0.000000 0.000000 0.000000 1.000000 0.000000 0.000000 0.000000 0.000000 1.000000
1.000000 0.000000 0.000000 0.000000 0.000000 1.000000 0.000000 0.000000 0.000000 0.000000 1.000000 0.000000 0.000000 0.000000 0.000000 1.000000
1.000000 0.000000 0.000000 0.000000 0.000000 1.000000 0.000000 0.000000 0.000000 0.000000 1.000000 0.000000 0.000000 0.000000 0.000000 1.000000
1.000000 0.000000 0.000000 0.000000 0.000000 1.000000 0.000000 0.000000 0.000000 0.000000 1.000000 0.000000 0.000000 0.000000 0.000000 1.000000
1.000000 0.000000 0.000000 0.000000 0.000000 1.000000 0.000000 0.000000 0.000000 0.000000 1.000000 0.000000 0.000000 0.000000 0.000000 1.000000
1.000000 0.000000 0.000000 0.000000 0.000000 1.000000 0.000000 0.000000 0.000000 0.000000 1.000000 0.000000 0.000000 0.000000 0.000000 1.000000
1.000000 0.000000 0.000000 0.000000 0.000000 1.000000 0.000000 0.000000 0.000000 0.000000 1.000000 0.000000 0.000000 0.000000 0.000000 1.000000
1.000000 0.000000 0.000000 0.000000 0.000000 1.000000 0.000000 0.000000 0.000000 0.000000 1.000000 0.000000 0.000000 0.000000 0.000000 1.000000
1.000000 0.000000 0.000000 0.000000 0.000000 1.000000 0.000000 0.000000 0.000000 0.000000 1.000000 0.000000 0.000000 0.000000 0.000000 1.000000
1.000000 0.000000 0.000000 0.000000 0.000000 1.000000 0.000000 0.000000 0.000000 0.000000 1.000000 0.000000 0.000000 0.000000 0.000000 1.000000
1.000000 0.000000 0.000000 0.000000 0.000000 1.000000 0.000000 0.000000 0.000000 0.000000 1.000000 0.000000 0.000000 0.000000 0.000000 1.000000
1.000000 0.000000 0.000000 0.000000 0.000000 1.000000 0.000000 0.000000 0.000000 0.000000 1.000000 0.000000 0.000000 0.000000 0.000000 1.000000
1.000000 0.000000 0.000000 0.000000 0.000000 1.000000 0.000000 0.000000 0.000000 0.000000 1.000000 0.000000 0.000000 0.000000 0.000000 1.000000
1.000000 0.000000 0.000000 0.000000 0.000000 1.000000 0.000000 0.000000 0.000000 0.000000 1.000000 0.000000 0.000000 0.000000 0.000000 1.000000
1.000000 0.000000 0.000000 0.000000 0.000000 1.000000 0.000000 0.000000 0.000000 0.000000 1.000000 0.000000 0.000000 0.000000 0.000000 1.000000
1.000000 0.000000 0.000000 0.000000 0.000000 1.000000 0.000000 0.000000 0.000000 0.000000 1.000000 0.000000 0.000000 0.000000 0.000000 1.000000
1.000000 0.000000 0.000000 0.000000 0.000000 1.000000 0.000000 0.000000 0.000000 0.000000 1.000000 0.000000 0.000000 0.000000 0.000000 1.000000
1.000000 0.000000 0.000000 0.000000 0.000000 1.000000 0.000000 0.000000 0.000000 0.000000 1.000000 0.000000 0.000000 0.000000 0.000000 1.000000
1.000000 0.000000 0.000000 0.000000 0.000000 1.000000 0.000000 0.000000 0.000000 0.000000 1.000000 0.000000 0.000000 0.000000 0.000000 1.000000
1.000000 0.000000 0.000000 0.000000 0.000000 1.000000 0.000000 0.000000 0.000000 0.000000 1.000000 0.000000 0.000000 0.000000 0.000000 1.000000
1.000000 0.000000 0.000000 0.000000 0.000000 1.000000 0.000000 0.000000 0.000000 0.000000 1.000000 0.000000 0.000000 0.000000 0.000000 1.000000
1.000000 0.000000 0.000000 0.000000 0.000000 1.000000 0.000000 0.000000 0.000000 0.000000 1.000000 0.000000 0.000000 0.000000 0.000000 1.000000
1.000000 0.000000 0.000000 0.000000 0.000000 1.000000 0.000000 0.000000 0.000000 0.000000 1.000000 0.000000 0.000000 0.000000 0.000000 1.000000
1.000000 0.000000 0.000000 0.000000 0.000000 1.000000 0.000000 0.000000 0.000000 0.000000 1.000000 0.000000 0.000000 0.000000 0.000000 1.000000
1.000000 0.000000 0.000000 0.000000 0.000000 1.000000 0.000000 0.000000 0.000000 0.000000 1.000000 0.000000 0.000000 0.000000 0.000000 1.000000
1.000000 0.000000 0.000000 0.000000 0.000000 1.000000 0.000000 0.000000 0.000000 0.000000 1.000000 0.000000 0.000000 0.000000 0.000000 1.000000
1.000000 0.000000 0.000000 0.000000 0.000000 1.000000 0.000000 0.000000 0.000000 0.000000 1.000000 0.000000 0.000000 0.000000 0.000000 1.000000
1.000000 0.000000 0.000000 0.000000 0.000000 1.000000 0.000000 0.000000 0.000000 0.000000 1.000000 0.000000 0.000000 0.000000 0.000000 1.000000
1.000000 0.000000 0.000000 0.000000 0.000000 1.000000 0.000000 0.000000 0.000000 0.000000 1.000000 0.000000 0.000000 0.000000 0.000000 1.000000
1.000000 0.000000 0.000000 0.000000 0.000000 1.000000 0.000000 0.000000 0.000000 0.000000 1.000000 0.000000 0.000000 0.000000 0.000000 1.000000
1.000000 0.000000 0.000000 0.000000 0.000000 1.000000 0.000000 0.000000 0.000000 0.000000 1.000000 0.000000 0.000000 0.000000 0.000000 1.000000
1.000000 0.000000 0.000000 0.000000 0.000000 1.000000 0.000000 0.000000 0.000000 0.000000 1.000000 0.000000 0.000000 0.000000 0.000000 1.000000
1.000000 0.000000 0.000000 0.000000 0.000000 1.000000 0.000000 0.000000 0.000000 0.000000 1.000000 0.000000 0.000000 0.000000 0.000000 1.000000
1.000000 0.000000 0.000000 0.000000 0.000000 1.000000 0.000000 0.000000 0.000000 0.000000 1.000000 0.000000 0.000000 0.000000 0.000000 1.000000
1.000000 0.000000 0.000000 0.000000 0.000000 1.000000 0.000000 0.000000 0.000000 0.000000 1.000000 0.000000 0.000000 0.000000 0.000000 1.000000
1.000000 0.000000 0.000000 0.000000 0.000000 1.000000 0.000000 0.000000 0.000000 0.000000 1.000000 0.000000 0.000000 0.000000 0.000000 1.000000
1.000000 0.000000 0.000000 0.000000 0.000000 1.000000 0.000000 0.000000 0.000000 0.000000 1.000000 0.000000 0.000000 0.000000 0.000000 1.000000
1.000000 0.000000 0.000000 0.000000 0.000000 1.000000 0.000000 0.000000 0.000000 0.000000 1.000000 0.000000 0.000000 0.000000 0.000000 1.000000
1.000000 0.000000 0.000000 0.000000 0.000000 1.000000 0.000000 0.000000 0.000000 0.000000 1.000000 0.000000 0.000000 0.000000 0.000000 1.000000
1.000000 0.000000 0.000000 0.000000 0.000000 1.000000 0.000000 0.000000 0.000000 0.000000 1.000000 0.000000 0.000000 0.000000 0.000000 1.000000
1.000000 0.000000 0.000000 0.000000 0.000000 1.000000 0.000000 0.000000 0.000000 0.000000 1.000000 0.000000 0.000000 0.000000 0.000000 1.000000
1.000000 0.000000 0.000000 0.000000 0.000000 1.000000 0.000000 0.000000 0.000000 0.000000 1.000000 0.000000 0.000000 0.000000 0.000000 1.000000</float_array>
        <technique_common>
          <accessor source="#Armature-Matrix-animation-output-transform-array" count="99" stride="16">
            <param type="float4x4"/>
          </accessor>
        </technique_common>
      </source>
      <source id="Armature-Interpolations">
        <Name_array id="Armature-Interpolations-array" count="99">
 LINEAR LINEAR LINEAR LINEAR LINEAR LINEAR LINEAR LINEAR LINEAR LINEAR LINEAR
LINEAR LINEAR LINEAR LINEAR LINEAR LINEAR LINEAR LINEAR LINEAR LINEAR LINEAR LINEAR
LINEAR LINEAR LINEAR LINEAR LINEAR LINEAR LINEAR LINEAR LINEAR LINEAR LINEAR LINEAR
LINEAR LINEAR LINEAR LINEAR LINEAR LINEAR LINEAR LINEAR LINEAR LINEAR LINEAR LINEAR
LINEAR LINEAR LINEAR LINEAR LINEAR LINEAR LINEAR LINEAR LINEAR LINEAR LINEAR LINEAR
LINEAR LINEAR LINEAR LINEAR LINEAR LINEAR LINEAR LINEAR LINEAR LINEAR LINEAR LINEAR
LINEAR LINEAR LINEAR LINEAR LINEAR LINEAR LINEAR LINEAR LINEAR LINEAR LINEAR LINEAR
LINEAR LINEAR LINEAR LINEAR LINEAR LINEAR LINEAR LINEAR LINEAR LINEAR LINEAR LINEAR
LINEAR LINEAR LINEAR LINEAR</Name_array>
        <technique_common>
          <accessor source="#Armature-Interpolations-array" count="99">
            <param type="name"/>
          </accessor>
        </technique_common>
      </source>
      <sampler id="Armature-Matrix-animation-transform">
        <input semantic="INPUT" source="#Armature-Matrix-animation-input"/>
        <input semantic="OUTPUT" source="#Armature-Matrix-animation-output-transform"/>
        <input semantic="INTERPOLATION" source="#Armature-Interpolations"/>
      </sampler>
      <channel source="#Armature-Matrix-animation-transform" target="Armature/matrix"/>
    </animation>
    <animation id="mixamorig_Hips-anim" name="mixamorig_Hips">
      <source id="mixamorig_Hips-Matrix-animation-input">
        <float_array id="mixamorig_Hips-Matrix-animation-input-array" count="99">

0.000000 0.033333 0.066667 0.100000 0.133333 0.166667 0.200000 0.233333 0.266667 0.300000 0.333333 0.366667 0.400000 0.433333 0.466667 0.500000
0.533333 0.566667 0.600000 0.633333 0.666667 0.700000 0.733333 0.766667 0.800000 0.833333 0.866667 0.900000 0.933333 0.966667 1.000000 1.033333
1.066667 1.100000 1.133333 1.166667 1.200000 1.233333 1.266667 1.300000 1.333333 1.366667 1.400000 1.433333 1.466667 1.500000 1.533333 1.566667
1.600000 1.633333 1.666667 1.700000 1.733333 1.766667 1.800000 1.833333 1.866667 1.900000 1.933333 1.966667 2.000000 2.033333 2.066667 2.100000
2.133333 2.166667 2.200000 2.233333 2.266667 2.300000 2.333333 2.366667 2.400000 2.433333 2.466667 2.500000 2.533333 2.566667 2.600000 2.633333
2.666667 2.700000 2.733333 2.766667 2.800000 2.833333 2.866667 2.900000 2.933333 2.966667 3.000000 3.033333 3.066667 3.100000 3.133333 3.166667
3.200000 3.233333 3.266667</float_array>
        <technique_common>
          <accessor source="#mixamorig_Hips-Matrix-animation-input-array" count="99">
            <param name="TIME" type="float"/>
          </accessor>
        </technique_common>
      </source>
      <source id="mixamorig_Hips-Matrix-animation-output-transform">
        <float_array id="mixamorig_Hips-Matrix-animation-output-transform-array" count="1584">

0.997912 0.002912 -0.064518 0.144315 -0.007205 0.997767 -0.066406 102.251122 0.064181 0.066732 0.995705 -1.930303 0.000000 0.000000 0.000000 1.000000
0.997911 0.003010 -0.064526 0.142197 -0.007290 0.997780 -0.066192 102.251297 0.064184 0.066524 0.995718 -1.913542 0.000000 0.000000 0.000000 1.000000
0.997916 0.002963 -0.064452 0.142612 -0.007214 0.997805 -0.065834 102.252159 0.064115 0.066162 0.995747 -1.908140 0.000000 0.000000 0.000000 1.000000
0.997919 0.002890 -0.064413 0.141610 -0.007119 0.997825 -0.065532 102.251778 0.064084 0.065854 0.995769 -1.913299 0.000000 0.000000 0.000000 1.000000
0.997927 0.002796 -0.064301 0.137222 -0.007007 0.997838 -0.065351 102.251259 0.063979 0.065666 0.995788 -1.927612 0.000000 0.000000 0.000000 1.000000
0.997938 0.002625 -0.064138 0.131362 -0.006847 0.997817 -0.065690 102.254326 0.063826 0.065994 0.995777 -1.946010 0.000000 0.000000 0.000000 1.000000
0.997947 0.002485 -0.063992 0.124194 -0.006779 0.997732 -0.066969 102.262070 0.063680 0.067266 0.995701 -1.961450 0.000000 0.000000 0.000000 1.000000
0.997970 0.002470 -0.063641 0.111553 -0.006871 0.997591 -0.069027 102.268341 0.063317 0.069324 0.995583 -1.973726 0.000000 0.000000 0.000000 1.000000
0.998020 0.002611 -0.062840 0.092514 -0.007108 0.997420 -0.071441 102.265160 0.062492 0.071746 0.995463 -1.992338 0.000000 0.000000 0.000000 1.000000
0.998090 0.002842 -0.061713 0.073686 -0.007412 0.997234 -0.073952 102.258499 0.061332 0.074268 0.995351 -2.011800 0.000000 0.000000 0.000000 1.000000
0.998170 0.002969 -0.060405 0.061489 -0.007596 0.997040 -0.076511 102.259293 0.059999 0.076830 0.995237 -2.010809 0.000000 0.000000 0.000000 1.000000
0.998238 0.003060 -0.059259 0.054817 -0.007724 0.996874 -0.078630 102.265244 0.058834 0.078949 0.995141 -1.989715 0.000000 0.000000 0.000000 1.000000
0.998268 0.003055 -0.058753 0.053947 -0.007741 0.996789 -0.079698 102.270073 0.058321 0.080015 0.995086 -1.965190 0.000000 0.000000 0.000000 1.000000
0.998250 0.002520 -0.059081 0.066737 -0.007241 0.996781 -0.079842 102.275742 0.058690 0.080130 0.995055 -1.942191 0.000000 0.000000 0.000000 1.000000
0.998207 0.001792 -0.059832 0.086587 -0.006585 0.996773 -0.080006 102.281738 0.059495 0.080257 0.994997 -1.923574 0.000000 0.000000 0.000000 1.000000
0.998160 0.001416 -0.060615 0.100891 -0.006295 0.996744 -0.080386 102.283028 0.060304 0.080619 0.994919 -1.909877 0.000000 0.000000 0.000000 1.000000
0.998118 0.001179 -0.061304 0.114256 -0.006119 0.996739 -0.080456 102.281372 0.061009 0.080679 0.994871 -1.896430 0.000000 0.000000 0.000000 1.000000
0.998087 0.000871 -0.061816 0.128750 -0.005829 0.996772 -0.080068 102.280838 0.061547 0.080275 0.994871 -1.884799 0.000000 0.000000 0.000000 1.000000
0.998069 0.000572 -0.062112 0.138117 -0.005515 0.996824 -0.079443 102.280968 0.061870 0.079632 0.994902 -1.877973 0.000000 0.000000 0.000000 1.000000
0.998055 0.000401 -0.062332 0.142515 -0.005323 0.996875 -0.078816 102.280228 0.062105 0.078995 0.994939 -1.877390 0.000000 0.000000 0.000000 1.000000
0.998031 0.000404 -0.062720 0.147074 -0.005320 0.996921 -0.078232 102.276695 0.062495 0.078412 0.994960 -1.887179 0.000000 0.000000 0.000000 1.000000
0.998002 0.000504 -0.063184 0.154288 -0.005408 0.996981 -0.077460 102.270432 0.062954 0.077646 0.994991 -1.909952 0.000000 0.000000 0.000000 1.000000
0.997984 0.000609 -0.063461 0.160459 -0.005469 0.997059 -0.076445 102.263931 0.063228 0.076638 0.995052 -1.942271 0.000000 0.000000 0.000000 1.000000
0.997977 0.000664 -0.063578 0.161920 -0.005472 0.997133 -0.075473 102.260612 0.063345 0.075669 0.995119 -1.979374 0.000000 0.000000 0.000000 1.000000
0.997973 0.000719 -0.063631 0.160951 -0.005478 0.997195 -0.074644 102.259583 0.063399 0.074842 0.995178 -2.017822 0.000000 0.000000 0.000000 1.000000
0.997972 0.000720 -0.063648 0.163125 -0.005452 0.997229 -0.074196 102.258621 0.063418 0.074393 0.995210 -2.054489 0.000000 0.000000 0.000000 1.000000
0.997974 0.000688 -0.063615 0.168737 -0.005400 0.997249 -0.073932 102.258041 0.063389 0.074125 0.995232 -2.090450 0.000000 0.000000 0.000000 1.000000
0.997978 0.000779 -0.063554 0.172842 -0.005438 0.997305 -0.073170 102.256020 0.063325 0.073367 0.995292 -2.129363 0.000000 0.000000 0.000000 1.000000
0.997978 0.000911 -0.063552 0.174498 -0.005487 0.997399 -0.071867 102.252609 0.063322 0.072070 0.995388 -2.175415 0.000000 0.000000 0.000000 1.000000
0.997980 0.001038 -0.063525 0.175064 -0.005515 0.997508 -0.070336 102.248589 0.063294 0.070544 0.995499 -2.235703 0.000000 0.000000 0.000000 1.000000
0.997991 0.001249 -0.063346 0.173585 -0.005623 0.997607 -0.068913 102.245331 0.063109 0.069131 0.995609 -2.306500 0.000000 0.000000 0.000000 1.000000
0.998006 0.001420 -0.063105 0.170405 -0.005723 0.997665 -0.068061 102.245270 0.062861 0.068286 0.995683 -2.370961 0.000000 0.000000 0.000000 1.000000
0.998014 0.001449 -0.062982 0.165815 -0.005732 0.997677 -0.067875 102.249001 0.062737 0.068101 0.995704 -2.425451 0.000000 0.000000 0.000000 1.000000
0.998015 0.001463 -0.062959 0.159029 -0.005759 0.997661 -0.068108 102.253273 0.062712 0.068335 0.995689 -2.476770 0.000000 0.000000 0.000000 1.000000
0.998017 0.001541 -0.062918 0.151677 -0.005859 0.997634 -0.068498 102.255028 0.062664 0.068731 0.995665 -2.527034 0.000000 0.000000 0.000000 1.000000
0.998012 0.001591 -0.063004 0.146364 -0.005935 0.997611 -0.068821 102.254929 0.062744 0.069058 0.995638 -2.578628 0.000000 0.000000 0.000000 1.000000
0.997995 0.001619 -0.063267 0.141855 -0.005999 0.997592 -0.069101 102.255898 0.063003 0.069342 0.995602 -2.627236 0.000000 0.000000 0.000000 1.000000
0.997964 0.001702 -0.063752 0.137089 -0.006125 0.997580 -0.069251 102.260010 0.063480 0.069501 0.995560 -2.663696 0.000000 0.000000 0.000000 1.000000
0.997919 0.001843 -0.064453 0.132004 -0.006341 0.997551 -0.069656 102.265289 0.064167 0.069919 0.995487 -2.677173 0.000000 0.000000 0.000000 1.000000
0.997882 0.001890 -0.065017 0.126259 -0.006479 0.997494 -0.070451 102.268669 0.064721 0.070723 0.995394 -2.664851 0.000000 0.000000 0.000000 1.000000
0.997835 0.001788 -0.065748 0.123673 -0.006450 0.997472 -0.070764 102.272888 0.065455 0.071035 0.995324 -2.637057 0.000000 0.000000 0.000000 1.000000
0.997756 0.001737 -0.066929 0.122231 -0.006455 0.997502 -0.070336 102.276230 0.066639 0.070610 0.995276 -2.604447 0.000000 0.000000 0.000000 1.000000
0.997675 0.001827 -0.068127 0.117357 -0.006554 0.997579 -0.069231 102.277229 0.067835 0.069516 0.995272 -2.570430 0.000000 0.000000 0.000000 1.000000
0.997601 0.001905 -0.069196 0.114254 -0.006589 0.997695 -0.067532 102.277069 0.068908 0.067826 0.995315 -2.536204 0.000000 0.000000 0.000000 1.000000
0.997525 0.001910 -0.070286 0.116792 -0.006535 0.997823 -0.065625 102.275040 0.070008 0.065922 0.995366 -2.502618 0.000000 0.000000 0.000000 1.000000
0.997449 0.001752 -0.071356 0.122480 -0.006311 0.997949 -0.063705 102.271576 0.071098 0.063993 0.995414 -2.468184 0.000000 0.000000 0.000000 1.000000
0.997382 0.001479 -0.072294 0.128807 -0.005963 0.998068 -0.061844 102.269135 0.072063 0.062114 0.995464 -2.434008 0.000000 0.000000 0.000000 1.000000
0.997338 0.001462 -0.072896 0.128527 -0.005878 0.998157 -0.060406 102.267609 0.072674 0.060674 0.995509 -2.401913 0.000000 0.000000 0.000000 1.000000
0.997315 0.001816 -0.073207 0.118610 -0.006194 0.998202 -0.059626 102.265137 0.072967 0.059920 0.995533 -2.372391 0.000000 0.000000 0.000000 1.000000
0.997271 0.002050 -0.073794 0.111646 -0.006433 0.998225 -0.059214 102.263458 0.073541 0.059527 0.995514 -2.349396 0.000000 0.000000 0.000000 1.000000
0.997261 0.002269 -0.073933 0.107476 -0.006636 0.998244 -0.058869 102.261139 0.073669 0.059198 0.995524 -2.333213 0.000000 0.000000 0.000000 1.000000
0.997323 0.002877 -0.073067 0.099166 -0.007188 0.998244 -0.058807 102.253654 0.072769 0.059175 0.995592 -2.325485 0.000000 0.000000 0.000000 1.000000
0.997365 0.003456 -0.072466 0.093207 -0.007774 0.998204 -0.059395 102.245949 0.072131 0.059802 0.995601 -2.330312 0.000000 0.000000 0.000000 1.000000
0.997384 0.003768 -0.072188 0.090235 -0.008155 0.998130 -0.060575 102.241096 0.071825 0.061005 0.995550 -2.339923 0.000000 0.000000 0.000000 1.000000
0.997398 0.004020 -0.071983 0.087661 -0.008489 0.998047 -0.061888 102.236374 0.071594 0.062338 0.995484 -2.350814 0.000000 0.000000 0.000000 1.000000
0.997377 0.004204 -0.072256 0.083975 -0.008756 0.997987 -0.062806 102.233330 0.071846 0.063274 0.995407 -2.367244 0.000000 0.000000 0.000000 1.000000
0.997302 0.004146 -0.073287 0.078916 -0.008823 0.997936 -0.063603 102.233734 0.072872 0.064078 0.995281 -2.388079 0.000000 0.000000 0.000000 1.000000
0.997229 0.004034 -0.074279 0.068810 -0.008917 0.997811 -0.065527 102.236748 0.073852 0.066007 0.995082 -2.406534 0.000000 0.000000 0.000000 1.000000
0.997226 0.004081 -0.074318 0.052489 -0.009205 0.997593 -0.068731 102.238968 0.073858 0.069224 0.994863 -2.417660 0.000000 0.000000 0.000000 1.000000
0.997262 0.004090 -0.073842 0.037349 -0.009416 0.997366 -0.071922 102.241455 0.073353 0.072420 0.994673 -2.416943 0.000000 0.000000 0.000000 1.000000
0.997335 0.004101 -0.072847 0.022421 -0.009551 0.997167 -0.074615 102.245323 0.072335 0.075112 0.994548 -2.400710 0.000000 0.000000 0.000000 1.000000
0.997469 0.004380 -0.070968 0.005634 -0.009829 0.997013 -0.076609 102.247627 0.070420 0.077113 0.994532 -2.374470 0.000000 0.000000 0.000000 1.000000
0.997597 0.004672 -0.069125 -0.004782 -0.010018 0.996966 -0.077188 102.248230 0.068554 0.077695 0.994617 -2.348493 0.000000 0.000000 0.000000 1.000000
0.997650 0.004599 -0.068365 0.001240 -0.009793 0.997072 -0.075842 102.247948 0.067816 0.076333 0.994773 -2.331559 0.000000 0.000000 0.000000 1.000000
0.997634 0.004553 -0.068591 0.016004 -0.009621 0.997231 -0.073744 102.243401 0.068065 0.074229 0.994916 -2.337170 0.000000 0.000000 0.000000 1.000000
0.997597 0.004693 -0.069118 0.027435 -0.009694 0.997343 -0.072195 102.234283 0.068595 0.072691 0.994993 -2.366251 0.000000 0.000000 0.000000 1.000000
0.997571 0.004728 -0.069490 0.033908 -0.009684 0.997418 -0.071152 102.225052 0.068974 0.071652 0.995042 -2.404003 0.000000 0.000000 0.000000 1.000000
0.997564 0.004772 -0.069595 0.039135 -0.009704 0.997450 -0.070713 102.220955 0.069080 0.071216 0.995066 -2.442667 0.000000 0.000000 0.000000 1.000000
0.997556 0.004852 -0.069704 0.045767 -0.009814 0.997427 -0.071015 102.220718 0.069181 0.071525 0.995037 -2.484715 0.000000 0.000000 0.000000 1.000000
0.997531 0.004729 -0.070075 0.051792 -0.009760 0.997383 -0.071633 102.221283 0.069553 0.072140 0.994966 -2.532659 0.000000 0.000000 0.000000 1.000000
0.997511 0.004406 -0.070375 0.054355 -0.009504 0.997341 -0.072259 102.224030 0.069869 0.072748 0.994900 -2.584159 0.000000 0.000000 0.000000 1.000000
0.997510 0.004144 -0.070407 0.053906 -0.009293 0.997292 -0.072961 102.228424 0.069914 0.073433 0.994846 -2.636996 0.000000 0.000000 0.000000 1.000000
0.997482 0.003938 -0.070804 0.055231 -0.009172 0.997235 -0.073748 102.229645 0.070318 0.074212 0.994760 -2.692769 0.000000 0.000000 0.000000 1.000000
0.997460 0.003816 -0.071133 0.057277 -0.009125 0.997182 -0.074467 102.227791 0.070648 0.074927 0.994683 -2.749574 0.000000 0.000000 0.000000 1.000000
0.997476 0.003907 -0.070902 0.057320 -0.009256 0.997120 -0.075270 102.222839 0.070404 0.075736 0.994639 -2.804031 0.000000 0.000000 0.000000 1.000000
0.997517 0.004185 -0.070308 0.056913 -0.009546 0.997056 -0.076086 102.215210 0.069782 0.076568 0.994619 -2.856103 0.000000 0.000000 0.000000 1.000000
0.997563 0.004503 -0.069628 0.057150 -0.009814 0.997050 -0.076126 102.208534 0.069080 0.076624 0.994664 -2.908751 0.000000 0.000000 0.000000 1.000000
0.997589 0.004776 -0.069241 0.056439 -0.009991 0.997121 -0.075165 102.204361 0.068682 0.075676 0.994764 -2.962688 0.000000 0.000000 0.000000 1.000000
0.997602 0.005011 -0.069035 0.053749 -0.010158 0.997176 -0.074411 102.202415 0.068467 0.074933 0.994835 -3.006203 0.000000 0.000000 0.000000 1.000000
0.997647 0.005241 -0.068355 0.049660 -0.010344 0.997166 -0.074519 102.202415 0.067771 0.075051 0.994874 -3.028129 0.000000 0.000000 0.000000 1.000000
0.997718 0.005457 -0.067299 0.041538 -0.010497 0.997145 -0.074772 102.202560 0.066699 0.075307 0.994927 -3.037125 0.000000 0.000000 0.000000 1.000000
0.997784 0.005636 -0.066290 0.028650 -0.010594 0.997152 -0.074670 102.202019 0.065681 0.075207 0.995003 -3.048064 0.000000 0.000000 0.000000 1.000000
0.997850 0.005784 -0.065282 0.018069 -0.010635 0.997186 -0.074208 102.202568 0.064669 0.074743 0.995104 -3.064494 0.000000 0.000000 0.000000 1.000000
0.997900 0.005944 -0.064495 0.012224 -0.010710 0.997216 -0.073801 102.204857 0.063877 0.074336 0.995185 -3.079354 0.000000 0.000000 0.000000 1.000000
0.997926 0.006022 -0.064087 0.006233 -0.010774 0.997195 -0.074066 102.207466 0.063461 0.074603 0.995192 -3.079291 0.000000 0.000000 0.000000 1.000000
0.997925 0.006033 -0.064098 -0.002150 -0.010834 0.997138 -0.074818 102.207756 0.063463 0.075358 0.995135 -3.060904 0.000000 0.000000 0.000000 1.000000
0.997916 0.006057 -0.064239 -0.007026 -0.010899 0.997102 -0.075296 102.209190 0.063597 0.075839 0.995090 -3.034658 0.000000 0.000000 0.000000 1.000000
0.997922 0.005964 -0.064162 -0.005651 -0.010791 0.997114 -0.075146 102.213852 0.063528 0.075682 0.995106 -3.003307 0.000000 0.000000 0.000000 1.000000
0.997938 0.005957 -0.063906 -0.004753 -0.010743 0.997140 -0.074807 102.216904 0.063278 0.075339 0.995148 -2.957655 0.000000 0.000000 0.000000 1.000000
0.997954 0.006074 -0.063646 -0.004330 -0.010824 0.997158 -0.074560 102.218323 0.063012 0.075097 0.995183 -2.895768 0.000000 0.000000 0.000000 1.000000
0.997965 0.005982 -0.063479 -0.000256 -0.010696 0.997187 -0.074187 102.222153 0.062857 0.074715 0.995222 -2.819592 0.000000 0.000000 0.000000 1.000000
0.997972 0.005688 -0.063399 0.008437 -0.010357 0.997236 -0.073573 102.229942 0.062806 0.074080 0.995273 -2.723281 0.000000 0.000000 0.000000 1.000000
0.997982 0.005414 -0.063262 0.019765 -0.010025 0.997296 -0.072808 102.237076 0.062697 0.073295 0.995338 -2.606698 0.000000 0.000000 0.000000 1.000000
0.997995 0.005113 -0.063090 0.036476 -0.009649 0.997372 -0.071808 102.241768 0.062557 0.072273 0.995421 -2.485644 0.000000 0.000000 0.000000 1.000000
0.997993 0.004733 -0.063146 0.057511 -0.009208 0.997450 -0.070769 102.244431 0.062650 0.071208 0.995492 -2.369646 0.000000 0.000000 0.000000 1.000000
0.997983 0.004285 -0.063337 0.077465 -0.008719 0.997516 -0.069893 102.245552 0.062881 0.070305 0.995542 -2.259543 0.000000 0.000000 0.000000 1.000000
0.997972 0.003830 -0.063535 0.099318 -0.008218 0.997587 -0.068943 102.248932 0.063118 0.069325 0.995595 -2.155385 0.000000 0.000000 0.000000 1.000000
0.997953 0.003484 -0.063860 0.120977 -0.007823 0.997667 -0.067823 102.251732 0.063475 0.068183 0.995652 -2.057468 0.000000 0.000000 0.000000 1.000000
0.997924 0.003133 -0.064327 0.136992 -0.007437 0.997739 -0.066788 102.250656 0.063972 0.067128 0.995691 -1.969642 0.000000 0.000000 0.000000 1.000000</float_array>
        <technique_common>
          <accessor source="#mixamorig_Hips-Matrix-animation-output-transform-array" count="99" stride="16">
            <param type="float4x4"/>
          </accessor>
        </technique_common>
      </source>
      <source id="mixamorig_Hips-Interpolations">
        <Name_array id="mixamorig_Hips-Interpolations-array" count="99">
 LINEAR LINEAR LINEAR LINEAR LINEAR LINEAR LINEAR LINEAR LINEAR LINEAR LINEAR
LINEAR LINEAR LINEAR LINEAR LINEAR LINEAR LINEAR LINEAR LINEAR LINEAR LINEAR LINEAR
LINEAR LINEAR LINEAR LINEAR LINEAR LINEAR LINEAR LINEAR LINEAR LINEAR LINEAR LINEAR
LINEAR LINEAR LINEAR LINEAR LINEAR LINEAR LINEAR LINEAR LINEAR LINEAR LINEAR LINEAR
LINEAR LINEAR LINEAR LINEAR LINEAR LINEAR LINEAR LINEAR LINEAR LINEAR LINEAR LINEAR
LINEAR LINEAR LINEAR LINEAR LINEAR LINEAR LINEAR LINEAR LINEAR LINEAR LINEAR LINEAR
LINEAR LINEAR LINEAR LINEAR LINEAR LINEAR LINEAR LINEAR LINEAR LINEAR LINEAR LINEAR
LINEAR LINEAR LINEAR LINEAR LINEAR LINEAR LINEAR LINEAR LINEAR LINEAR LINEAR LINEAR
LINEAR LINEAR LINEAR LINEAR</Name_array>
        <technique_common>
          <accessor source="#mixamorig_Hips-Interpolations-array" count="99">
            <param type="name"/>
          </accessor>
        </technique_common>
      </source>
      <sampler id="mixamorig_Hips-Matrix-animation-transform">
        <input semantic="INPUT" source="#mixamorig_Hips-Matrix-animation-input"/>
        <input semantic="OUTPUT" source="#mixamorig_Hips-Matrix-animation-output-transform"/>
        <input semantic="INTERPOLATION" source="#mixamorig_Hips-Interpolations"/>
      </sampler>
      <channel source="#mixamorig_Hips-Matrix-animation-transform" target="mixamorig_Hips/matrix"/>
    </animation>
    <animation id="mixamorig_Spine-anim" name="mixamorig_Spine">
      <source id="mixamorig_Spine-Matrix-animation-input">
        <float_array id="mixamorig_Spine-Matrix-animation-input-array" count="99">

0.000000 0.033333 0.066667 0.100000 0.133333 0.166667 0.200000 0.233333 0.266667 0.300000 0.333333 0.366667 0.400000 0.433333 0.466667 0.500000
0.533333 0.566667 0.600000 0.633333 0.666667 0.700000 0.733333 0.766667 0.800000 0.833333 0.866667 0.900000 0.933333 0.966667 1.000000 1.033333
1.066667 1.100000 1.133333 1.166667 1.200000 1.233333 1.266667 1.300000 1.333333 1.366667 1.400000 1.433333 1.466667 1.500000 1.533333 1.566667
1.600000 1.633333 1.666667 1.700000 1.733333 1.766667 1.800000 1.833333 1.866667 1.900000 1.933333 1.966667 2.000000 2.033333 2.066667 2.100000
2.133333 2.166667 2.200000 2.233333 2.266667 2.300000 2.333333 2.366667 2.400000 2.433333 2.466667 2.500000 2.533333 2.566667 2.600000 2.633333
2.666667 2.700000 2.733333 2.766667 2.800000 2.833333 2.866667 2.900000 2.933333 2.966667 3.000000 3.033333 3.066667 3.100000 3.133333 3.166667
3.200000 3.233333 3.266667</float_array>
        <technique_common>
          <accessor source="#mixamorig_Spine-Matrix-animation-input-array" count="99">
            <param name="TIME" type="float"/>
          </accessor>
        </technique_common>
      </source>
      <source id="mixamorig_Spine-Matrix-animation-output-transform">
        <float_array id="mixamorig_Spine-Matrix-animation-output-transform-array" count="1584">

0.999985 0.000150 0.005539 0.000000 -0.000028 0.999755 -0.022131 12.246100 -0.005541 0.022131 0.999740 0.234600 0.000000 0.000000 0.000000 1.000000
0.999984 0.000190 0.005591 0.000000 -0.000070 0.999771 -0.021395 12.246100 -0.005594 0.021394 0.999755 0.234600 0.000000 0.000000 0.000000 1.000000
0.999984 0.000071 0.005653 0.000000 0.000040 0.999809 -0.019547 12.246100 -0.005653 0.019547 0.999793 0.234600 0.000000 0.000000 0.000000 1.000000
0.999983 -0.000186 0.005752 -0.000000 0.000282 0.999862 -0.016635 12.246100 -0.005748 0.016637 0.999845 0.234600 0.000000 0.000000 0.000000 1.000000
0.999982 -0.000558 0.005932 0.000000 0.000634 0.999919 -0.012750 12.246100 -0.005925 0.012753 0.999901 0.234600 0.000000 0.000000 0.000000 1.000000
0.999981 -0.001056 0.006115 0.000000 0.001104 0.999967 -0.007987 12.246100 -0.006107 0.007994 0.999949 0.234600 0.000000 0.000000 0.000000 1.000000
0.999979 -0.001659 0.006274 0.000000 0.001675 0.999995 -0.002531 12.246100 -0.006270 0.002542 0.999977 0.234600 0.000000 0.000000 0.000000 1.000000
0.999977 -0.002313 0.006440 -0.000000 0.002291 0.999992 0.003341 12.246100 -0.006447 -0.003326 0.999974 0.234600 0.000000 0.000000 0.000000 1.000000
0.999974 -0.003040 0.006555 0.000000 0.002978 0.999950 0.009521 12.246100 -0.006583 -0.009501 0.999933 0.234600 0.000000 0.000000 0.000000 1.000000
0.999972 -0.003870 0.006473 0.000000 0.003766 0.999864 0.016041 12.246100 -0.006534 -0.016016 0.999850 0.234600 0.000000 0.000000 0.000000 1.000000
0.999970 -0.004681 0.006197 0.000000 0.004539 0.999729 0.022819 12.246100 -0.006303 -0.022790 0.999720 0.234600 0.000000 0.000000 0.000000 1.000000
0.999968 -0.005376 0.005946 0.000000 0.005198 0.999548 0.029620 12.246100 -0.006103 -0.029588 0.999544 0.234600 0.000000 0.000000 0.000000 1.000000
0.999965 -0.005981 0.005885 -0.000000 0.005764 0.999327 0.036235 12.246100 -0.006098 -0.036199 0.999326 0.234600 0.000000 0.000000 0.000000 1.000000
0.999960 -0.006544 0.006018 -0.000000 0.006282 0.999075 0.042536 12.246100 -0.006291 -0.042496 0.999077 0.234600 0.000000 0.000000 0.000000 1.000000
0.999956 -0.007071 0.006193 0.000000 0.006762 0.998798 0.048546 12.246100 -0.006529 -0.048502 0.998802 0.234600 0.000000 0.000000 0.000000 1.000000
0.999951 -0.007537 0.006395 0.000000 0.007179 0.998505 0.054186 12.246100 -0.006794 -0.054138 0.998510 0.234600 0.000000 0.000000 0.000000 1.000000
