<?xml version="1.0" encoding="utf-8"?>
<COLLADA xmlns="http://www.collada.org/2005/11/COLLADASchema" version="1.4.1">
  <asset>
    <contributor>
      <author>Mixamo</author>
      <authoring_tool>COLLADA Mixamo exporter</authoring_tool>
      <comments/>
    </contributor>
    <created>2024-04-05T10:42:32Z</created>
    <modified>2024-04-05T10:42:32Z</modified>
    <revision/>
    <title/>
    <unit meter="0.010000"/>
    <up_axis>Y_UP</up_axis>
  </asset>
  <library_animations>
    <animation id="Armature-anim" name="Armature">
      <source id="Armature-Matrix-animation-input">
        <float_array id="Armature-Matrix-animation-input-array" count="22">

0.000000 0.033333 0.066667 0.100000 0.133333 0.166667 0.200000 0.233333 0.266667 0.300000 0.333333 0.366667 0.400000 0.433333 0.466667 0.500000
0.533333 0.566667 0.600000 0.633333 0.666667 0.700000</float_array>
        <technique_common>
          <accessor source="#Armature-Matrix-animation-input-array" count="22">
            <param name="TIME" type="float"/>
          </accessor>
        </technique_common>
      </source>
      <source id="Armature-Matrix-animation-output-transform">
        <float_array id="Armature-Matrix-animation-output-transform-array" count="352">

1.000000 0.000000 0.000000 0.000000 0.000000 1.000000 0.000000 0.000000 0.000000 0.000000 1.000000 0.000000 0.000000 0.000000 0.000000 1.000000
1.000000 0.000000 0.000000 0.000000 0.000000 1.000000 0.000000 0.000000 0.000000 0.000000 1.000000 0.000000 0.000000 0.000000 0.000000 1.000000
1.000000 0.000000 0.000000 0.000000 0.000000 1.000000 0.000000 0.000000 0.000000 0.000000 1.000000 0.000000 0.000000 0.000000 0.000000 1.000000
1.000000 0.000000 0.000000 0.000000 0.000000 1.000000 0.000000 0.000000 0.000000 0.000000 1.000000 0.000000 0.000000 0.000000 0.000000 1.000000
1.000000 0.000000 0.000000 0.000000 0.000000 1.000000 0.000000 0.000000 0.000000 0.000000 1.000000 0.000000 0.000000 0.000000 0.000000 1.000000
1.000000 0.000000 0.000000 0.000000 0.000000 1.000000 0.000000 0.000000 0.000000 0.000000 1.000000 0.000000 0.000000 0.000000 0.000000 1.000000
1.000000 0.000000 0.000000 0.000000 0.000000 1.000000 0.000000 0.000000 0.000000 0.000000 1.000000 0.000000 0.000000 0.000000 0.000000 1.000000
1.000000 0.000000 0.000000 0.000000 0.000000 1.000000 0.000000 0.000000 0.000000 0.000000 1.000000 0.000000 0.000000 0.000000 0.000000 1.000000
1.000000 0.000000 0.000000 0.000000 0.000000 1.000000 0.000000 0.000000 0.000000 0.000000 1.000000 0.000000 0.000000 0.000000 0.000000 1.000000
1.000000 0.000000 0.000000 0.000000 0.000000 1.000000 0.000000 0.000000 0.000000 0.000000 1.000000 0.000000 0.000000 0.000000 0.000000 1.000000
1.000000 0.000000 0.000000 0.000000 0.000000 1.000000 0.000000 0.000000 0.000000 0.000000 1.000000 0.000000 0.000000 0.000000 0.000000 1.000000
1.000000 0.000000 0.000000 0.000000 0.000000 1.000000 0.000000 0.000000 0.000000 0.000000 1.000000 0.000000 0.000000 0.000000 0.000000 1.000000
1.000000 0.000000 0.000000 0.000000 0.000000 1.000000 0.000000 0.000000 0.000000 0.000000 1.000000 0.000000 0.000000 0.000000 0.000000 1.000000
1.000000 0.000000 0.000000 0.000000 0.000000 1.000000 0.000000 0.000000 0.000000 0.000000 1.000000 0.000000 0.000000 0.000000 0.000000 1.000000
1.000000 0.000000 0.000000 0.000000 0.000000 1.000000 0.000000 0.000000 0.000000 0.000000 1.000000 0.000000 0.000000 0.000000 0.000000 1.000000
1.000000 0.000000 0.000000 0.000000 0.000000 1.000000 0.000000 0.000000 0.000000 0.000000 1.000000 0.000000 0.000000 0.000000 0.000000 1.000000
1.000000 0.000000 0.000000 0.000000 0.000000 1.000000 0.000000 0.000000 0.000000 0.000000 1.000000 0.000000 0.000000 0.000000 0.000000 1.000000
1.000000 0.000000 0.000000 0.000000 0.000000 1.000000 0.000000 0.000000 0.000000 0.000000 1.000000 0.000000 0.000000 0.000000 0.000000 1.000000
1.000000 0.000000 0.000000 0.000000 0.000000 1.000000 0.000000 0.000000 0.000000 0.000000 1.000000 0.000000 0.000000 0.000000 0.000000 1.000000
1.000000 0.000000 0.000000 0.000000 0.000000 1.000000 0.000000 0.000000 0.000000 0.000000 1.000000 0.000000 0.000000 0.000000 0.000000 1.000000
1.000000 0.000000 0.000000 0.000000 0.000000 1.000000 0.000000 0.000000 0.000000 0.000000 1.000000 0.000000 0.000000 0.000000 0.000000 1.000000
1.000000 0.000000 0.000000 0.000000 0.000000 1.000000 0.000000 0.000000 0.000000 0.000000 1.000000 0.000000 0.000000 0.000000 0.000000 1.000000</float_array>
        <technique_common>
          <accessor source="#Armature-Matrix-animation-output-transform-array" count="22" stride="16">
            <param type="float4x4"/>
          </accessor>
        </technique_common>
      </source>
      <source id="Armature-Interpolations">
        <Name_array id="Armature-Interpolations-array" count="22">
 LINEAR LINEAR LINEAR LINEAR LINEAR LINEAR LINEAR LINEAR LINEAR LINEAR LINEAR
LINEAR LINEAR LINEAR LINEAR LINEAR LINEAR LINEAR LINEAR LINEAR LINEAR LINEAR</Name_array>
        <technique_common>
          <accessor source="#Armature-Interpolations-array" count="22">
            <param type="name"/>
          </accessor>
        </technique_common>
      </source>
      <sampler id="Armature-Matrix-animation-transform">
        <input semantic="INPUT" source="#Armature-Matrix-animation-input"/>
        <input semantic="OUTPUT" source="#Armature-Matrix-animation-output-transform"/>
        <input semantic="INTERPOLATION" source="#Armature-Interpolations"/>
      </sampler>
      <channel source="#Armature-Matrix-animation-transform" target="Armature/matrix"/>
    </animation>
    <animation id="mixamorig_Hips-anim" name="mixamorig_Hips">
      <source id="mixamorig_Hips-Matrix-animation-input">
        <float_array id="mixamorig_Hips-Matrix-animation-input-array" count="22">

0.000000 0.033333 0.066667 0.100000 0.133333 0.166667 0.200000 0.233333 0.266667 0.300000 0.333333 0.366667 0.400000 0.433333 0.466667 0.500000
0.533333 0.566667 0.600000 0.633333 0.666667 0.700000</float_array>
        <technique_common>
          <accessor source="#mixamorig_Hips-Matrix-animation-input-array" count="22">
            <param name="TIME" type="float"/>
          </accessor>
        </technique_common>
      </source>
      <source id="mixamorig_Hips-Matrix-animation-output-transform">
        <float_array id="mixamorig_Hips-Matrix-animation-output-transform-array" count="352">

0.993646 -0.014595 0.111604 0.272915 0.069791 0.857823 -0.509185 93.200615 -0.088305 0.513739 0.853390 -0.281762 0.000000 0.000000 0.000000 1.000000
0.988417 -0.099352 0.114723 -0.158853 0.140148 0.887583 -0.438812 95.483192 -0.058229 0.449807 0.891226 -2.143542 0.000000 0.000000 0.000000 1.000000
0.971891 -0.210840 0.104755 -1.104312 0.234375 0.908556 -0.345824 101.027473 -0.022262 0.360656 0.932433 -2.290711 0.000000 0.000000 0.000000 1.000000
0.951379 -0.296369 0.083922 -2.217170 0.308021 0.914794 -0.261295 108.023979 0.000669 0.274440 0.961604 -1.755620 0.000000 0.000000 0.000000 1.000000
0.942669 -0.327817 0.062538 -3.160275 0.333456 0.917645 -0.216182 115.158646 0.013480 0.224642 0.974348 -2.012340 0.000000 0.000000 0.000000 1.000000
0.950285 -0.307800 0.047102 -3.878585 0.310473 0.925049 -0.218838 122.797508 0.023787 0.222582 0.974624 -2.741927 0.000000 0.000000 0.000000 1.000000
0.962328 -0.265811 0.057176 -4.697392 0.271598 0.930039 -0.247510 129.932281 0.012615 0.253715 0.967197 -3.772617 0.000000 0.000000 0.000000 1.000000
0.971462 -0.206839 0.116098 -5.544211 0.231715 0.932167 -0.278159 135.368057 -0.050689 0.297123 0.953493 -5.196881 0.000000 0.000000 0.000000 1.000000
0.969944 -0.135862 0.201865 -6.249760 0.195967 0.927936 -0.317068 140.283264 -0.144241 0.347097 0.926671 -6.805577 0.000000 0.000000 0.000000 1.000000
0.960703 -0.060044 0.271007 -6.615858 0.165413 0.907874 -0.385232 143.647964 -0.222910 0.414922 0.882129 -7.876343 0.000000 0.000000 0.000000 1.000000
0.954573 0.018248 0.297419 -6.423479 0.120578 0.889098 -0.441549 145.588699 -0.272492 0.457353 0.846508 -8.904635 0.000000 0.000000 0.000000 1.000000
0.948316 0.079161 0.307296 -5.893596 0.081846 0.874605 -0.477878 146.023880 -0.306592 0.478330 0.822923 -9.616461 0.000000 0.000000 0.000000 1.000000
0.945892 0.103774 0.307439 -5.373213 0.062497 0.871473 -0.486444 144.789886 -0.318406 0.479338 0.817834 -9.689616 0.000000 0.000000 0.000000 1.000000
0.948509 0.085686 0.304941 -4.980617 0.061609 0.894423 -0.442958 142.182297 -0.310702 0.438937 0.843089 -10.451121 0.000000 0.000000 0.000000 1.000000
0.953042 0.052412 0.298268 -4.592343 0.066504 0.924646 -0.374977 138.054062 -0.295446 0.377205 0.877740 -10.794018 0.000000 0.000000 0.000000 1.000000
0.960980 0.011790 0.276367 -4.195413 0.083040 0.940715 -0.328878 132.630402 -0.263860 0.338994 0.903029 -10.159263 0.000000 0.000000 0.000000 1.000000
0.969442 -0.028558 0.243654 -3.671716 0.107428 0.942327 -0.316984 126.241936 -0.220549 0.333473 0.916599 -8.821089 0.000000 0.000000 0.000000 1.000000
0.975964 -0.067863 0.207098 -3.014272 0.132872 0.938521 -0.318629 119.254341 -0.172743 0.338487 0.924979 -6.907611 0.000000 0.000000 0.000000 1.000000
0.981376 -0.090500 0.169442 -2.275185 0.150745 0.909552 -0.387286 111.931381 -0.119066 0.405616 0.906256 -4.195121 0.000000 0.000000 0.000000 1.000000
0.985697 -0.093033 0.140522 -1.453385 0.145770 0.889102 -0.433877 104.365852 -0.084574 0.448155 0.889946 -2.409012 0.000000 0.000000 0.000000 1.000000
0.991765 -0.049164 0.118261 -0.446464 0.100341 0.872101 -0.478927 97.900543 -0.079589 0.486850 0.869852 -1.096168 0.000000 0.000000 0.000000 1.000000
0.993223 -0.025233 0.113453 0.035094 0.079056 0.862213 -0.500338 94.617470 -0.085195 0.505916 0.858365 -0.504464 0.000000 0.000000 0.000000 1.000000</float_array>
        <technique_common>
          <accessor source="#mixamorig_Hips-Matrix-animation-output-transform-array" count="22" stride="16">
            <param type="float4x4"/>
          </accessor>
        </technique_common>
      </source>
      <source id="mixamorig_Hips-Interpolations">
        <Name_array id="mixamorig_Hips-Interpolations-array" count="22">
 LINEAR LINEAR LINEAR LINEAR LINEAR LINEAR LINEAR LINEAR LINEAR LINEAR LINEAR
LINEAR LINEAR LINEAR LINEAR LINEAR LINEAR LINEAR LINEAR LINEAR LINEAR LINEAR</Name_array>
        <technique_common>
          <accessor source="#mixamorig_Hips-Interpolations-array" count="22">
            <param type="name"/>
          </accessor>
        </technique_common>
      </source>
      <sampler id="mixamorig_Hips-Matrix-animation-transform">
        <input semantic="INPUT" source="#mixamorig_Hips-Matrix-animation-input"/>
        <input semantic="OUTPUT" source="#mixamorig_Hips-Matrix-animation-output-transform"/>
        <input semantic="INTERPOLATION" source="#mixamorig_Hips-Interpolations"/>
      </sampler>
      <channel source="#mixamorig_Hips-Matrix-animation-transform" target="mixamorig_Hips/matrix"/>
    </animation>
    <animation id="mixamorig_Spine-anim" name="mixamorig_Spine">
      <source id="mixamorig_Spine-Matrix-animation-input">
        <float_array id="mixamorig_Spine-Matrix-animation-input-array" count="22">

0.000000 0.033333 0.066667 0.100000 0.133333 0.166667 0.200000 0.233333 0.266667 0.300000 0.333333 0.366667 0.400000 0.433333 0.466667 0.500000
0.533333 0.566667 0.600000 0.633333 0.666667 0.700000</float_array>
        <technique_common>
          <accessor source="#mixamorig_Spine-Matrix-animation-input-array" count="22">
            <param name="TIME" type="float"/>
          </accessor>
        </technique_common>
      </source>
      <source id="mixamorig_Spine-Matrix-animation-output-transform">
        <float_array id="mixamorig_Spine-Matrix-animation-output-transform-array" count="352">

0.996258 -0.063747 0.058366 -0.000000 0.077374 0.958735 -0.273570 12.246100 -0.038518 0.277062 0.960080 0.234600 0.000000 0.000000 0.000000 1.000000
0.996249 -0.013718 0.085440 0.000000 0.035524 0.965157 -0.259248 12.246100 -0.078907 0.261310 0.962024 0.234600 0.000000 0.000000 0.000000 1.000000
0.994386 0.071190 0.078285 -0.000000 -0.051565 0.972062 -0.228989 12.246100 -0.092399 0.223666 0.970276 0.234600 0.000000 0.000000 0.000000 1.000000
0.990560 0.134353 0.027201 0.000000 -0.127232 0.974973 -0.182316 12.246100 -0.051015 0.177134 0.982864 0.234600 0.000000 0.000000 0.000000 1.000000
0.983551 0.179297 0.021925 -0.000000 -0.174263 0.973803 -0.146081 12.246100 -0.047542 0.139857 0.989030 0.234600 0.000000 0.000000 0.000000 1.000000
0.982843 0.180022 0.040145 0.000000 -0.172618 0.974456 -0.143661 12.246100 -0.064982 0.134266 0.988812 0.234600 0.000000 0.000000 0.000000 1.000000
0.987398 0.155733 0.028137 -0.000000 -0.149118 0.975107 -0.164102 12.246100 -0.052992 0.157839 0.986042 0.234600 0.000000 0.000000 0.000000 1.000000
0.992571 0.120799 -0.014532 0.000000 -0.121246 0.972075 -0.200920 12.246100 -0.010145 0.201190 0.979500 0.234600 0.000000 0.000000 0.000000 1.000000
0.995305 0.076899 -0.058776 0.000000 -0.088557 0.968589 -0.232365 12.246100 0.039061 0.236479 0.970851 0.234600 0.000000 0.000000 0.000000 1.000000
0.996434 0.026308 -0.080173 0.000000 -0.046416 0.964374 -0.260439 12.246100 0.070466 0.263231 0.962156 0.234600 0.000000 0.000000 0.000000 1.000000
0.995103 -0.029376 -0.094372 0.000000 0.000951 0.957612 -0.288060 12.246100 0.098834 0.286559 0.952951 0.234600 0.000000 0.000000 0.000000 1.000000
0.991316 -0.078204 -0.105720 -0.000000 0.041106 0.947944 -0.315772 12.246100 0.124911 0.308685 0.942927 0.234600 0.000000 0.000000 0.000000 1.000000
0.988678 -0.094003 -0.116961 0.000000 0.049315 0.939710 -0.338398 12.246100 0.141720 0.328798 0.933706 0.234600 0.000000 0.000000 0.000000 1.000000
0.988869 -0.078639 -0.126310 -0.000000 0.029333 0.935292 -0.352659 12.246100 0.145869 0.345028 0.927188 0.234600 0.000000 0.000000 0.000000 1.000000
0.989758 -0.048351 -0.134314 0.000000 -0.001976 0.936162 -0.351563 12.246100 0.142738 0.348228 0.926479 0.234600 0.000000 0.000000 0.000000 1.000000
0.989681 -0.002315 -0.143271 0.000000 -0.046158 0.941419 -0.334065 12.246100 0.135652 0.337230 0.931598 0.234600 0.000000 0.000000 0.000000 1.000000
0.988251 0.040562 -0.147356 0.000000 -0.084678 0.947947 -0.306964 12.246100 0.127235 0.315835 0.940244 0.234600 0.000000 0.000000 0.000000 1.000000
0.986652 0.066787 -0.148516 0.000000 -0.104394 0.959378 -0.262098 12.246100 0.124978 0.274103 0.953545 0.234600 0.000000 0.000000 0.000000 1.000000
0.986747 0.081099 -0.140549 -0.000000 -0.109477 0.972043 -0.207717 12.246100 0.119774 0.220351 0.968039 0.234600 0.000000 0.000000 0.000000 1.000000
0.991819 0.061277 -0.111986 0.000000 -0.081156 0.979827 -0.182625 12.246100 0.098536 0.190219 0.976784 0.234600 0.000000 0.000000 0.000000 1.000000
0.998441 0.008346 -0.055199 0.000000 -0.020510 0.974453 -0.223654 12.246100 0.051922 0.224438 0.973104 0.234600 0.000000 0.000000 0.000000 1.000000
0.999048 -0.039250 0.019045 -0.000000 0.042855 0.964670 -0.259952 12.246100 -0.008169 0.260521 0.965434 0.234600 0.000000 0.000000 0.000000 1.000000</float_array>
        <technique_common>
          <accessor source="#mixamorig_Spine-Matrix-animation-output-transform-array" count="22" stride="16">
            <param type="float4x4"/>
          </accessor>
        </technique_common>
      </source>
      <source id="mixamorig_Spine-Interpolations">
        <Name_array id="mixamorig_Spine-Interpolations-array" count="22">
 LINEAR LINEAR LINEAR LINEAR LINEAR LINEAR LINEAR LINEAR LINEAR LINEAR LINEAR
LINEAR LINEAR LINEAR LINEAR LINEAR LINEAR LINEAR LINEAR LINEAR LINEAR LINEAR</Name_array>
        <technique_common>
          <accessor source="#mixamorig_Spine-Interpolations-array" count="22">
            <param type="name"/>
          </accessor>
        </technique_common>
      </source>
      <sampler id="mixamorig_Spine-Matrix-animation-transform">
        <input semantic="INPUT" source="#mixamorig_Spine-Matrix-animation-input"/>
        <input semantic="OUTPUT" source="#mixamorig_Spine-Matrix-animation-output-transform"/>
        <input semantic="INTERPOLATION" source="#mixamorig_Spine-Interpolations"/>
      </sampler>
      <channel source="#mixamorig_Spine-Matrix-animation-transform" target="mixamorig_Spine/matrix"/>
    </animation>
    <animation id="mixamorig_Spine1-anim" name="mixamorig_Spine1">
      <source id="mixamorig_Spine1-Matrix-animation-input">
        <float_array id="mixamorig_Spine1-Matrix-animation-input-array" count="22">

0.000000 0.033333 0.066667 0.100000 0.133333 0.166667 0.200000 0.233333 0.266667 0.300000 0.333333 0.366667 0.400000 0.433333 0.466667 0.500000
0.533333 0.566667 0.600000 0.633333 0.666667 0.700000</float_array>
        <technique_common>
          <accessor source="#mixamorig_Spine1-Matrix-animation-input-array" count="22">
            <param name="TIME" type="float"/>
          </accessor>
        </technique_common>
      </source>
      <source id="mixamorig_Spine1-Matrix-animation-output-transform">
        <float_array id="mixamorig_Spine1-Matrix-animation-output-transform-array" count="352">

0.999001 -0.033593 0.029471 0.000000 0.038613 0.980859 -0.190851 14.289700 -0.022496 0.191799 0.981176 0.000000 0.000000 0.000000 0.000000 1.000000
0.998451 -0.006719 0.055233 -0.000000 0.016561 0.983578 -0.179724 14.289700 -0.053118 0.180360 0.982165 0.000000 0.000000 0.000000 0.000000 1.000000
0.997485 0.035490 0.061355 0.000000 -0.025747 0.987913 -0.152854 14.289700 -0.066039 0.150890 0.986342 0.000000 0.000000 0.000000 0.000000 1.000000
0.996562 0.073042 0.039092 0.000000 -0.067907 0.990500 -0.119578 14.289700 -0.047455 0.116512 0.992055 0.000000 0.000000 0.000000 0.000000 1.000000
0.995118 0.090866 0.038524 -0.000000 -0.087012 0.991942 -0.092082 14.289700 -0.046581 0.088280 0.995006 0.000000 0.000000 0.000000 0.000000 1.000000
0.994586 0.090242 0.051533 0.000000 -0.085626 0.992637 -0.085675 14.289700 -0.058885 0.080798 0.994990 -0.000000 0.000000 0.000000 0.000000 1.000000
0.995484 0.084299 0.043648 0.000000 -0.079605 0.991802 -0.099964 14.289700 -0.051717 0.096038 0.994033 0.000000 0.000000 0.000000 0.000000 1.000000
0.997747 0.066005 0.012035 0.000000 -0.063864 0.989299 -0.131182 14.289700 -0.020565 0.130118 0.991285 0.000000 0.000000 0.000000 0.000000 1.000000
0.998855 0.040041 -0.026185 0.000000 -0.043671 0.986594 -0.157244 14.289700 0.019538 0.158207 0.987213 -0.000000 0.000000 0.000000 0.000000 1.000000
0.998937 0.005552 -0.045750 0.000000 -0.013548 0.984230 -0.176374 14.289700 0.044050 0.176806 0.983259 -0.000000 0.000000 0.000000 0.000000 1.000000
0.998219 -0.031477 -0.050681 -0.000000 0.021105 0.980870 -0.193515 14.289700 0.055803 0.192101 0.979787 0.000000 0.000000 0.000000 0.000000 1.000000
0.996966 -0.056894 -0.053118 -0.000000 0.044471 0.976438 -0.211164 14.289700 0.063880 0.208161 0.976006 0.000000 0.000000 0.000000 0.000000 1.000000
0.996234 -0.066921 -0.055129 0.000000 0.052856 0.972766 -0.225682 14.289700 0.068730 0.221918 0.972640 0.000000 0.000000 0.000000 0.000000 1.000000
0.996994 -0.051157 -0.058184 0.000000 0.036060 0.971102 -0.235926 14.289700 0.068572 0.233118 0.970028 0.000000 0.000000 0.000000 0.000000 1.000000
0.997847 -0.023893 -0.061076 0.000000 0.008846 0.971799 -0.235645 14.289700 0.064984 0.234597 0.969918 0.000000 0.000000 0.000000 0.000000 1.000000
0.997966 -0.002078 -0.063710 0.000000 -0.012138 0.974985 -0.221937 14.289700 0.062577 0.222259 0.972977 -0.000000 0.000000 0.000000 0.000000 1.000000
0.997684 0.006981 -0.067661 0.000000 -0.020568 0.979115 -0.202263 14.289700 0.064836 0.203186 0.976991 0.000000 0.000000 0.000000 0.000000 1.000000
0.997313 0.010843 -0.072450 0.000000 -0.023189 0.984857 -0.171811 14.289700 0.069490 0.173029 0.982462 0.000000 0.000000 0.000000 0.000000 1.000000
0.997265 0.005208 -0.073724 -0.000000 -0.015348 0.990362 -0.137649 14.289700 0.072297 0.138404 0.987734 0.000000 0.000000 0.000000 0.000000 1.000000
0.998173 -0.008036 -0.059887 0.000000 0.001972 0.994922 -0.100630 14.289700 0.060391 0.100328 0.993120 0.000000 0.000000 0.000000 0.000000 1.000000
0.999400 -0.022264 -0.026535 0.000000 0.018714 0.991697 -0.127228 14.289700 0.029147 0.126655 0.991519 0.000000 0.000000 0.000000 0.000000 1.000000
0.999387 -0.033171 0.011191 0.000000 0.034592 0.984851 -0.169916 14.289700 -0.005385 0.170199 0.985395 0.000000 0.000000 0.000000 0.000000 1.000000</float_array>
        <technique_common>
          <accessor source="#mixamorig_Spine1-Matrix-animation-output-transform-array" count="22" stride="16">
            <param type="float4x4"/>
          </accessor>
        </technique_common>
      </source>
      <source id="mixamorig_Spine1-Interpolations">
        <Name_array id="mixamorig_Spine1-Interpolations-array" count="22">
 LINEAR LINEAR LINEAR LINEAR LINEAR LINEAR LINEAR LINEAR LINEAR LINEAR LINEAR
LINEAR LINEAR LINEAR LINEAR LINEAR LINEAR LINEAR LINEAR LINEAR LINEAR LINEAR</Name_array>
        <technique_common>
          <accessor source="#mixamorig_Spine1-Interpolations-array" count="22">
            <param type="name"/>
          </accessor>
        </technique_common>
      </source>
      <sampler id="mixamorig_Spine1-Matrix-animation-transform">
        <input semantic="INPUT" source="#mixamorig_Spine1-Matrix-animation-input"/>
        <input semantic="OUTPUT" source="#mixamorig_Spine1-Matrix-animation-output-transform"/>
        <input semantic="INTERPOLATION" source="#mixamorig_Spine1-Interpolations"/>
      </sampler>
      <channel source="#mixamorig_Spine1-Matrix-animation-transform" target="mixamorig_Spine1/matrix"/>
    </animation>
    <animation id="mixamorig_Spine2-anim" name="mixamorig_Spine2">
      <source id="mixamorig_Spine2-Matrix-animation-input">
        <float_array id="mixamorig_Spine2-Matrix-animation-input-array" count="22">

0.000000 0.033333 0.066667 0.100000 0.133333 0.166667 0.200000 0.233333 0.266667 0.300000 0.333333 0.366667 0.400000 0.433333 0.466667 0.500000
0.533333 0.566667 0.600000 0.633333 0.666667 0.700000</float_array>
        <technique_common>
          <accessor source="#mixamorig_Spine2-Matrix-animation-input-array" count="22">
            <param name="TIME" type="float"/>
          </accessor>
        </technique_common>
      </source>
      <source id="mixamorig_Spine2-Matrix-animation-output-transform">
        <float_array id="mixamorig_Spine2-Matrix-animation-output-transform-array" count="352">

0.999046 -0.033967 0.027430 -0.000000 0.038606 0.980701 -0.191665 16.330999 -0.020390 0.192541 0.981077 0.000000 0.000000 0.000000 0.000000 1.000000
0.998759 -0.003493 0.049678 0.000000 0.012421 0.983485 -0.180561 16.330999 -0.048227 0.180954 0.982308 0.000000 0.000000 0.000000 0.000000 1.000000
0.997655 0.038503 0.056585 0.000000 -0.029429 0.987752 -0.153234 16.330999 -0.061792 0.151210 0.986568 0.000000 0.000000 0.000000 0.000000 1.000000
0.996633 0.072214 0.038840 -0.000000 -0.067081 0.990474 -0.120259 16.330999 -0.047155 0.117249 0.991982 0.000000 0.000000 0.000000 0.000000 1.000000
0.995214 0.090095 0.037852 -0.000000 -0.086254 0.991910 -0.093138 16.330999 -0.045937 0.089427 0.994933 0.000000 0.000000 0.000000 0.000000 1.000000
0.994611 0.092325 0.047168 -0.000000 -0.087997 0.992331 -0.086806 16.330999 -0.054821 0.082187 0.995108 -0.000000 0.000000 0.000000 0.000000 1.000000
0.995462 0.087132 0.038268 -0.000000 -0.082893 0.991420 -0.101066 16.330999 -0.046745 0.097436 0.994143 0.000000 0.000000 0.000000 0.000000 1.000000
0.997820 0.065414 0.008736 0.000000 -0.063701 0.989258 -0.131570 16.330999 -0.017249 0.130727 0.991268 0.000000 0.000000 0.000000 0.000000 1.000000
0.999002 0.034211 -0.028700 -0.000000 -0.038304 0.986869 -0.156916 16.330999 0.022955 0.157859 0.987195 -0.000000 0.000000 0.000000 0.000000 1.000000
0.998815 -0.001640 -0.048648 -0.000000 -0.006930 0.984461 -0.175467 16.330999 0.048180 0.175597 0.983283 -0.000000 0.000000 0.000000 0.000000 1.000000
0.997986 -0.036500 -0.051873 -0.000000 0.025875 0.980967 -0.192444 16.330999 0.057910 0.190714 0.979936 -0.000000 0.000000 0.000000 0.000000 1.000000
0.996783 -0.059827 -0.053326 0.000000 0.047380 0.976561 -0.209961 16.330999 0.064637 0.206759 0.976254 0.000000 0.000000 0.000000 0.000000 1.000000
0.996077 -0.069517 -0.054748 0.000000 0.055537 0.972817 -0.224816 16.330999 0.068888 0.220893 0.972862 0.000000 0.000000 0.000000 0.000000 1.000000
0.996765 -0.054104 -0.059428 0.000000 0.038713 0.971245 -0.234915 16.330999 0.070429 0.231855 0.970198 -0.000000 0.000000 0.000000 0.000000 1.000000
0.997560 -0.027406 -0.064212 0.000000 0.011644 0.972159 -0.234032 16.330999 0.068838 0.232713 0.970106 0.000000 0.000000 0.000000 0.000000 1.000000
0.997741 -0.006134 -0.066894 0.000000 -0.008811 0.975269 -0.220846 16.330999 0.066595 0.220936 0.973012 0.000000 0.000000 0.000000 0.000000 1.000000
0.997626 0.002512 -0.068825 0.000000 -0.016414 0.979209 -0.202187 16.330999 0.066886 0.202837 0.976926 0.000000 0.000000 0.000000 0.000000 1.000000
0.997361 0.008252 -0.072130 -0.000000 -0.020656 0.984713 -0.172957 16.330999 0.069600 0.173991 0.982285 0.000000 0.000000 0.000000 0.000000 1.000000
0.997415 0.002616 -0.071812 0.000000 -0.012713 0.989998 -0.140508 16.330999 0.070727 0.141058 0.987472 0.000000 0.000000 0.000000 0.000000 1.000000
0.998259 -0.012487 -0.057648 0.000000 0.006407 0.994508 -0.104461 16.330999 0.058636 0.103910 0.992857 0.000000 0.000000 0.000000 0.000000 1.000000
0.999375 -0.026205 -0.023719 0.000000 0.022924 0.991336 -0.129335 16.330999 0.026903 0.128711 0.991317 0.000000 0.000000 0.000000 0.000000 1.000000
0.999294 -0.035663 0.011821 -0.000000 0.037161 0.984548 -0.171126 16.330999 -0.005536 0.171444 0.985178 0.000000 0.000000 0.000000 0.000000 1.000000</float_array>
        <technique_common>
          <accessor source="#mixamorig_Spine2-Matrix-animation-output-transform-array" count="22" stride="16">
            <param type="float4x4"/>
          </accessor>
        </technique_common>
      </source>
      <source id="mixamorig_Spine2-Interpolations">
        <Name_array id="mixamorig_Spine2-Interpolations-array" count="22">
 LINEAR LINEAR LINEAR LINEAR LINEAR LINEAR LINEAR LINEAR LINEAR LINEAR LINEAR
LINEAR LINEAR LINEAR LINEAR LINEAR LINEAR LINEAR LINEAR LINEAR LINEAR LINEAR</Name_array>
        <technique_common>
          <accessor source="#mixamorig_Spine2-Interpolations-array" count="22">
            <param type="name"/>
          </accessor>
        </technique_common>
      </source>
      <sampler id="mixamorig_Spine2-Matrix-animation-transform">
        <input semantic="INPUT" source="#mixamorig_Spine2-Matrix-animation-input"/>
        <input semantic="OUTPUT" source="#mixamorig_Spine2-Matrix-animation-output-transform"/>
        <input semantic="INTERPOLATION" source="#mixamorig_Spine2-Interpolations"/>
      </sampler>
      <channel source="#mixamorig_Spine2-Matrix-animation-transform" target="mixamorig_Spine2/matrix"/>
    </animation>
    <animation id="mixamorig_Neck-anim" name="mixamorig_Neck">
      <source id="mixamorig_Neck-Matrix-animation-input">
        <float_array id="mixamorig_Neck-Matrix-animation-input-array" count="22">

0.000000 0.033333 0.066667 0.100000 0.133333 0.166667 0.200000 0.233333 0.266667 0.300000 0.333333 0.366667 0.400000 0.433333 0.466667 0.500000
0.533333 0.566667 0.600000 0.633333 0.666667 0.700000</float_array>
        <technique_common>
          <accessor source="#mixamorig_Neck-Matrix-animation-input-array" count="22">
            <param name="TIME" type="float"/>
          </accessor>
        </technique_common>
      </source>
      <source id="mixamorig_Neck-Matrix-animation-output-transform">
        <float_array id="mixamorig_Neck-Matrix-animation-output-transform-array" count="352">

0.999840 0.007535 -0.016226 0.000000 -0.002085 0.949881 0.312605 18.372499 0.017768 -0.312522 0.949744 0.000000 0.000000 0.000000 0.000000 1.000000
0.999179 -0.014066 -0.037999 -0.000000 0.022679 0.971292 0.236808 18.372499 0.033577 -0.237475 0.970813 0.000000 0.000000 0.000000 0.000000 1.000000
0.998164 -0.030165 -0.052527 0.000000 0.037340 0.989239 0.141466 18.372499 0.047695 -0.143167 0.988549 0.000000 0.000000 0.000000 0.000000 1.000000
0.998657 -0.024471 -0.045661 0.000000 0.025382 0.999488 0.019496 18.372499 0.045160 -0.020628 0.998767 -0.000000 0.000000 0.000000 0.000000 1.000000
0.999244 -0.009220 -0.037775 -0.000000 0.005956 0.996310 -0.085626 18.372499 0.038425 0.085336 0.995611 0.000000 0.000000 0.000000 0.000000 1.000000
0.999492 0.008952 -0.030574 0.000000 -0.013065 0.990474 -0.137076 18.372499 0.029056 0.137406 0.990089 -0.000000 0.000000 0.000000 0.000000 1.000000
0.999309 0.028479 -0.023865 0.000000 -0.031835 0.987455 -0.154660 18.372499 0.019161 0.155312 0.987680 0.000000 0.000000 0.000000 0.000000 1.000000
0.998525 0.051199 -0.018095 0.000000 -0.053518 0.984290 -0.168253 18.372499 0.009197 0.168974 0.985578 -0.000000 0.000000 0.000000 0.000000 1.000000
0.997349 0.071533 -0.013323 0.000000 -0.072762 0.981046 -0.179597 18.372499 0.000223 0.180090 0.983650 0.000000 0.000000 0.000000 0.000000 1.000000
0.995515 0.094116 -0.009550 -0.000000 -0.094157 0.976038 -0.196175 18.372499 -0.009142 0.196194 0.980522 -0.000000 0.000000 0.000000 0.000000 1.000000
0.993750 0.111444 -0.006389 -0.000000 -0.110263 0.971077 -0.211782 18.372499 -0.017397 0.211163 0.977296 0.000000 0.000000 0.000000 0.000000 1.000000
0.992879 0.119074 -0.003426 0.000000 -0.116796 0.967423 -0.224614 18.372499 -0.023431 0.223415 0.974442 0.000000 0.000000 0.000000 0.000000 1.000000
0.993581 0.113120 -0.000835 0.000000 -0.110637 0.970178 -0.215669 18.372499 -0.023587 0.214377 0.976466 0.000000 0.000000 0.000000 0.000000 1.000000
0.995150 0.098335 0.002425 0.000000 -0.095893 0.975342 -0.198776 18.372499 -0.021912 0.197580 0.980042 0.000000 0.000000 0.000000 0.000000 1.000000
0.996584 0.081939 0.010268 0.000000 -0.078963 0.981940 -0.171927 18.372499 -0.024170 0.170529 0.985056 0.000000 0.000000 0.000000 0.000000 1.000000
0.997446 0.070596 0.010848 0.000000 -0.068524 0.988678 -0.133496 18.372499 -0.020149 0.132412 0.990990 0.000000 0.000000 0.000000 0.000000 1.000000
0.997991 0.063238 0.003746 0.000000 -0.062759 0.995019 -0.077450 18.372499 -0.008626 0.077060 0.996989 0.000000 0.000000 0.000000 0.000000 1.000000
0.998296 0.058245 -0.003469 -0.000000 -0.058291 0.998189 -0.014858 18.372499 0.002597 0.015034 0.999884 0.000000 0.000000 0.000000 0.000000 1.000000
0.998616 0.052041 -0.007637 0.000000 -0.051231 0.995237 0.082938 18.372499 0.011917 -0.082432 0.996525 0.000000 0.000000 0.000000 0.000000 1.000000
0.999077 0.041700 -0.010299 0.000000 -0.038927 0.980372 0.193277 18.372499 0.018157 -0.192697 0.981090 -0.000000 0.000000 0.000000 0.000000 1.000000
0.999487 0.029610 -0.012172 0.000000 -0.025217 0.962394 0.270484 18.372499 0.019723 -0.270038 0.962648 -0.000000 0.000000 0.000000 0.000000 1.000000
0.999784 0.014897 -0.014504 -0.000000 -0.009755 0.952130 0.305538 18.372499 0.018361 -0.305330 0.952069 0.000000 0.000000 0.000000 0.000000 1.000000</float_array>
        <technique_common>
          <accessor source="#mixamorig_Neck-Matrix-animation-output-transform-array" count="22" stride="16">
            <param type="float4x4"/>
          </accessor>
        </technique_common>
      </source>
      <source id="mixamorig_Neck-Interpolations">
        <Name_array id="mixamorig_Neck-Interpolations-array" count="22">
 LINEAR LINEAR LINEAR LINEAR LINEAR LINEAR LINEAR LINEAR LINEAR LINEAR LINEAR
LINEAR LINEAR LINEAR LINEAR LINEAR LINEAR LINEAR LINEAR LINEAR LINEAR LINEAR</Name_array>
        <technique_common>
          <accessor source="#mixamorig_Neck-Interpolations-array" count="22">
            <param type="name"/>
          </accessor>
        </technique_common>
      </source>
      <sampler id="mixamorig_Neck-Matrix-animation-transform">
        <input semantic="INPUT" source="#mixamorig_Neck-Matrix-animation-input"/>
        <input semantic="OUTPUT" source="#mixamorig_Neck-Matrix-animation-output-transform"/>
        <input semantic="INTERPOLATION" source="#mixamorig_Neck-Interpolations"/>
      </sampler>
      <channel source="#mixamorig_Neck-Matrix-animation-transform" target="mixamorig_Neck/matrix"/>
    </animation>
    <animation id="mixamorig_Head-anim" name="mixamorig_Head">
      <source id="mixamorig_Head-Matrix-animation-input">
        <float_array id="mixamorig_Head-Matrix-animation-input-array" count="22">

0.000000 0.033333 0.066667 0.100000 0.133333 0.166667 0.200000 0.233333 0.266667 0.300000 0.333333 0.366667 0.400000 0.433333 0.466667 0.500000
0.533333 0.566667 0.600000 0.633333 0.666667 0.700000</float_array>
        <technique_common>
          <accessor source="#mixamorig_Head-Matrix-animation-input-array" count="22">
            <param name="TIME" type="float"/>
          </accessor>
        </technique_common>
      </source>
      <source id="mixamorig_Head-Matrix-animation-output-transform">
        <float_array id="mixamorig_Head-Matrix-animation-output-transform-array" count="352">

0.990469 0.112219 -0.079865 -0.000000 -0.049617 0.831601 0.553152 17.907801 0.128490 -0.543918 0.829243 1.542600 0.000000 0.000000 0.000000 1.000000
0.986701 0.067627 -0.147811 0.000000 -0.007264 0.926778 0.375539 17.907801 0.162384 -0.369471 0.914944 1.542600 0.000000 0.000000 0.000000 1.000000
0.981511 -0.003551 -0.191375 0.000000 0.036834 0.984644 0.170643 17.907801 0.187830 -0.174537 0.966569 1.542600 0.000000 0.000000 0.000000 1.000000
0.985633 -0.079254 -0.149152 0.000000 0.071459 0.995818 -0.056921 17.907801 0.153040 0.045445 0.987175 1.542600 0.000000 0.000000 0.000000 1.000000
0.985208 -0.143561 -0.093571 0.000000 0.116591 0.961731 -0.247951 17.907801 0.125586 0.233374 0.964243 1.542600 0.000000 0.000000 0.000000 1.000000
0.983293 -0.170190 -0.064578 0.000000 0.136640 0.924491 -0.355873 17.907801 0.120268 0.341104 0.932300 1.542600 0.000000 0.000000 0.000000 1.000000
0.984472 -0.167382 -0.052896 0.000000 0.134438 0.912674 -0.385943 17.907801 0.112877 0.372839 0.921005 1.542600 0.000000 0.000000 0.000000 1.000000
0.987073 -0.151319 -0.052818 0.000000 0.125302 0.934074 -0.334373 17.907801 0.099933 0.323433 0.940959 1.542600 0.000000 0.000000 0.000000 1.000000
0.989268 -0.132889 -0.060745 0.000000 0.112305 0.957490 -0.265709 17.907801 0.093472 0.256036 0.962138 1.542600 0.000000 0.000000 0.000000 1.000000
0.990976 -0.110467 -0.075914 0.000000 0.095974 0.980156 -0.173445 17.907801 0.093568 0.164594 0.981913 1.542600 0.000000 0.000000 0.000000 1.000000
0.992068 -0.089602 -0.088162 -0.000000 0.082177 0.993027 -0.084522 17.907801 0.095120 0.076606 0.992514 1.542600 0.000000 0.000000 0.000000 1.000000
0.993179 -0.073818 -0.090252 0.000000 0.072235 0.997173 -0.020690 17.907801 0.091524 0.014030 0.995704 1.542600 0.000000 0.000000 0.000000 1.000000
0.995205 -0.067862 -0.070446 0.000000 0.070452 0.996903 0.034952 17.907801 0.067856 -0.039747 0.996903 1.542600 0.000000 0.000000 0.000000 1.000000
0.995885 -0.079887 -0.042784 0.000000 0.081732 0.995715 0.043263 17.907801 0.039144 -0.046582 0.998147 1.542600 0.000000 0.000000 0.000000 1.000000
0.994030 -0.107946 -0.015883 0.000000 0.108155 0.994050 0.012896 17.907801 0.014397 -0.014537 0.999791 1.542600 0.000000 0.000000 0.000000 1.000000
0.993092 -0.117336 0.001058 -0.000000 0.117222 0.991635 -0.054038 17.907801 0.005292 0.053788 0.998538 1.542600 0.000000 0.000000 0.000000 1.000000
0.994458 -0.105106 0.002639 0.000000 0.104611 0.986642 -0.124876 17.907801 0.010522 0.124460 0.992169 1.542600 0.000000 0.000000 0.000000 1.000000
0.996367 -0.085136 0.001945 -0.000000 0.084168 0.981041 -0.174571 17.907801 0.012955 0.174101 0.984643 1.542600 0.000000 0.000000 0.000000 1.000000
0.997963 -0.063371 0.007289 -0.000000 0.063740 0.986196 -0.152820 17.907801 0.002496 0.152973 0.988227 1.542600 0.000000 0.000000 0.000000 1.000000
0.999226 -0.038975 -0.005312 0.000000 0.038525 0.996947 -0.067917 17.907801 0.007943 0.067660 0.997677 1.542600 0.000000 0.000000 0.000000 1.000000
0.999415 0.012319 -0.031912 -0.000000 -0.006906 0.986355 0.164489 17.907801 0.033503 -0.164173 0.985863 1.542600 0.000000 0.000000 0.000000 1.000000
0.995234 0.077051 -0.059776 0.000000 -0.041729 0.890495 0.453075 17.907801 0.088140 -0.448422 0.889466 1.542600 0.000000 0.000000 0.000000 1.000000</float_array>
        <technique_common>
          <accessor source="#mixamorig_Head-Matrix-animation-output-transform-array" count="22" stride="16">
            <param type="float4x4"/>
          </accessor>
        </technique_common>
      </source>
      <source id="mixamorig_Head-Interpolations">
        <Name_array id="mixamorig_Head-Interpolations-array" count="22">
 LINEAR LINEAR LINEAR LINEAR LINEAR LINEAR LINEAR LINEAR LINEAR LINEAR LINEAR
LINEAR LINEAR LINEAR LINEAR LINEAR LINEAR LINEAR LINEAR LINEAR LINEAR LINEAR</Name_array>
        <technique_common>
          <accessor source="#mixamorig_Head-Interpolations-array" count="22">
            <param type="name"/>
          </accessor>
        </technique_common>
      </source>
      <sampler id="mixamorig_Head-Matrix-animation-transform">
        <input semantic="INPUT" source="#mixamorig_Head-Matrix-animation-input"/>
        <input semantic="OUTPUT" source="#mixamorig_Head-Matrix-animation-output-transform"/>
        <input semantic="INTERPOLATION" source="#mixamorig_Head-Interpolations"/>
      </sampler>
      <channel source="#mixamorig_Head-Matrix-animation-transform" target="mixamorig_Head/matrix"/>
    </animation>
    <animation id="mixamorig_HeadTop_End-anim" name="mixamorig_HeadTop_End">
      <source id="mixamorig_HeadTop_End-Matrix-animation-input">
        <float_array id="mixamorig_HeadTop_End-Matrix-animation-input-array" count="22">

0.000000 0.033333 0.066667 0.100000 0.133333 0.166667 0.200000 0.233333 0.266667 0.300000 0.333333 0.366667 0.400000 0.433333 0.466667 0.500000
0.533333 0.566667 0.600000 0.633333 0.666667 0.700000</float_array>
        <technique_common>
          <accessor source="#mixamorig_HeadTop_End-Matrix-animation-input-array" count="22">
            <param name="TIME" type="float"/>
          </accessor>
        </technique_common>
      </source>
      <source id="mixamorig_HeadTop_End-Matrix-animation-output-transform">
        <float_array id="mixamorig_HeadTop_End-Matrix-animation-output-transform-array" count="352">

1.000000 -0.000000 0.000000 0.000000 0.000000 1.000000 0.000000 29.625900 0.000000 0.000000 1.000000 2.552100 0.000000 0.000000 0.000000 1.000000
1.000000 0.000000 0.000000 0.000000 0.000000 1.000000 0.000000 29.625900 -0.000000 0.000000 1.000000 2.552100 0.000000 0.000000 0.000000 1.000000
1.000000 -0.000000 -0.000000 -0.000000 -0.000000 1.000000 0.000000 29.625900 0.000000 -0.000000 1.000000 2.552100 0.000000 0.000000 0.000000 1.000000
1.000000 -0.000000 -0.000000 0.000000 -0.000000 1.000000 0.000000 29.625900 -0.000000 0.000000 1.000000 2.552100 0.000000 0.000000 0.000000 1.000000
1.000000 -0.000000 0.000000 0.000000 0.000000 1.000000 -0.000000 29.625900 0.000000 0.000000 1.000000 2.552100 0.000000 0.000000 0.000000 1.000000
1.000000 0.000000 -0.000000 0.000000 0.000000 1.000000 -0.000000 29.625900 0.000000 -0.000000 1.000000 2.552100 0.000000 0.000000 0.000000 1.000000
1.000000 0.000000 0.000000 0.000000 0.000000 1.000000 0.000000 29.625900 0.000000 -0.000000 1.000000 2.552100 0.000000 0.000000 0.000000 1.000000
1.000000 0.000000 0.000000 0.000000 -0.000000 1.000000 0.000000 29.625900 0.000000 0.000000 1.000000 2.552100 0.000000 0.000000 0.000000 1.000000
1.000000 0.000000 -0.000000 0.000000 0.000000 1.000000 0.000000 29.625900 -0.000000 0.000000 1.000000 2.552100 0.000000 0.000000 0.000000 1.000000
1.000000 -0.000000 -0.000000 0.000000 -0.000000 1.000000 0.000000 29.625900 0.000000 -0.000000 1.000000 2.552100 0.000000 0.000000 0.000000 1.000000
1.000000 0.000000 0.000000 0.000000 -0.000000 1.000000 0.000000 29.625900 -0.000000 0.000000 1.000000 2.552100 0.000000 0.000000 0.000000 1.000000
1.000000 0.000000 -0.000000 0.000000 0.000000 1.000000 0.000000 29.625900 -0.000000 0.000000 1.000000 2.552100 0.000000 0.000000 0.000000 1.000000
