<?xml version="1.0" encoding="utf-8"?>
<COLLADA xmlns="http://www.collada.org/2005/11/COLLADASchema" version="1.4.1">
  <asset>
    <contributor>
      <author>Mixamo</author>
      <authoring_tool>COLLADA Mixamo exporter</authoring_tool>
      <comments/>
    </contributor>
    <created>2024-03-29T14:39:42Z</created>
    <modified>2024-03-29T14:39:42Z</modified>
    <revision/>
    <title/>
    <unit meter="0.010000"/>
    <up_axis>Y_UP</up_axis>
  </asset>
  <library_animations>
    <animation id="mixamorig_Hips-anim" name="mixamorig_Hips">
      <source id="mixamorig_Hips-Matrix-animation-input">
        <float_array id="mixamorig_Hips-Matrix-animation-input-array" count="56">

0.000000 0.033333 0.066667 0.100000 0.133333 0.166667 0.200000 0.233333 0.266667 0.300000 0.333333 0.366667 0.400000 0.433333 0.466667 0.500000
0.533333 0.566667 0.600000 0.633333 0.666667 0.700000 0.733333 0.766667 0.800000 0.833333 0.866667 0.900000 0.933333 0.966667 1.000000 1.033333
1.066667 1.100000 1.133333 1.166667 1.200000 1.233333 1.266667 1.300000 1.333333 1.366667 1.400000 1.433333 1.466667 1.500000 1.533333 1.566667
1.600000 1.633333 1.666667 1.700000 1.733333 1.766667 1.800000 1.833333</float_array>
        <technique_common>
          <accessor source="#mixamorig_Hips-Matrix-animation-input-array" count="56">
            <param name="TIME" type="float"/>
          </accessor>
        </technique_common>
      </source>
      <source id="mixamorig_Hips-Matrix-animation-output-transform">
        <float_array id="mixamorig_Hips-Matrix-animation-output-transform-array" count="896">

0.999595 0.028369 -0.002126 1.684305 -0.028354 0.999576 0.006692 109.913368 0.002315 -0.006629 0.999975 0.150276 0.000000 0.000000 0.000000 1.000000
0.999624 0.027061 -0.004472 1.663114 -0.027014 0.999583 0.010240 109.939529 0.004747 -0.010115 0.999938 0.037991 0.000000 0.000000 0.000000 1.000000
0.999590 0.028460 -0.003115 1.652038 -0.028411 0.999488 0.014686 109.954651 0.003531 -0.014591 0.999887 -0.107271 0.000000 0.000000 0.000000 1.000000
0.999513 0.031178 0.000862 1.656862 -0.031189 0.999332 0.019023 109.985657 -0.000268 -0.019040 0.999819 -0.323390 0.000000 0.000000 0.000000 1.000000
0.999460 0.032355 0.005681 1.682339 -0.032469 0.999245 0.021346 110.069908 -0.004986 -0.021519 0.999756 -0.646933 0.000000 0.000000 0.000000 1.000000
0.999519 0.029037 0.010852 1.721049 -0.029254 0.999363 0.020422 110.191376 -0.010252 -0.020729 0.999733 -1.090646 0.000000 0.000000 0.000000 1.000000
0.999644 0.020194 0.017460 1.749213 -0.020488 0.999648 0.016851 110.201111 -0.017113 -0.017202 0.999706 -1.628752 0.000000 0.000000 0.000000 1.000000
0.999639 0.007670 0.025764 1.738120 -0.007975 0.999899 0.011767 109.797775 -0.025671 -0.011969 0.999599 -2.200444 0.000000 0.000000 0.000000 1.000000
0.999423 -0.004568 0.033652 1.675512 0.004411 0.999979 0.004735 108.739059 -0.033673 -0.004584 0.999422 -2.730347 0.000000 0.000000 0.000000 1.000000
0.999172 -0.013231 0.038472 1.561981 0.013468 0.999892 -0.005925 106.906822 -0.038389 0.006438 0.999242 -3.158619 0.000000 0.000000 0.000000 1.000000
0.999046 -0.016282 0.040528 1.411752 0.017120 0.999645 -0.020415 104.340393 -0.040181 0.021089 0.998970 -3.437461 0.000000 0.000000 0.000000 1.000000
0.998969 -0.012705 0.043575 1.246153 0.014283 0.999246 -0.036094 101.225952 -0.043084 0.036679 0.998398 -3.516971 0.000000 0.000000 0.000000 1.000000
0.998710 -0.003021 0.050694 1.084249 0.005515 0.998777 -0.049134 97.896454 -0.050484 0.049350 0.997505 -3.373264 0.000000 0.000000 0.000000 1.000000
0.998163 0.009513 0.059828 0.937415 -0.006140 0.998394 -0.056315 94.921280 -0.060268 0.055844 0.996619 -3.060009 0.000000 0.000000 0.000000 1.000000
0.997713 0.019266 0.064795 0.812327 -0.015705 0.998362 -0.055018 93.200356 -0.065749 0.053874 0.996381 -2.674826 0.000000 0.000000 0.000000 1.000000
0.997855 0.021609 0.061789 0.719797 -0.018888 0.998840 -0.044282 93.784515 -0.062674 0.043020 0.997106 -2.201530 0.000000 0.000000 0.000000 1.000000
0.998377 0.016585 0.054491 0.673087 -0.015076 0.999495 -0.027985 97.340942 -0.054927 0.027118 0.998122 -1.413300 0.000000 0.000000 0.000000 1.000000
0.998618 0.009217 0.051747 0.677971 -0.008492 0.999863 -0.014212 103.664276 -0.051871 0.013753 0.998559 -0.071335 0.000000 0.000000 0.000000 1.000000
0.998221 0.005111 0.059404 0.728216 -0.004682 0.999962 -0.007357 111.748825 -0.059439 0.007066 0.998207 1.721962 0.000000 0.000000 0.000000 1.000000
0.997230 0.005700 0.074165 0.817325 -0.005701 0.999984 -0.000202 120.305481 -0.074165 -0.000221 0.997246 3.495065 0.000000 0.000000 0.000000 1.000000
0.996311 0.008342 0.085414 0.953120 -0.010369 0.999674 0.023314 126.780357 -0.085192 -0.024114 0.996073 4.545853 0.000000 0.000000 0.000000 1.000000
0.996407 0.011151 0.083961 1.214463 -0.017338 0.997157 0.073332 131.050079 -0.082905 -0.074524 0.993767 4.543751 0.000000 0.000000 0.000000 1.000000
0.997686 0.008864 0.067417 1.532309 -0.018344 0.989792 0.141331 134.103668 -0.065476 -0.142241 0.987664 3.949837 0.000000 0.000000 0.000000 1.000000
0.999096 0.002064 0.042468 1.835006 -0.010713 0.978817 0.204458 136.002991 -0.041147 -0.204728 0.977954 3.208103 0.000000 0.000000 0.000000 1.000000
0.999800 -0.006356 0.018939 2.097816 0.001555 0.969925 0.243397 137.092834 -0.019916 -0.243319 0.969742 2.619258 0.000000 0.000000 0.000000 1.000000
0.999931 -0.011388 0.003037 2.386004 0.010232 0.966659 0.255864 137.564255 -0.005850 -0.255815 0.966708 2.337648 0.000000 0.000000 0.000000 1.000000
0.999959 -0.007385 -0.005333 2.787537 0.008492 0.967647 0.252164 137.361252 0.003298 -0.252198 0.967670 2.402071 0.000000 0.000000 0.000000 1.000000
0.999912 0.007875 -0.010651 3.252663 -0.005092 0.970818 0.239762 136.561569 0.012228 -0.239687 0.970773 2.812413 0.000000 0.000000 0.000000 1.000000
0.999453 0.028670 -0.016469 3.570974 -0.024439 0.976074 0.216063 135.384918 0.022270 -0.215542 0.976241 3.560092 0.000000 0.000000 0.000000 1.000000
0.998812 0.043240 -0.022465 3.581033 -0.038581 0.983374 0.177447 133.637680 0.029764 -0.176370 0.983874 4.407713 0.000000 0.000000 0.000000 1.000000
0.998851 0.040673 -0.025358 3.260779 -0.036964 0.990473 0.132651 130.805359 0.030511 -0.131561 0.990838 5.026925 0.000000 0.000000 0.000000 1.000000
0.999517 0.023588 -0.020216 2.838424 -0.021379 0.994424 0.103268 126.401665 0.022539 -0.102786 0.994448 5.080460 0.000000 0.000000 0.000000 1.000000
0.999882 -0.007405 -0.013473 2.281578 0.008798 0.994279 0.106455 119.771309 0.012608 -0.106561 0.994226 4.414796 0.000000 0.000000 0.000000 1.000000
0.999718 -0.019298 -0.013852 2.073041 0.021004 0.990487 0.135995 111.740952 0.011096 -0.136248 0.990613 3.200650 0.000000 0.000000 0.000000 1.000000
0.999233 -0.016161 -0.035667 2.025541 0.021876 0.985855 0.166166 104.626404 0.032477 -0.166819 0.985453 1.983971 0.000000 0.000000 0.000000 1.000000
0.996920 -0.006328 -0.078175 2.075536 0.019828 0.984697 0.173145 99.991455 0.075883 -0.174161 0.981789 1.161446 0.000000 0.000000 0.000000 1.000000
0.992162 0.003901 -0.124895 2.196989 0.015045 0.988512 0.150393 98.452942 0.124047 -0.151093 0.980706 0.888995 0.000000 0.000000 0.000000 1.000000
0.987724 0.012114 -0.155742 2.353824 0.004593 0.994305 0.106473 99.625252 0.156145 -0.105882 0.982043 1.033905 0.000000 0.000000 0.000000 1.000000
0.986723 0.018486 -0.161360 2.494284 -0.009795 0.998466 0.054496 102.561234 0.162119 -0.052192 0.985390 1.338351 0.000000 0.000000 0.000000 1.000000
0.988905 0.024187 -0.146564 2.571726 -0.023586 0.999705 0.005840 106.179398 0.146662 -0.002319 0.989184 1.605426 0.000000 0.000000 0.000000 1.000000
0.991853 0.030762 -0.123617 2.572775 -0.034782 0.998930 -0.030494 109.521317 0.122547 0.034545 0.991861 1.767925 0.000000 0.000000 0.000000 1.000000
0.993825 0.039429 -0.103716 2.523988 -0.044736 0.997779 -0.049350 111.907135 0.101539 0.053686 0.993382 1.841930 0.000000 0.000000 0.000000 1.000000
0.994376 0.051416 -0.092588 2.489680 -0.056391 0.997057 -0.051941 113.001083 0.089645 0.056870 0.994349 1.849231 0.000000 0.000000 0.000000 1.000000
0.993632 0.067692 -0.090075 2.545707 -0.071945 0.996400 -0.044838 112.827354 0.086716 0.051033 0.994925 1.785298 0.000000 0.000000 0.000000 1.000000
0.992527 0.080823 -0.091421 2.641724 -0.084350 0.995808 -0.035391 112.013237 0.088177 0.042837 0.995183 1.676443 0.000000 0.000000 0.000000 1.000000
0.992358 0.084228 -0.090169 2.690610 -0.087036 0.995821 -0.027669 111.047913 0.087461 0.035305 0.995542 1.543450 0.000000 0.000000 0.000000 1.000000
0.993611 0.077423 -0.082114 2.649758 -0.079451 0.996602 -0.021720 110.259026 0.080153 0.028105 0.996386 1.399843 0.000000 0.000000 0.000000 1.000000
0.995557 0.065273 -0.067861 2.539983 -0.066482 0.997664 -0.015700 109.827026 0.066677 0.020141 0.997571 1.245339 0.000000 0.000000 0.000000 1.000000
0.997173 0.054732 -0.051485 2.422655 -0.055249 0.998435 -0.008677 109.781982 0.050930 0.011497 0.998636 1.076316 0.000000 0.000000 0.000000 1.000000
0.998062 0.050413 -0.036476 2.343735 -0.050507 0.998722 -0.001681 109.997551 0.036345 0.003520 0.999333 0.901029 0.000000 0.000000 0.000000 1.000000
0.998374 0.052035 -0.023280 2.295594 -0.051972 0.998643 0.003307 110.265709 0.023420 -0.002091 0.999724 0.739798 0.000000 0.000000 0.000000 1.000000
0.998414 0.055227 -0.010894 2.231211 -0.055176 0.998464 0.004978 110.396515 0.011152 -0.004369 0.999928 0.607895 0.000000 0.000000 0.000000 1.000000
0.998501 0.054730 -0.000109 2.112042 -0.054729 0.998494 0.003905 110.321838 0.000323 -0.003893 0.999992 0.502543 0.000000 0.000000 0.000000 1.000000
0.998814 0.048316 0.006075 1.948489 -0.048331 0.998829 0.002388 110.123428 -0.005953 -0.002679 0.999979 0.407420 0.000000 0.000000 0.000000 1.000000
0.999233 0.038737 0.005809 1.796677 -0.038752 0.999245 0.002584 109.952103 -0.005704 -0.002807 0.999980 0.308718 0.000000 0.000000 0.000000 1.000000
0.999531 0.030597 0.001002 1.701622 -0.030602 0.999520 0.004853 109.894196 -0.000853 -0.004881 0.999988 0.204330 0.000000 0.000000 0.000000 1.000000</float_array>
        <technique_common>
          <accessor source="#mixamorig_Hips-Matrix-animation-output-transform-array" count="56" stride="16">
            <param type="float4x4"/>
          </accessor>
        </technique_common>
      </source>
      <source id="mixamorig_Hips-Interpolations">
        <Name_array id="mixamorig_Hips-Interpolations-array" count="56">
 LINEAR LINEAR LINEAR LINEAR LINEAR LINEAR LINEAR LINEAR LINEAR LINEAR LINEAR
LINEAR LINEAR LINEAR LINEAR LINEAR LINEAR LINEAR LINEAR LINEAR LINEAR LINEAR LINEAR
LINEAR LINEAR LINEAR LINEAR LINEAR LINEAR LINEAR LINEAR LINEAR LINEAR LINEAR LINEAR
LINEAR LINEAR LINEAR LINEAR LINEAR LINEAR LINEAR LINEAR LINEAR LINEAR LINEAR LINEAR
LINEAR LINEAR LINEAR LINEAR LINEAR LINEAR LINEAR LINEAR LINEAR</Name_array>
        <technique_common>
          <accessor source="#mixamorig_Hips-Interpolations-array" count="56">
            <param type="name"/>
          </accessor>
        </technique_common>
      </source>
      <sampler id="mixamorig_Hips-Matrix-animation-transform">
        <input semantic="INPUT" source="#mixamorig_Hips-Matrix-animation-input"/>
        <input semantic="OUTPUT" source="#mixamorig_Hips-Matrix-animation-output-transform"/>
        <input semantic="INTERPOLATION" source="#mixamorig_Hips-Interpolations"/>
      </sampler>
      <channel source="#mixamorig_Hips-Matrix-animation-transform" target="mixamorig_Hips/matrix"/>
    </animation>
    <animation id="mixamorig_Spine-anim" name="mixamorig_Spine">
      <source id="mixamorig_Spine-Matrix-animation-input">
        <float_array id="mixamorig_Spine-Matrix-animation-input-array" count="56">

0.000000 0.033333 0.066667 0.100000 0.133333 0.166667 0.200000 0.233333 0.266667 0.300000 0.333333 0.366667 0.400000 0.433333 0.466667 0.500000
0.533333 0.566667 0.600000 0.633333 0.666667 0.700000 0.733333 0.766667 0.800000 0.833333 0.866667 0.900000 0.933333 0.966667 1.000000 1.033333
1.066667 1.100000 1.133333 1.166667 1.200000 1.233333 1.266667 1.300000 1.333333 1.366667 1.400000 1.433333 1.466667 1.500000 1.533333 1.566667
1.600000 1.633333 1.666667 1.700000 1.733333 1.766667 1.800000 1.833333</float_array>
        <technique_common>
          <accessor source="#mixamorig_Spine-Matrix-animation-input-array" count="56">
            <param name="TIME" type="float"/>
          </accessor>
        </technique_common>
      </source>
      <source id="mixamorig_Spine-Matrix-animation-output-transform">
        <float_array id="mixamorig_Spine-Matrix-animation-output-transform-array" count="896">

0.999556 -0.019398 0.022617 0.000000 0.016084 0.990235 0.138479 7.244500 -0.025083 -0.138054 0.990107 0.633400 0.000000 0.000000 0.000000 1.000000
0.999592 -0.020655 0.019719 0.000000 0.017940 0.991469 0.129105 7.244500 -0.022217 -0.128698 0.991435 0.633400 0.000000 0.000000 0.000000 1.000000
0.999600 -0.022983 0.016475 -0.000000 0.021038 0.993730 0.109813 7.244500 -0.018896 -0.109422 0.993816 0.633400 0.000000 0.000000 0.000000 1.000000
0.999528 -0.027367 0.013936 0.000000 0.026154 0.996386 0.080818 7.244500 -0.016098 -0.080415 0.996631 0.633400 0.000000 0.000000 0.000000 1.000000
0.999400 -0.032280 0.012581 -0.000000 0.031674 0.998451 0.045738 7.244500 -0.014038 -0.045312 0.998874 0.633400 0.000000 0.000000 0.000000 1.000000
0.999405 -0.032744 0.010805 -0.000000 0.032667 0.999440 0.007235 7.244500 -0.011035 -0.006877 0.999915 0.633400 0.000000 0.000000 0.000000 1.000000
0.999677 -0.024761 0.005700 0.000000 0.024953 0.999022 -0.036500 7.244500 -0.004791 0.036630 0.999317 0.633400 0.000000 0.000000 0.000000 1.000000
0.999936 -0.010872 -0.003164 0.000000 0.010557 0.996182 -0.086655 7.244500 0.004094 0.086616 0.996233 0.633400 0.000000 0.000000 0.000000 1.000000
0.999935 0.001232 -0.011293 -0.000000 -0.002759 0.990671 -0.136247 7.244500 0.011020 0.136270 0.990611 0.633400 0.000000 0.000000 0.000000 1.000000
0.999887 0.007463 -0.013022 0.000000 -0.009592 0.985053 -0.171986 7.244500 0.011544 0.172092 0.985013 0.633400 0.000000 0.000000 0.000000 1.000000
0.999917 0.009740 -0.008409 0.000000 -0.011139 0.982351 -0.186714 7.244500 0.006442 0.186792 0.982378 0.633400 0.000000 0.000000 0.000000 1.000000
0.999949 0.009307 -0.003881 0.000000 -0.009867 0.982470 -0.186158 7.244500 0.002080 0.186186 0.982512 0.633400 0.000000 0.000000 0.000000 1.000000
0.999986 0.002576 -0.004711 0.000000 -0.003377 0.983867 -0.178871 7.244500 0.004175 0.178885 0.983861 0.633400 0.000000 0.000000 0.000000 1.000000
0.999889 -0.011697 -0.009203 0.000000 0.010009 0.986099 -0.165856 7.244500 0.011015 0.165745 0.986107 0.633400 0.000000 0.000000 0.000000 1.000000
0.999619 -0.024912 -0.011921 -0.000000 0.022840 0.988375 -0.150310 7.244500 0.015527 0.149981 0.988567 0.633400 0.000000 0.000000 0.000000 1.000000
0.999634 -0.024950 -0.010471 0.000000 0.023130 0.988752 -0.147768 7.244500 0.014040 0.147471 0.988967 0.633400 0.000000 0.000000 0.000000 1.000000
0.999931 -0.008922 -0.007628 0.000000 0.007569 0.986775 -0.161916 7.244500 0.008972 0.161847 0.986775 0.633400 0.000000 0.000000 0.000000 1.000000
0.999865 0.013905 -0.008726 0.000000 -0.015101 0.987528 -0.156716 7.244500 0.006438 0.156826 0.987605 0.633400 0.000000 0.000000 0.000000 1.000000
0.999348 0.031422 -0.017784 0.000000 -0.032921 0.995263 -0.091475 7.244500 0.014825 0.092001 0.995649 0.633400 0.000000 0.000000 0.000000 1.000000
0.998737 0.037694 -0.033224 0.000000 -0.037276 0.999219 0.013122 7.244500 0.033692 -0.011867 0.999362 0.633400 0.000000 0.000000 0.000000 1.000000
0.998435 0.032176 -0.045752 0.000000 -0.028308 0.996162 0.082820 7.244500 0.048241 -0.081395 0.995514 0.633400 0.000000 0.000000 0.000000 1.000000
0.998832 0.014608 -0.046059 0.000000 -0.011296 0.997386 0.071365 7.244500 0.046981 -0.070761 0.996386 0.633400 0.000000 0.000000 0.000000 1.000000
0.999437 -0.005746 -0.033051 0.000000 0.005966 0.999961 0.006559 7.244500 0.033012 -0.006752 0.999432 0.633400 0.000000 0.000000 0.000000 1.000000
0.999670 -0.019023 -0.017245 0.000000 0.018223 0.998803 -0.045388 7.244500 0.018088 0.045059 0.998821 0.633400 0.000000 0.000000 0.000000 1.000000
0.999768 -0.019519 -0.009101 0.000000 0.019039 0.998562 -0.050122 7.244500 0.010066 0.049937 0.998702 0.633400 0.000000 0.000000 0.000000 1.000000
0.999863 -0.012749 -0.010550 0.000000 0.012490 0.999628 -0.024232 7.244500 0.010855 0.024097 0.999651 0.633400 0.000000 0.000000 0.000000 1.000000
0.999752 -0.012783 -0.018257 0.000000 0.012785 0.999918 -0.000039 7.244500 0.018256 -0.000194 0.999833 0.633400 0.000000 0.000000 0.000000 1.000000
0.999191 -0.027179 -0.029658 0.000000 0.027521 0.999559 0.011188 7.244500 0.029341 -0.011995 0.999498 0.633400 0.000000 0.000000 0.000000 1.000000
0.997917 -0.046909 -0.044285 0.000000 0.048304 0.998352 0.030980 7.244500 0.042759 -0.033055 0.998538 0.633400 0.000000 0.000000 0.000000 1.000000
0.996604 -0.055858 -0.060496 -0.000000 0.061036 0.994300 0.087423 7.244500 0.055268 -0.090819 0.994333 0.633400 0.000000 0.000000 0.000000 1.000000
0.996281 -0.045533 -0.073153 -0.000000 0.057271 0.984229 0.167371 7.244500 0.064378 -0.170938 0.983176 0.633400 0.000000 0.000000 0.000000 1.000000
0.996437 -0.025442 -0.080407 -0.000000 0.041918 0.976713 0.210417 7.244500 0.073181 -0.213038 0.974299 0.633400 0.000000 0.000000 0.000000 1.000000
0.996842 0.000381 -0.079407 0.000000 0.013067 0.985569 0.168771 7.244500 0.078326 -0.169276 0.982451 0.633400 0.000000 0.000000 0.000000 1.000000
0.996702 0.005446 -0.080960 0.000000 -0.000837 0.998382 0.056856 7.244500 0.081139 -0.056601 0.995094 0.633400 0.000000 0.000000 0.000000 1.000000
0.997010 0.002451 -0.077235 0.000000 -0.006588 0.998553 -0.053364 7.244500 0.076993 0.053713 0.995584 0.633400 0.000000 0.000000 0.000000 1.000000
0.997884 0.001287 -0.065009 0.000000 -0.008038 0.994577 -0.103693 7.244500 0.064523 0.103996 0.992483 0.633400 0.000000 0.000000 0.000000 1.000000
0.998746 -0.001281 -0.050041 -0.000000 -0.003381 0.995663 -0.092970 7.244500 0.049943 0.093023 0.994411 0.633400 0.000000 0.000000 0.000000 1.000000
0.999077 -0.010485 -0.041657 0.000000 0.008289 0.998585 -0.052528 7.244500 0.042148 0.052134 0.997750 0.633400 0.000000 0.000000 0.000000 1.000000
0.998865 -0.020997 -0.042744 0.000000 0.020716 0.999761 -0.007006 7.244500 0.042881 0.006113 0.999061 0.633400 0.000000 0.000000 0.000000 1.000000
0.998581 -0.023948 -0.047570 0.000000 0.025540 0.999124 0.033144 7.244500 0.046735 -0.034312 0.998318 0.633400 0.000000 0.000000 0.000000 1.000000
0.998599 -0.020069 -0.048963 -0.000000 0.023018 0.997907 0.060432 7.244500 0.047647 -0.061474 0.996971 0.633400 0.000000 0.000000 0.000000 1.000000
0.998869 -0.018192 -0.043931 -0.000000 0.021220 0.997357 0.069486 7.244500 0.042551 -0.070340 0.996615 0.633400 0.000000 0.000000 0.000000 1.000000
0.999122 -0.026212 -0.032697 0.000000 0.028244 0.997595 0.063303 7.244500 0.030959 -0.064171 0.997459 0.633400 0.000000 0.000000 0.000000 1.000000
0.998836 -0.045233 -0.016725 0.000000 0.046057 0.997547 0.052709 7.244500 0.014300 -0.053418 0.998470 0.633400 0.000000 0.000000 0.000000 1.000000
0.998140 -0.060952 0.000955 -0.000000 0.060832 0.996937 0.049160 7.244500 -0.003948 -0.049010 0.998790 0.633400 0.000000 0.000000 0.000000 1.000000
0.998202 -0.057880 0.015559 0.000000 0.056910 0.996758 0.056868 7.244500 -0.018800 -0.055880 0.998260 0.633400 0.000000 0.000000 0.000000 1.000000
0.999136 -0.034193 0.023642 0.000000 0.032447 0.996972 0.070669 7.244500 -0.025986 -0.069841 0.997220 0.633400 0.000000 0.000000 0.000000 1.000000
0.999668 -0.004417 0.025399 0.000000 0.002331 0.996663 0.081598 7.244500 -0.025675 -0.081511 0.996342 0.633400 0.000000 0.000000 0.000000 1.000000
0.999629 0.013126 0.023851 0.000000 -0.015116 0.996244 0.085261 7.244500 -0.022643 -0.085590 0.996073 0.633400 0.000000 0.000000 0.000000 1.000000
0.999690 0.011039 0.022331 0.000000 -0.012895 0.996321 0.084721 7.244500 -0.021314 -0.084982 0.996154 0.633400 0.000000 0.000000 0.000000 1.000000
0.999738 -0.005349 0.022256 0.000000 0.003401 0.996230 0.086682 7.244500 -0.022635 -0.086584 0.995987 0.633400 0.000000 0.000000 0.000000 1.000000
0.999429 -0.024830 0.022932 0.000000 0.022522 0.995132 0.095943 7.244500 -0.025202 -0.095371 0.995123 0.633400 0.000000 0.000000 0.000000 1.000000
0.999063 -0.036364 0.023459 -0.000000 0.033523 0.993160 0.111844 7.244500 -0.027365 -0.110953 0.993449 0.633400 0.000000 0.000000 0.000000 1.000000
0.999099 -0.035064 0.023895 0.000000 0.031716 0.991214 0.128407 7.244500 -0.028187 -0.127533 0.991434 0.633400 0.000000 0.000000 0.000000 1.000000
0.999362 -0.026282 0.024181 0.000000 0.022678 0.990059 0.138811 7.244500 -0.027589 -0.138174 0.990024 0.633400 0.000000 0.000000 0.000000 1.000000
0.999532 -0.019464 0.023580 0.000000 0.015954 0.989902 0.140854 7.244500 -0.026083 -0.140412 0.989750 0.633400 0.000000 0.000000 0.000000 1.000000</float_array>
        <technique_common>
          <accessor source="#mixamorig_Spine-Matrix-animation-output-transform-array" count="56" stride="16">
            <param type="float4x4"/>
          </accessor>
        </technique_common>
      </source>
      <source id="mixamorig_Spine-Interpolations">
        <Name_array id="mixamorig_Spine-Interpolations-array" count="56">
 LINEAR LINEAR LINEAR LINEAR LINEAR LINEAR LINEAR LINEAR LINEAR LINEAR LINEAR
LINEAR LINEAR LINEAR LINEAR LINEAR LINEAR LINEAR LINEAR LINEAR LINEAR LINEAR LINEAR
LINEAR LINEAR LINEAR LINEAR LINEAR LINEAR LINEAR LINEAR LINEAR LINEAR LINEAR LINEAR
LINEAR LINEAR LINEAR LINEAR LINEAR LINEAR LINEAR LINEAR LINEAR LINEAR LINEAR LINEAR
LINEAR LINEAR LINEAR LINEAR LINEAR LINEAR LINEAR LINEAR LINEAR</Name_array>
        <technique_common>
          <accessor source="#mixamorig_Spine-Interpolations-array" count="56">
            <param type="name"/>
          </accessor>
        </technique_common>
      </source>
      <sampler id="mixamorig_Spine-Matrix-animation-transform">
        <input semantic="INPUT" source="#mixamorig_Spine-Matrix-animation-input"/>
        <input semantic="OUTPUT" source="#mixamorig_Spine-Matrix-animation-output-transform"/>
        <input semantic="INTERPOLATION" source="#mixamorig_Spine-Interpolations"/>
      </sampler>
      <channel source="#mixamorig_Spine-Matrix-animation-transform" target="mixamorig_Spine/matrix"/>
    </animation>
    <animation id="mixamorig_Spine1-anim" name="mixamorig_Spine1">
      <source id="mixamorig_Spine1-Matrix-animation-input">
        <float_array id="mixamorig_Spine1-Matrix-animation-input-array" count="56">

0.000000 0.033333 0.066667 0.100000 0.133333 0.166667 0.200000 0.233333 0.266667 0.300000 0.333333 0.366667 0.400000 0.433333 0.466667 0.500000
0.533333 0.566667 0.600000 0.633333 0.666667 0.700000 0.733333 0.766667 0.800000 0.833333 0.866667 0.900000 0.933333 0.966667 1.000000 1.033333
1.066667 1.100000 1.133333 1.166667 1.200000 1.233333 1.266667 1.300000 1.333333 1.366667 1.400000 1.433333 1.466667 1.500000 1.533333 1.566667
1.600000 1.633333 1.666667 1.700000 1.733333 1.766667 1.800000 1.833333</float_array>
        <technique_common>
          <accessor source="#mixamorig_Spine1-Matrix-animation-input-array" count="56">
            <param name="TIME" type="float"/>
          </accessor>
        </technique_common>
      </source>
      <source id="mixamorig_Spine1-Matrix-animation-output-transform">
        <float_array id="mixamorig_Spine1-Matrix-animation-output-transform-array" count="896">

0.999462 0.032778 0.000678 0.000000 -0.032673 0.997543 -0.061965 7.456500 -0.002707 0.061909 0.998078 0.000000 0.000000 0.000000 0.000000 1.000000
0.999430 0.033754 0.000320 -0.000000 -0.033673 0.997604 -0.060432 7.456500 -0.002359 0.060387 0.998172 0.000000 0.000000 0.000000 0.000000 1.000000
0.999417 0.034137 0.000152 0.000000 -0.034079 0.997959 -0.054010 7.456500 -0.001995 0.053973 0.998540 0.000000 0.000000 0.000000 0.000000 1.000000
0.999391 0.034898 0.000301 0.000000 -0.034854 0.998490 -0.042465 7.456500 -0.001782 0.042429 0.999098 0.000000 0.000000 0.000000 0.000000 1.000000
0.999335 0.036446 0.000725 -0.000000 -0.036413 0.998960 -0.027456 7.456500 -0.001725 0.027412 0.999623 0.000000 0.000000 0.000000 0.000000 1.000000
0.999291 0.037628 0.001088 0.000000 -0.037614 0.999235 -0.010724 7.456500 -0.001491 0.010675 0.999942 0.000000 0.000000 0.000000 0.000000 1.000000
0.999324 0.036759 0.000974 -0.000000 -0.036766 0.999292 0.008014 7.456500 -0.000679 -0.008045 0.999967 -0.000000 0.000000 0.000000 0.000000 1.000000
0.999433 0.033657 0.000368 0.000000 -0.033653 0.999011 0.029043 7.456500 0.000610 -0.029039 0.999578 0.000000 0.000000 0.000000 0.000000 1.000000
0.999558 0.029731 -0.000154 0.000000 -0.029688 0.998367 0.048800 7.456500 0.001604 -0.048774 0.998809 0.000000 0.000000 0.000000 0.000000 1.000000
0.999663 0.025944 -0.000004 0.000000 -0.025897 0.997829 0.060558 7.456500 0.001575 -0.060538 0.998165 0.000000 0.000000 0.000000 0.000000 1.000000
0.999768 0.021529 0.000597 0.000000 -0.021526 0.997913 0.060874 7.456500 0.000715 -0.060872 0.998145 -0.000000 0.000000 0.000000 0.000000 1.000000
0.999879 0.015550 0.000721 -0.000000 -0.015566 0.998418 0.054027 7.456500 0.000120 -0.054032 0.998539 -0.000000 0.000000 0.000000 0.000000 1.000000
0.999958 0.009139 -0.000151 0.000000 -0.009121 0.998836 0.047360 7.456500 0.000584 -0.047357 0.998878 0.000000 0.000000 0.000000 0.000000 1.000000
0.999988 0.004739 -0.001444 -0.000000 -0.004672 0.999052 0.043272 7.456500 0.001647 -0.043265 0.999062 -0.000000 0.000000 0.000000 0.000000 1.000000
0.999993 0.002970 -0.002167 0.000000 -0.002879 0.999161 0.040849 7.456500 0.002286 -0.040843 0.999163 0.000000 0.000000 0.000000 0.000000 1.000000
0.999997 0.001391 -0.002026 0.000000 -0.001301 0.999029 0.044033 7.456500 0.002085 -0.044031 0.999028 0.000000 0.000000 0.000000 0.000000 1.000000
0.999994 -0.003118 -0.001674 0.000000 0.003209 0.998347 0.057384 7.456500 0.001493 -0.057389 0.998351 0.000000 0.000000 0.000000 0.000000 1.000000
0.999937 -0.010986 -0.002111 -0.000000 0.011109 0.997330 0.072178 7.456500 0.001312 -0.072196 0.997390 0.000000 0.000000 0.000000 0.000000 1.000000
0.999810 -0.019104 -0.003901 0.000000 0.019336 0.997212 0.072071 7.456500 0.002513 -0.072133 0.997392 0.000000 0.000000 0.000000 0.000000 1.000000
0.999699 -0.023639 -0.006574 0.000000 0.023975 0.998095 0.056855 7.456500 0.005218 -0.056995 0.998361 -0.000000 0.000000 0.000000 0.000000 1.000000
0.999683 -0.023645 -0.008653 0.000000 0.024017 0.998662 0.045804 7.456500 0.007559 -0.045997 0.998913 0.000000 0.000000 0.000000 0.000000 1.000000
0.999726 -0.021673 -0.008791 0.000000 0.022119 0.998284 0.054211 7.456500 0.007601 -0.054391 0.998491 0.000000 0.000000 0.000000 0.000000 1.000000
0.999752 -0.021081 -0.007148 0.000000 0.021565 0.996863 0.076153 7.456500 0.005520 -0.076288 0.997071 0.000000 0.000000 0.000000 0.000000 1.000000
0.999714 -0.023349 -0.005228 0.000000 0.023735 0.995363 0.093212 7.456500 0.003028 -0.093309 0.995633 0.000000 0.000000 0.000000 0.000000 1.000000
0.999605 -0.027785 -0.004292 0.000000 0.028066 0.995185 0.093914 7.456500 0.001662 -0.093998 0.995571 0.000000 0.000000 0.000000 0.000000 1.000000
0.999451 -0.032824 -0.004528 0.000000 0.033085 0.996087 0.081953 7.456500 0.001820 -0.082058 0.996626 0.000000 0.000000 0.000000 0.000000 1.000000
0.999329 -0.036196 -0.005572 0.000000 0.036492 0.997006 0.068167 7.456500 0.003088 -0.068325 0.997658 0.000000 0.000000 0.000000 0.000000 1.000000
0.999303 -0.036660 -0.007024 -0.000000 0.037000 0.997705 0.056704 7.456500 0.004929 -0.056925 0.998366 0.000000 0.000000 0.000000 0.000000 1.000000
0.999309 -0.036197 -0.008437 0.000000 0.036513 0.998490 0.041044 7.456500 0.006938 -0.041324 0.999122 0.000000 0.000000 0.000000 0.000000 1.000000
0.999299 -0.036213 -0.009479 0.000000 0.036348 0.999234 0.014526 7.456500 0.008946 -0.014861 0.999850 0.000000 0.000000 0.000000 0.000000 1.000000
0.999385 -0.033510 -0.010368 -0.000000 0.033320 0.999283 -0.017962 7.456500 0.010962 0.017606 0.999785 0.000000 0.000000 0.000000 0.000000 1.000000
0.999629 -0.024592 -0.011705 0.000000 0.024089 0.998855 -0.041337 7.456500 0.012708 0.041040 0.999077 0.000000 0.000000 0.000000 0.000000 1.000000
0.999849 -0.011014 -0.013457 0.000000 0.010394 0.998920 -0.045287 7.456500 0.013941 0.045141 0.998883 0.000000 0.000000 0.000000 0.000000 1.000000
0.999893 0.001646 -0.014534 -0.000000 -0.002170 0.999345 -0.036109 7.456500 0.014465 0.036137 0.999242 0.000000 0.000000 0.000000 0.000000 1.000000
0.999840 0.011311 -0.013848 0.000000 -0.011710 0.999508 -0.029098 7.456500 0.013512 0.029255 0.999481 0.000000 0.000000 0.000000 0.000000 1.000000
0.999714 0.020966 -0.011545 0.000000 -0.021336 0.999230 -0.032936 7.456500 0.010846 0.033173 0.999391 -0.000000 0.000000 0.000000 0.000000 1.000000
0.999416 0.032944 -0.009024 0.000000 -0.033301 0.998531 -0.042746 7.456500 0.007602 0.043021 0.999045 -0.000000 0.000000 0.000000 0.000000 1.000000
0.999018 0.043623 -0.007752 -0.000000 -0.043946 0.997876 -0.048082 7.456500 0.005638 0.048375 0.998813 0.000000 0.000000 0.000000 0.000000 1.000000
0.998851 0.047240 -0.008026 0.000000 -0.047551 0.997884 -0.044348 7.456500 0.005914 0.044679 0.998984 -0.000000 0.000000 0.000000 0.000000 1.000000
0.999005 0.043696 -0.008899 -0.000000 -0.043985 0.998406 -0.035366 7.456500 0.007340 0.035722 0.999335 0.000000 0.000000 0.000000 0.000000 1.000000
0.999200 0.038915 -0.009208 -0.000000 -0.039152 0.998867 -0.027048 7.456500 0.008145 0.027387 0.999592 0.000000 0.000000 0.000000 0.000000 1.000000
0.999241 0.038052 -0.008355 0.000000 -0.038221 0.999046 -0.021109 7.456500 0.007544 0.021412 0.999742 0.000000 0.000000 0.000000 0.000000 1.000000
0.999124 0.041366 -0.006253 0.000000 -0.041460 0.999018 -0.015628 7.456500 0.005600 0.015873 0.999858 0.000000 0.000000 0.000000 0.000000 1.000000
0.998935 0.046031 -0.003197 -0.000000 -0.046062 0.998886 -0.010298 7.456500 0.002720 0.010435 0.999942 0.000000 0.000000 0.000000 0.000000 1.000000
0.998814 0.048686 -0.000043 0.000000 -0.048685 0.998777 -0.008590 7.456500 -0.000375 0.008582 0.999963 0.000000 0.000000 0.000000 0.000000 1.000000
0.998906 0.046716 0.002105 0.000000 -0.046684 0.998821 -0.013294 7.456500 -0.002724 0.013181 0.999909 0.000000 0.000000 0.000000 0.000000 1.000000
0.999190 0.040154 0.002728 0.000000 -0.040084 0.998956 -0.021927 7.456500 -0.003606 0.021800 0.999756 0.000000 0.000000 0.000000 0.000000 1.000000
0.999462 0.032729 0.002253 0.000000 -0.032650 0.999043 -0.029090 7.456500 -0.003203 0.029001 0.999574 0.000000 0.000000 0.000000 0.000000 1.000000
0.999580 0.028945 0.001557 -0.000000 -0.028880 0.999057 -0.032424 7.456500 -0.002494 0.032365 0.999473 0.000000 0.000000 0.000000 0.000000 1.000000
0.999551 0.029944 0.001257 -0.000000 -0.029884 0.998975 -0.033994 7.456500 -0.002273 0.033941 0.999421 0.000000 0.000000 0.000000 0.000000 1.000000
0.999448 0.033178 0.001416 0.000000 -0.033104 0.998782 -0.036594 7.456500 -0.002629 0.036527 0.999329 0.000000 0.000000 0.000000 0.000000 1.000000
0.999373 0.035362 0.001713 -0.000000 -0.035262 0.998535 -0.041039 7.456500 -0.003162 0.040953 0.999156 0.000000 0.000000 0.000000 0.000000 1.000000
0.999386 0.034984 0.001819 0.000000 -0.034861 0.998297 -0.046770 7.456500 -0.003452 0.046678 0.998904 -0.000000 0.000000 0.000000 0.000000 1.000000
0.999456 0.032927 0.001646 0.000000 -0.032794 0.998063 -0.052869 7.456500 -0.003384 0.052787 0.998600 0.000000 0.000000 0.000000 0.000000 1.000000
0.999506 0.031398 0.001297 0.000000 -0.031269 0.997821 -0.058092 7.456500 -0.003118 0.058023 0.998310 0.000000 0.000000 0.000000 0.000000 1.000000
0.999496 0.031732 0.000885 -0.000000 -0.031618 0.997612 -0.061399 7.456500 -0.002831 0.061340 0.998113 0.000000 0.000000 0.000000 0.000000 1.000000</float_array>
        <technique_common>
          <accessor source="#mixamorig_Spine1-Matrix-animation-output-transform-array" count="56" stride="16">
            <param type="float4x4"/>
          </accessor>
        </technique_common>
      </source>
      <source id="mixamorig_Spine1-Interpolations">
        <Name_array id="mixamorig_Spine1-Interpolations-array" count="56">
 LINEAR LINEAR LINEAR LINEAR LINEAR LINEAR LINEAR LINEAR LINEAR LINEAR LINEAR
LINEAR LINEAR LINEAR LINEAR LINEAR LINEAR LINEAR LINEAR LINEAR LINEAR LINEAR LINEAR
LINEAR LINEAR LINEAR LINEAR LINEAR LINEAR LINEAR LINEAR LINEAR LINEAR LINEAR LINEAR
LINEAR LINEAR LINEAR LINEAR LINEAR LINEAR LINEAR LINEAR LINEAR LINEAR LINEAR LINEAR
LINEAR LINEAR LINEAR LINEAR LINEAR LINEAR LINEAR LINEAR LINEAR</Name_array>
        <technique_common>
          <accessor source="#mixamorig_Spine1-Interpolations-array" count="56">
            <param type="name"/>
          </accessor>
        </technique_common>
      </source>
      <sampler id="mixamorig_Spine1-Matrix-animation-transform">
        <input semantic="INPUT" source="#mixamorig_Spine1-Matrix-animation-input"/>
        <input semantic="OUTPUT" source="#mixamorig_Spine1-Matrix-animation-output-transform"/>
        <input semantic="INTERPOLATION" source="#mixamorig_Spine1-Interpolations"/>
      </sampler>
      <channel source="#mixamorig_Spine1-Matrix-animation-transform" target="mixamorig_Spine1/matrix"/>
    </animation>
    <animation id="mixamorig_Spine2-anim" name="mixamorig_Spine2">
      <source id="mixamorig_Spine2-Matrix-animation-input">
        <float_array id="mixamorig_Spine2-Matrix-animation-input-array" count="56">

0.000000 0.033333 0.066667 0.100000 0.133333 0.166667 0.200000 0.233333 0.266667 0.300000 0.333333 0.366667 0.400000 0.433333 0.466667 0.500000
0.533333 0.566667 0.600000 0.633333 0.666667 0.700000 0.733333 0.766667 0.800000 0.833333 0.866667 0.900000 0.933333 0.966667 1.000000 1.033333
1.066667 1.100000 1.133333 1.166667 1.200000 1.233333 1.266667 1.300000 1.333333 1.366667 1.400000 1.433333 1.466667 1.500000 1.533333 1.566667
1.600000 1.633333 1.666667 1.700000 1.733333 1.766667 1.800000 1.833333</float_array>
        <technique_common>
          <accessor source="#mixamorig_Spine2-Matrix-animation-input-array" count="56">
            <param name="TIME" type="float"/>
          </accessor>
        </technique_common>
      </source>
      <source id="mixamorig_Spine2-Matrix-animation-output-transform">
        <float_array id="mixamorig_Spine2-Matrix-animation-output-transform-array" count="896">

0.999471 0.032526 0.000717 -0.000000 -0.031939 0.985161 -0.168632 8.623300 -0.006192 0.168520 0.985679 0.000000 0.000000 0.000000 0.000000 1.000000
0.999438 0.033510 0.000256 0.000000 -0.032996 0.985384 -0.167123 8.623300 -0.005853 0.167021 0.985936 0.000000 0.000000 0.000000 0.000000 1.000000
0.999425 0.033919 -0.000075 0.000000 -0.033490 0.986423 -0.160773 8.623300 -0.005379 0.160683 0.986991 0.000000 0.000000 0.000000 0.000000 1.000000
0.999397 0.034717 -0.000166 -0.000000 -0.034353 0.988188 -0.149347 8.623300 -0.005021 0.149263 0.988785 -0.000000 0.000000 0.000000 0.000000 1.000000
0.999341 0.036309 -0.000027 0.000000 -0.035983 0.990263 -0.134475 8.623300 -0.004856 0.134388 0.990917 0.000000 0.000000 0.000000 0.000000 1.000000
0.999295 0.037539 0.000083 -0.000000 -0.037267 0.992330 -0.117863 8.623300 -0.004506 0.117777 0.993030 0.000000 0.000000 0.000000 0.000000 1.000000
0.999326 0.036707 -0.000208 -0.000000 -0.036547 0.994395 -0.099212 8.623300 -0.003435 0.099152 0.995066 0.000000 0.000000 0.000000 0.000000 1.000000
0.999435 0.033611 -0.000927 0.000000 -0.033580 0.996370 -0.078230 8.623300 -0.001706 0.078217 0.996935 0.000000 0.000000 0.000000 0.000000 1.000000
0.999559 0.029668 -0.001517 -0.000000 -0.029706 0.997846 -0.058482 8.623300 -0.000221 0.058501 0.998287 -0.000000 0.000000 0.000000 0.000000 1.000000
0.999664 0.025884 -0.001350 0.000000 -0.025919 0.998572 -0.046723 8.623300 0.000139 0.046743 0.998907 0.000000 0.000000 0.000000 0.000000 1.000000
0.999769 0.021503 -0.000566 -0.000000 -0.021506 0.998690 -0.046425 8.623300 -0.000433 0.046426 0.998922 0.000000 0.000000 0.000000 0.000000 1.000000
0.999879 0.015537 -0.000080 0.000000 -0.015519 0.998459 -0.053287 8.623300 -0.000748 0.053282 0.998579 0.000000 0.000000 0.000000 0.000000 1.000000
0.999959 0.009079 -0.000538 0.000000 -0.009094 0.998160 -0.059953 8.623300 -0.000008 0.059955 0.998201 -0.000000 0.000000 0.000000 0.000000 1.000000
0.999988 0.004599 -0.001536 0.000000 -0.004688 0.997937 -0.064033 8.623300 0.001238 0.064040 0.997947 -0.000000 0.000000 0.000000 0.000000 1.000000
0.999994 0.002784 -0.002118 0.000000 -0.002919 0.997785 -0.066452 8.623300 0.001928 0.066458 0.997787 0.000000 0.000000 0.000000 0.000000 1.000000
0.999998 0.001212 -0.001838 0.000000 -0.001326 0.997995 -0.063271 8.623300 0.001757 0.063273 0.997995 0.000000 0.000000 0.000000 0.000000 1.000000
0.999994 -0.003285 -0.001177 -0.000000 0.003222 0.998748 -0.049920 8.623300 0.001339 0.049916 0.998753 0.000000 0.000000 0.000000 0.000000 1.000000
0.999937 -0.011197 -0.001162 -0.000000 0.011149 0.999321 -0.035111 8.623300 0.001554 0.035096 0.999383 -0.000000 0.000000 0.000000 0.000000 1.000000
0.999808 -0.019424 -0.002575 0.000000 0.019321 0.999192 -0.035249 8.623300 0.003258 0.035193 0.999375 0.000000 0.000000 0.000000 0.000000 1.000000
0.999697 -0.024092 -0.005098 0.000000 0.023804 0.998438 -0.050542 8.623300 0.006308 0.050405 0.998709 0.000000 0.000000 0.000000 0.000000 1.000000
0.999681 -0.024218 -0.007137 0.000000 0.023733 0.997817 -0.061633 8.623300 0.008614 0.061444 0.998073 0.000000 0.000000 0.000000 0.000000 1.000000
0.999726 -0.022319 -0.007072 -0.000000 0.021912 0.998343 -0.053216 8.623300 0.008248 0.053047 0.998558 0.000000 0.000000 0.000000 0.000000 1.000000
0.999752 -0.021704 -0.004954 0.000000 0.021539 0.999282 -0.031186 8.623300 0.005627 0.031071 0.999501 0.000000 0.000000 0.000000 0.000000 1.000000
0.999712 -0.023860 -0.002449 0.000000 0.023824 0.999618 -0.014004 8.623300 0.002783 0.013942 0.999899 0.000000 0.000000 0.000000 0.000000 1.000000
0.999602 -0.028193 -0.001039 0.000000 0.028177 0.999515 -0.013261 8.623300 0.001412 0.013226 0.999912 0.000000 0.000000 0.000000 0.000000 1.000000
0.999448 -0.033219 -0.000968 0.000000 0.033184 0.999130 -0.025261 8.623300 0.001806 0.025215 0.999680 0.000000 0.000000 0.000000 0.000000 1.000000
0.999325 -0.036683 -0.001839 0.000000 0.036583 0.998565 -0.039099 8.623300 0.003271 0.039006 0.999234 0.000000 0.000000 0.000000 0.000000 1.000000
0.999299 -0.037296 -0.003291 0.000000 0.037082 0.998030 -0.050612 8.623300 0.005172 0.050454 0.998713 0.000000 0.000000 0.000000 0.000000 1.000000
0.999306 -0.036934 -0.004937 0.000000 0.036526 0.997130 -0.066312 8.623300 0.007372 0.066085 0.997787 0.000000 0.000000 0.000000 0.000000 1.000000
0.999298 -0.036907 -0.006438 0.000000 0.036152 0.995028 -0.092806 8.623300 0.009831 0.092508 0.995663 -0.000000 0.000000 0.000000 0.000000 1.000000
0.999389 -0.034048 -0.007939 0.000000 0.032788 0.991597 -0.125140 8.623300 0.012133 0.124803 0.992107 0.000000 0.000000 0.000000 0.000000 1.000000
0.999637 -0.025046 -0.009900 0.000000 0.023302 0.988666 -0.148314 8.623300 0.013502 0.148029 0.988891 0.000000 0.000000 0.000000 0.000000 1.000000
0.999858 -0.011614 -0.012191 0.000000 0.009625 0.988305 -0.152186 8.623300 0.013816 0.152047 0.988277 0.000000 0.000000 0.000000 0.000000 1.000000
0.999906 0.000749 -0.013717 0.000000 -0.002704 0.989714 -0.143034 8.623300 0.013469 0.143057 0.989623 0.000000 0.000000 0.000000 0.000000 1.000000
0.999856 0.010215 -0.013561 0.000000 -0.011966 0.990633 -0.136023 8.623300 0.012045 0.136165 0.990613 0.000000 0.000000 0.000000 0.000000 1.000000
0.999730 0.019903 -0.012006 0.000000 -0.021387 0.989951 -0.139785 8.623300 0.009103 0.140004 0.990109 0.000000 0.000000 0.000000 0.000000 1.000000
0.999433 0.032034 -0.010384 -0.000000 -0.033227 0.988207 -0.149478 8.623300 0.005473 0.149738 0.988711 0.000000 0.000000 0.000000 0.000000 1.000000
0.999035 0.042806 -0.009792 0.000000 -0.043806 0.986983 -0.154742 8.623300 0.003040 0.155022 0.987906 -0.000000 0.000000 0.000000 0.000000 1.000000
0.998871 0.046405 -0.010151 0.000000 -0.047407 0.987391 -0.151038 8.623300 0.003015 0.151349 0.988476 0.000000 0.000000 0.000000 0.000000 1.000000
