<?xml version="1.0" encoding="utf-8"?>
<COLLADA xmlns="http://www.collada.org/2005/11/COLLADASchema" version="1.4.1">
  <asset>
    <contributor>
      <author>Mixamo</author>
      <authoring_tool>COLLADA Mixamo exporter</authoring_tool>
      <comments/>
    </contributor>
    <created>2024-04-05T10:45:26Z</created>
    <modified>2024-04-05T10:45:26Z</modified>
    <revision/>
    <title/>
    <unit meter="0.010000"/>
    <up_axis>Y_UP</up_axis>
  </asset>
  <library_animations>
    <animation id="Armature-anim" name="Armature">
      <source id="Armature-Matrix-animation-input">
        <float_array id="Armature-Matrix-animation-input-array" count="98">

0.000000 0.033333 0.066667 0.100000 0.133333 0.166667 0.200000 0.233333 0.266667 0.300000 0.333333 0.366667 0.400000 0.433333 0.466667 0.500000
0.533333 0.566667 0.600000 0.633333 0.666667 0.700000 0.733333 0.766667 0.800000 0.833333 0.866667 0.900000 0.933333 0.966667 1.000000 1.033333
1.066667 1.100000 1.133333 1.166667 1.200000 1.233333 1.266667 1.300000 1.333333 1.366667 1.400000 1.433333 1.466667 1.500000 1.533333 1.566667
1.600000 1.633333 1.666667 1.700000 1.733333 1.766667 1.800000 1.833333 1.866667 1.900000 1.933333 1.966667 2.000000 2.033333 2.066667 2.100000
2.133333 2.166667 2.200000 2.233333 2.266667 2.300000 2.333333 2.366667 2.400000 2.433333 2.466667 2.500000 2.533333 2.566667 2.600000 2.633333
2.666667 2.700000 2.733333 2.766667 2.800000 2.833333 2.866667 2.900000 2.933333 2.966667 3.000000 3.033333 3.066667 3.100000 3.133333 3.166667
3.200000 3.233333</float_array>
        <technique_common>
          <accessor source="#Armature-Matrix-animation-input-array" count="98">
            <param name="TIME" type="float"/>
          </accessor>
        </technique_common>
      </source>
      <source id="Armature-Matrix-animation-output-transform">
        <float_array id="Armature-Matrix-animation-output-transform-array" count="1568">

1.000000 0.000000 0.000000 0.000000 0.000000 1.000000 0.000000 0.000000 0.000000 0.000000 1.000000 0.000000 0.000000 0.000000 0.000000 1.000000
1.000000 0.000000 0.000000 0.000000 0.000000 1.000000 0.000000 0.000000 0.000000 0.000000 1.000000 0.000000 0.000000 0.000000 0.000000 1.000000
1.000000 0.000000 0.000000 0.000000 0.000000 1.000000 0.000000 0.000000 0.000000 0.000000 1.000000 0.000000 0.000000 0.000000 0.000000 1.000000
1.000000 0.000000 0.000000 0.000000 0.000000 1.000000 0.000000 0.000000 0.000000 0.000000 1.000000 0.000000 0.000000 0.000000 0.000000 1.000000
1.000000 0.000000 0.000000 0.000000 0.000000 1.000000 0.000000 0.000000 0.000000 0.000000 1.000000 0.000000 0.000000 0.000000 0.000000 1.000000
1.000000 0.000000 0.000000 0.000000 0.000000 1.000000 0.000000 0.000000 0.000000 0.000000 1.000000 0.000000 0.000000 0.000000 0.000000 1.000000
1.000000 0.000000 0.000000 0.000000 0.000000 1.000000 0.000000 0.000000 0.000000 0.000000 1.000000 0.000000 0.000000 0.000000 0.000000 1.000000
1.000000 0.000000 0.000000 0.000000 0.000000 1.000000 0.000000 0.000000 0.000000 0.000000 1.000000 0.000000 0.000000 0.000000 0.000000 1.000000
1.000000 0.000000 0.000000 0.000000 0.000000 1.000000 0.000000 0.000000 0.000000 0.000000 1.000000 0.000000 0.000000 0.000000 0.000000 1.000000
1.000000 0.000000 0.000000 0.000000 0.000000 1.000000 0.000000 0.000000 0.000000 0.000000 1.000000 0.000000 0.000000 0.000000 0.000000 1.000000
1.000000 0.000000 0.000000 0.000000 0.000000 1.000000 0.000000 0.000000 0.000000 0.000000 1.000000 0.000000 0.000000 0.000000 0.000000 1.000000
1.000000 0.000000 0.000000 0.000000 0.000000 1.000000 0.000000 0.000000 0.000000 0.000000 1.000000 0.000000 0.000000 0.000000 0.000000 1.000000
1.000000 0.000000 0.000000 0.000000 0.000000 1.000000 0.000000 0.000000 0.000000 0.000000 1.000000 0.000000 0.000000 0.000000 0.000000 1.000000
1.000000 0.000000 0.000000 0.000000 0.000000 1.000000 0.000000 0.000000 0.000000 0.000000 1.000000 0.000000 0.000000 0.000000 0.000000 1.000000
1.000000 0.000000 0.000000 0.000000 0.000000 1.000000 0.000000 0.000000 0.000000 0.000000 1.000000 0.000000 0.000000 0.000000 0.000000 1.000000
1.000000 0.000000 0.000000 0.000000 0.000000 1.000000 0.000000 0.000000 0.000000 0.000000 1.000000 0.000000 0.000000 0.000000 0.000000 1.000000
1.000000 0.000000 0.000000 0.000000 0.000000 1.000000 0.000000 0.000000 0.000000 0.000000 1.000000 0.000000 0.000000 0.000000 0.000000 1.000000
1.000000 0.000000 0.000000 0.000000 0.000000 1.000000 0.000000 0.000000 0.000000 0.000000 1.000000 0.000000 0.000000 0.000000 0.000000 1.000000
1.000000 0.000000 0.000000 0.000000 0.000000 1.000000 0.000000 0.000000 0.000000 0.000000 1.000000 0.000000 0.000000 0.000000 0.000000 1.000000
1.000000 0.000000 0.000000 0.000000 0.000000 1.000000 0.000000 0.000000 0.000000 0.000000 1.000000 0.000000 0.000000 0.000000 0.000000 1.000000
1.000000 0.000000 0.000000 0.000000 0.000000 1.000000 0.000000 0.000000 0.000000 0.000000 1.000000 0.000000 0.000000 0.000000 0.000000 1.000000
1.000000 0.000000 0.000000 0.000000 0.000000 1.000000 0.000000 0.000000 0.000000 0.000000 1.000000 0.000000 0.000000 0.000000 0.000000 1.000000
1.000000 0.000000 0.000000 0.000000 0.000000 1.000000 0.000000 0.000000 0.000000 0.000000 1.000000 0.000000 0.000000 0.000000 0.000000 1.000000
1.000000 0.000000 0.000000 0.000000 0.000000 1.000000 0.000000 0.000000 0.000000 0.000000 1.000000 0.000000 0.000000 0.000000 0.000000 1.000000
1.000000 0.000000 0.000000 0.000000 0.000000 1.000000 0.000000 0.000000 0.000000 0.000000 1.000000 0.000000 0.000000 0.000000 0.000000 1.000000
1.000000 0.000000 0.000000 0.000000 0.000000 1.000000 0.000000 0.000000 0.000000 0.000000 1.000000 0.000000 0.000000 0.000000 0.000000 1.000000
1.000000 0.000000 0.000000 0.000000 0.000000 1.000000 0.000000 0.000000 0.000000 0.000000 1.000000 0.000000 0.000000 0.000000 0.000000 1.000000
1.000000 0.000000 0.000000 0.000000 0.000000 1.000000 0.000000 0.000000 0.000000 0.000000 1.000000 0.000000 0.000000 0.000000 0.000000 1.000000
1.000000 0.000000 0.000000 0.000000 0.000000 1.000000 0.000000 0.000000 0.000000 0.000000 1.000000 0.000000 0.000000 0.000000 0.000000 1.000000
1.000000 0.000000 0.000000 0.000000 0.000000 1.000000 0.000000 0.000000 0.000000 0.000000 1.000000 0.000000 0.000000 0.000000 0.000000 1.000000
1.000000 0.000000 0.000000 0.000000 0.000000 1.000000 0.000000 0.000000 0.000000 0.000000 1.000000 0.000000 0.000000 0.000000 0.000000 1.000000
1.000000 0.000000 0.000000 0.000000 0.000000 1.000000 0.000000 0.000000 0.000000 0.000000 1.000000 0.000000 0.000000 0.000000 0.000000 1.000000
1.000000 0.000000 0.000000 0.000000 0.000000 1.000000 0.000000 0.000000 0.000000 0.000000 1.000000 0.000000 0.000000 0.000000 0.000000 1.000000
1.000000 0.000000 0.000000 0.000000 0.000000 1.000000 0.000000 0.000000 0.000000 0.000000 1.000000 0.000000 0.000000 0.000000 0.000000 1.000000
1.000000 0.000000 0.000000 0.000000 0.000000 1.000000 0.000000 0.000000 0.000000 0.000000 1.000000 0.000000 0.000000 0.000000 0.000000 1.000000
1.000000 0.000000 0.000000 0.000000 0.000000 1.000000 0.000000 0.000000 0.000000 0.000000 1.000000 0.000000 0.000000 0.000000 0.000000 1.000000
1.000000 0.000000 0.000000 0.000000 0.000000 1.000000 0.000000 0.000000 0.000000 0.000000 1.000000 0.000000 0.000000 0.000000 0.000000 1.000000
1.000000 0.000000 0.000000 0.000000 0.000000 1.000000 0.000000 0.000000 0.000000 0.000000 1.000000 0.000000 0.000000 0.000000 0.000000 1.000000
1.000000 0.000000 0.000000 0.000000 0.000000 1.000000 0.000000 0.000000 0.000000 0.000000 1.000000 0.000000 0.000000 0.000000 0.000000 1.000000
1.000000 0.000000 0.000000 0.000000 0.000000 1.000000 0.000000 0.000000 0.000000 0.000000 1.000000 0.000000 0.000000 0.000000 0.000000 1.000000
1.000000 0.000000 0.000000 0.000000 0.000000 1.000000 0.000000 0.000000 0.000000 0.000000 1.000000 0.000000 0.000000 0.000000 0.000000 1.000000
1.000000 0.000000 0.000000 0.000000 0.000000 1.000000 0.000000 0.000000 0.000000 0.000000 1.000000 0.000000 0.000000 0.000000 0.000000 1.000000
1.000000 0.000000 0.000000 0.000000 0.000000 1.000000 0.000000 0.000000 0.000000 0.000000 1.000000 0.000000 0.000000 0.000000 0.000000 1.000000
1.000000 0.000000 0.000000 0.000000 0.000000 1.000000 0.000000 0.000000 0.000000 0.000000 1.000000 0.000000 0.000000 0.000000 0.000000 1.000000
1.000000 0.000000 0.000000 0.000000 0.000000 1.000000 0.000000 0.000000 0.000000 0.000000 1.000000 0.000000 0.000000 0.000000 0.000000 1.000000
1.000000 0.000000 0.000000 0.000000 0.000000 1.000000 0.000000 0.000000 0.000000 0.000000 1.000000 0.000000 0.000000 0.000000 0.000000 1.000000
1.000000 0.000000 0.000000 0.000000 0.000000 1.000000 0.000000 0.000000 0.000000 0.000000 1.000000 0.000000 0.000000 0.000000 0.000000 1.000000
1.000000 0.000000 0.000000 0.000000 0.000000 1.000000 0.000000 0.000000 0.000000 0.000000 1.000000 0.000000 0.000000 0.000000 0.000000 1.000000
1.000000 0.000000 0.000000 0.000000 0.000000 1.000000 0.000000 0.000000 0.000000 0.000000 1.000000 0.000000 0.000000 0.000000 0.000000 1.000000
1.000000 0.000000 0.000000 0.000000 0.000000 1.000000 0.000000 0.000000 0.000000 0.000000 1.000000 0.000000 0.000000 0.000000 0.000000 1.000000
1.000000 0.000000 0.000000 0.000000 0.000000 1.000000 0.000000 0.000000 0.000000 0.000000 1.000000 0.000000 0.000000 0.000000 0.000000 1.000000
1.000000 0.000000 0.000000 0.000000 0.000000 1.000000 0.000000 0.000000 0.000000 0.000000 1.000000 0.000000 0.000000 0.000000 0.000000 1.000000
1.000000 0.000000 0.000000 0.000000 0.000000 1.000000 0.000000 0.000000 0.000000 0.000000 1.000000 0.000000 0.000000 0.000000 0.000000 1.000000
1.000000 0.000000 0.000000 0.000000 0.000000 1.000000 0.000000 0.000000 0.000000 0.000000 1.000000 0.000000 0.000000 0.000000 0.000000 1.000000
1.000000 0.000000 0.000000 0.000000 0.000000 1.000000 0.000000 0.000000 0.000000 0.000000 1.000000 0.000000 0.000000 0.000000 0.000000 1.000000
1.000000 0.000000 0.000000 0.000000 0.000000 1.000000 0.000000 0.000000 0.000000 0.000000 1.000000 0.000000 0.000000 0.000000 0.000000 1.000000
1.000000 0.000000 0.000000 0.000000 0.000000 1.000000 0.000000 0.000000 0.000000 0.000000 1.000000 0.000000 0.000000 0.000000 0.000000 1.000000
1.000000 0.000000 0.000000 0.000000 0.000000 1.000000 0.000000 0.000000 0.000000 0.000000 1.000000 0.000000 0.000000 0.000000 0.000000 1.000000
1.000000 0.000000 0.000000 0.000000 0.000000 1.000000 0.000000 0.000000 0.000000 0.000000 1.000000 0.000000 0.000000 0.000000 0.000000 1.000000
1.000000 0.000000 0.000000 0.000000 0.000000 1.000000 0.000000 0.000000 0.000000 0.000000 1.000000 0.000000 0.000000 0.000000 0.000000 1.000000
1.000000 0.000000 0.000000 0.000000 0.000000 1.000000 0.000000 0.000000 0.000000 0.000000 1.000000 0.000000 0.000000 0.000000 0.000000 1.000000
1.000000 0.000000 0.000000 0.000000 0.000000 1.000000 0.000000 0.000000 0.000000 0.000000 1.000000 0.000000 0.000000 0.000000 0.000000 1.000000
1.000000 0.000000 0.000000 0.000000 0.000000 1.000000 0.000000 0.000000 0.000000 0.000000 1.000000 0.000000 0.000000 0.000000 0.000000 1.000000
1.000000 0.000000 0.000000 0.000000 0.000000 1.000000 0.000000 0.000000 0.000000 0.000000 1.000000 0.000000 0.000000 0.000000 0.000000 1.000000
1.000000 0.000000 0.000000 0.000000 0.000000 1.000000 0.000000 0.000000 0.000000 0.000000 1.000000 0.000000 0.000000 0.000000 0.000000 1.000000
1.000000 0.000000 0.000000 0.000000 0.000000 1.000000 0.000000 0.000000 0.000000 0.000000 1.000000 0.000000 0.000000 0.000000 0.000000 1.000000
1.000000 0.000000 0.000000 0.000000 0.000000 1.000000 0.000000 0.000000 0.000000 0.000000 1.000000 0.000000 0.000000 0.000000 0.000000 1.000000
1.000000 0.000000 0.000000 0.000000 0.000000 1.000000 0.000000 0.000000 0.000000 0.000000 1.000000 0.000000 0.000000 0.000000 0.000000 1.000000
1.000000 0.000000 0.000000 0.000000 0.000000 1.000000 0.000000 0.000000 0.000000 0.000000 1.000000 0.000000 0.000000 0.000000 0.000000 1.000000
1.000000 0.000000 0.000000 0.000000 0.000000 1.000000 0.000000 0.000000 0.000000 0.000000 1.000000 0.000000 0.000000 0.000000 0.000000 1.000000
1.000000 0.000000 0.000000 0.000000 0.000000 1.000000 0.000000 0.000000 0.000000 0.000000 1.000000 0.000000 0.000000 0.000000 0.000000 1.000000
1.000000 0.000000 0.000000 0.000000 0.000000 1.000000 0.000000 0.000000 0.000000 0.000000 1.000000 0.000000 0.000000 0.000000 0.000000 1.000000
1.000000 0.000000 0.000000 0.000000 0.000000 1.000000 0.000000 0.000000 0.000000 0.000000 1.000000 0.000000 0.000000 0.000000 0.000000 1.000000
1.000000 0.000000 0.000000 0.000000 0.000000 1.000000 0.000000 0.000000 0.000000 0.000000 1.000000 0.000000 0.000000 0.000000 0.000000 1.000000
1.000000 0.000000 0.000000 0.000000 0.000000 1.000000 0.000000 0.000000 0.000000 0.000000 1.000000 0.000000 0.000000 0.000000 0.000000 1.000000
1.000000 0.000000 0.000000 0.000000 0.000000 1.000000 0.000000 0.000000 0.000000 0.000000 1.000000 0.000000 0.000000 0.000000 0.000000 1.000000
1.000000 0.000000 0.000000 0.000000 0.000000 1.000000 0.000000 0.000000 0.000000 0.000000 1.000000 0.000000 0.000000 0.000000 0.000000 1.000000
1.000000 0.000000 0.000000 0.000000 0.000000 1.000000 0.000000 0.000000 0.000000 0.000000 1.000000 0.000000 0.000000 0.000000 0.000000 1.000000
1.000000 0.000000 0.000000 0.000000 0.000000 1.000000 0.000000 0.000000 0.000000 0.000000 1.000000 0.000000 0.000000 0.000000 0.000000 1.000000
1.000000 0.000000 0.000000 0.000000 0.000000 1.000000 0.000000 0.000000 0.000000 0.000000 1.000000 0.000000 0.000000 0.000000 0.000000 1.000000
1.000000 0.000000 0.000000 0.000000 0.000000 1.000000 0.000000 0.000000 0.000000 0.000000 1.000000 0.000000 0.000000 0.000000 0.000000 1.000000
1.000000 0.000000 0.000000 0.000000 0.000000 1.000000 0.000000 0.000000 0.000000 0.000000 1.000000 0.000000 0.000000 0.000000 0.000000 1.000000
1.000000 0.000000 0.000000 0.000000 0.000000 1.000000 0.000000 0.000000 0.000000 0.000000 1.000000 0.000000 0.000000 0.000000 0.000000 1.000000
1.000000 0.000000 0.000000 0.000000 0.000000 1.000000 0.000000 0.000000 0.000000 0.000000 1.000000 0.000000 0.000000 0.000000 0.000000 1.000000
1.000000 0.000000 0.000000 0.000000 0.000000 1.000000 0.000000 0.000000 0.000000 0.000000 1.000000 0.000000 0.000000 0.000000 0.000000 1.000000
1.000000 0.000000 0.000000 0.000000 0.000000 1.000000 0.000000 0.000000 0.000000 0.000000 1.000000 0.000000 0.000000 0.000000 0.000000 1.000000
1.000000 0.000000 0.000000 0.000000 0.000000 1.000000 0.000000 0.000000 0.000000 0.000000 1.000000 0.000000 0.000000 0.000000 0.000000 1.000000
1.000000 0.000000 0.000000 0.000000 0.000000 1.000000 0.000000 0.000000 0.000000 0.000000 1.000000 0.000000 0.000000 0.000000 0.000000 1.000000
1.000000 0.000000 0.000000 0.000000 0.000000 1.000000 0.000000 0.000000 0.000000 0.000000 1.000000 0.000000 0.000000 0.000000 0.000000 1.000000
1.000000 0.000000 0.000000 0.000000 0.000000 1.000000 0.000000 0.000000 0.000000 0.000000 1.000000 0.000000 0.000000 0.000000 0.000000 1.000000
1.000000 0.000000 0.000000 0.000000 0.000000 1.000000 0.000000 0.000000 0.000000 0.000000 1.000000 0.000000 0.000000 0.000000 0.000000 1.000000
1.000000 0.000000 0.000000 0.000000 0.000000 1.000000 0.000000 0.000000 0.000000 0.000000 1.000000 0.000000 0.000000 0.000000 0.000000 1.000000
1.000000 0.000000 0.000000 0.000000 0.000000 1.000000 0.000000 0.000000 0.000000 0.000000 1.000000 0.000000 0.000000 0.000000 0.000000 1.000000
1.000000 0.000000 0.000000 0.000000 0.000000 1.000000 0.000000 0.000000 0.000000 0.000000 1.000000 0.000000 0.000000 0.000000 0.000000 1.000000
1.000000 0.000000 0.000000 0.000000 0.000000 1.000000 0.000000 0.000000 0.000000 0.000000 1.000000 0.000000 0.000000 0.000000 0.000000 1.000000
1.000000 0.000000 0.000000 0.000000 0.000000 1.000000 0.000000 0.000000 0.000000 0.000000 1.000000 0.000000 0.000000 0.000000 0.000000 1.000000
1.000000 0.000000 0.000000 0.000000 0.000000 1.000000 0.000000 0.000000 0.000000 0.000000 1.000000 0.000000 0.000000 0.000000 0.000000 1.000000
1.000000 0.000000 0.000000 0.000000 0.000000 1.000000 0.000000 0.000000 0.000000 0.000000 1.000000 0.000000 0.000000 0.000000 0.000000 1.000000</float_array>
        <technique_common>
          <accessor source="#Armature-Matrix-animation-output-transform-array" count="98" stride="16">
            <param type="float4x4"/>
          </accessor>
        </technique_common>
      </source>
      <source id="Armature-Interpolations">
        <Name_array id="Armature-Interpolations-array" count="98">
 LINEAR LINEAR LINEAR LINEAR LINEAR LINEAR LINEAR LINEAR LINEAR LINEAR LINEAR
LINEAR LINEAR LINEAR LINEAR LINEAR LINEAR LINEAR LINEAR LINEAR LINEAR LINEAR LINEAR
LINEAR LINEAR LINEAR LINEAR LINEAR LINEAR LINEAR LINEAR LINEAR LINEAR LINEAR LINEAR
LINEAR LINEAR LINEAR LINEAR LINEAR LINEAR LINEAR LINEAR LINEAR LINEAR LINEAR LINEAR
LINEAR LINEAR LINEAR LINEAR LINEAR LINEAR LINEAR LINEAR LINEAR LINEAR LINEAR LINEAR
LINEAR LINEAR LINEAR LINEAR LINEAR LINEAR LINEAR LINEAR LINEAR LINEAR LINEAR LINEAR
LINEAR LINEAR LINEAR LINEAR LINEAR LINEAR LINEAR LINEAR LINEAR LINEAR LINEAR LINEAR
LINEAR LINEAR LINEAR LINEAR LINEAR LINEAR LINEAR LINEAR LINEAR LINEAR LINEAR LINEAR
LINEAR LINEAR LINEAR</Name_array>
        <technique_common>
          <accessor source="#Armature-Interpolations-array" count="98">
            <param type="name"/>
          </accessor>
        </technique_common>
      </source>
      <sampler id="Armature-Matrix-animation-transform">
        <input semantic="INPUT" source="#Armature-Matrix-animation-input"/>
        <input semantic="OUTPUT" source="#Armature-Matrix-animation-output-transform"/>
        <input semantic="INTERPOLATION" source="#Armature-Interpolations"/>
      </sampler>
      <channel source="#Armature-Matrix-animation-transform" target="Armature/matrix"/>
    </animation>
    <animation id="mixamorig_Hips-anim" name="mixamorig_Hips">
      <source id="mixamorig_Hips-Matrix-animation-input">
        <float_array id="mixamorig_Hips-Matrix-animation-input-array" count="98">

0.000000 0.033333 0.066667 0.100000 0.133333 0.166667 0.200000 0.233333 0.266667 0.300000 0.333333 0.366667 0.400000 0.433333 0.466667 0.500000
0.533333 0.566667 0.600000 0.633333 0.666667 0.700000 0.733333 0.766667 0.800000 0.833333 0.866667 0.900000 0.933333 0.966667 1.000000 1.033333
1.066667 1.100000 1.133333 1.166667 1.200000 1.233333 1.266667 1.300000 1.333333 1.366667 1.400000 1.433333 1.466667 1.500000 1.533333 1.566667
1.600000 1.633333 1.666667 1.700000 1.733333 1.766667 1.800000 1.833333 1.866667 1.900000 1.933333 1.966667 2.000000 2.033333 2.066667 2.100000
2.133333 2.166667 2.200000 2.233333 2.266667 2.300000 2.333333 2.366667 2.400000 2.433333 2.466667 2.500000 2.533333 2.566667 2.600000 2.633333
2.666667 2.700000 2.733333 2.766667 2.800000 2.833333 2.866667 2.900000 2.933333 2.966667 3.000000 3.033333 3.066667 3.100000 3.133333 3.166667
3.200000 3.233333</float_array>
        <technique_common>
          <accessor source="#mixamorig_Hips-Matrix-animation-input-array" count="98">
            <param name="TIME" type="float"/>
          </accessor>
        </technique_common>
      </source>
      <source id="mixamorig_Hips-Matrix-animation-output-transform">
        <float_array id="mixamorig_Hips-Matrix-animation-output-transform-array" count="1568">

0.993014 -0.048274 0.107666 -0.535513 0.045724 0.998615 0.026029 186.620087 -0.108773 -0.020924 0.993846 -3.476092 0.000000 0.000000 0.000000 1.000000
0.992688 -0.050078 0.109826 -0.525300 0.048278 0.998653 0.018988 186.665680 -0.110629 -0.013547 0.993769 -3.285168 0.000000 0.000000 0.000000 1.000000
0.992911 -0.052761 0.106504 -0.511937 0.051262 0.998545 0.016764 186.707520 -0.107233 -0.011186 0.994171 -3.280923 0.000000 0.000000 0.000000 1.000000
0.993542 -0.054527 0.099499 -0.469720 0.053044 0.998439 0.017497 186.674438 -0.100298 -0.012107 0.994884 -3.398717 0.000000 0.000000 0.000000 1.000000
0.994308 -0.055452 0.090978 -0.444724 0.053931 0.998362 0.019091 186.644409 -0.091887 -0.014076 0.995670 -3.548551 0.000000 0.000000 0.000000 1.000000
0.994994 -0.054766 0.083587 -0.435307 0.053298 0.998384 0.019700 186.612579 -0.084531 -0.015147 0.996306 -3.678672 0.000000 0.000000 0.000000 1.000000
0.995289 -0.052958 0.081211 -0.428110 0.051645 0.998500 0.018177 186.571732 -0.082052 -0.013898 0.996531 -3.752710 0.000000 0.000000 0.000000 1.000000
0.994890 -0.051501 0.086840 -0.408232 0.050490 0.998629 0.013807 186.507935 -0.087432 -0.009352 0.996127 -3.720026 0.000000 0.000000 0.000000 1.000000
0.993801 -0.050506 0.099043 -0.344360 0.050227 0.998724 0.005308 186.377930 -0.099185 -0.000301 0.995069 -3.479406 0.000000 0.000000 0.000000 1.000000
0.992748 -0.048547 0.109976 -0.209858 0.049299 0.998776 -0.004128 186.267944 -0.109641 0.009519 0.993926 -3.009534 0.000000 0.000000 0.000000 1.000000
0.992578 -0.043740 0.113473 0.021786 0.045260 0.998916 -0.010848 186.290878 -0.112876 0.015903 0.993482 -2.372698 0.000000 0.000000 0.000000 1.000000
0.993133 -0.035509 0.111469 0.361510 0.037636 0.999146 -0.017034 186.445496 -0.110769 0.021113 0.993622 -1.584036 0.000000 0.000000 0.000000 1.000000
0.993911 -0.025978 0.107078 0.797815 0.028933 0.999240 -0.026134 186.698120 -0.106318 0.029073 0.993907 -0.666651 0.000000 0.000000 0.000000 1.000000
0.994724 -0.017308 0.101121 1.304683 0.021553 0.998925 -0.041039 187.014755 -0.100302 0.043002 0.994027 0.345755 0.000000 0.000000 0.000000 1.000000
0.995505 -0.010046 0.094180 1.852218 0.015879 0.997988 -0.061386 187.367508 -0.093373 0.062606 0.993661 1.434214 0.000000 0.000000 0.000000 1.000000
0.996021 -0.003382 0.089053 2.418148 0.010870 0.996429 -0.083728 187.719040 -0.088452 0.084362 0.992501 2.618580 0.000000 0.000000 0.000000 1.000000
0.996041 0.003687 0.088816 2.975941 0.005724 0.994406 -0.105474 188.057480 -0.088708 0.105565 0.990448 3.931526 0.000000 0.000000 0.000000 1.000000
0.995558 0.012237 0.093354 3.500909 -0.000293 0.991916 -0.126894 188.348679 -0.094152 0.126303 0.987513 5.416820 0.000000 0.000000 0.000000 1.000000
0.994596 0.021971 0.101465 3.959509 -0.006761 0.988983 -0.147874 188.578033 -0.103596 0.146389 0.983788 7.122763 0.000000 0.000000 0.000000 1.000000
0.992823 0.032205 0.115179 4.326638 -0.012865 0.986231 -0.164869 188.701599 -0.118902 0.162204 0.979567 9.108679 0.000000 0.000000 0.000000 1.000000
0.989553 0.043699 0.137385 4.603204 -0.019396 0.984645 -0.173487 188.704926 -0.142857 0.169010 0.975206 11.404633 0.000000 0.000000 0.000000 1.000000
0.984481 0.058837 0.165331 4.825716 -0.029893 0.984577 -0.172379 188.648193 -0.172924 0.164762 0.971057 13.980511 0.000000 0.000000 0.000000 1.000000
0.979494 0.079366 0.185183 5.039739 -0.047391 0.984112 -0.171106 187.984940 -0.195821 0.158821 0.967693 16.388351 0.000000 0.000000 0.000000 1.000000
0.974519 0.103428 0.199035 5.132795 -0.071217 0.984103 -0.162694 187.235413 -0.212698 0.144374 0.966393 19.034460 0.000000 0.000000 0.000000 1.000000
0.969191 0.126109 0.211581 5.055849 -0.095038 0.983937 -0.151115 186.330276 -0.227239 0.126351 0.965608 21.967104 0.000000 0.000000 0.000000 1.000000
0.962897 0.142794 0.228996 4.998465 -0.112092 0.983507 -0.141949 185.560333 -0.245489 0.111014 0.963022 25.234715 0.000000 0.000000 0.000000 1.000000
0.956995 0.151572 0.247357 5.133524 -0.120273 0.983220 -0.137162 185.130280 -0.263996 0.101513 0.959167 28.800331 0.000000 0.000000 0.000000 1.000000
0.954641 0.155029 0.254218 5.428960 -0.124487 0.983373 -0.132216 184.965179 -0.270489 0.094572 0.958067 32.677055 0.000000 0.000000 0.000000 1.000000
0.956964 0.160682 0.241665 5.750771 -0.131739 0.982511 -0.131597 184.989716 -0.258584 0.094096 0.961395 37.047039 0.000000 0.000000 0.000000 1.000000
0.960971 0.171848 0.216802 6.021622 -0.144698 0.980148 -0.135543 185.064346 -0.235790 0.098882 0.966760 42.010693 0.000000 0.000000 0.000000 1.000000
0.963805 0.183704 0.193215 6.194604 -0.159084 0.977832 -0.136149 185.140793 -0.213943 0.100484 0.971664 47.515331 0.000000 0.000000 0.000000 1.000000
0.965552 0.193067 0.174456 6.340885 -0.171396 0.976336 -0.131878 184.908661 -0.195789 0.097434 0.975794 53.289955 0.000000 0.000000 0.000000 1.000000
0.967835 0.196805 0.156728 6.697817 -0.178643 0.976233 -0.122699 183.822006 -0.177151 0.090754 0.979990 58.911015 0.000000 0.000000 0.000000 1.000000
0.970958 0.195188 0.138352 7.083624 -0.180490 0.977186 -0.111940 181.707306 -0.157045 0.083718 0.984037 64.341873 0.000000 0.000000 0.000000 1.000000
0.974667 0.188893 0.119767 7.297882 -0.177044 0.978803 -0.102957 178.719971 -0.136676 0.079145 0.987449 69.902679 0.000000 0.000000 0.000000 1.000000
0.979105 0.177231 0.099717 7.306333 -0.167563 0.980956 -0.098223 174.877914 -0.115226 0.079462 0.990156 75.620842 0.000000 0.000000 0.000000 1.000000
0.983936 0.159252 0.080679 6.981016 -0.150975 0.983464 -0.100022 170.350952 -0.095274 0.086234 0.991709 81.255302 0.000000 0.000000 0.000000 1.000000
0.987785 0.140889 0.066570 6.395854 -0.133252 0.985197 -0.107843 165.053116 -0.080779 0.097655 0.991937 86.711502 0.000000 0.000000 0.000000 1.000000
0.990010 0.130349 0.053750 5.741848 -0.123282 0.985255 -0.118631 158.873108 -0.068421 0.110820 0.991483 92.234329 0.000000 0.000000 0.000000 1.000000
0.990978 0.127464 0.041412 5.043683 -0.122354 0.986527 -0.108598 151.979980 -0.054696 0.102551 0.993223 97.604973 0.000000 0.000000 0.000000 1.000000
0.991520 0.127553 0.024856 4.504242 -0.124650 0.987583 -0.095612 143.969376 -0.036743 0.091703 0.995108 102.934509 0.000000 0.000000 0.000000 1.000000
0.992240 0.123820 0.011361 4.089539 -0.122458 0.988970 -0.083320 134.736374 -0.021552 0.081283 0.996458 108.370827 0.000000 0.000000 0.000000 1.000000
0.993522 0.113156 0.010443 3.700330 -0.112056 0.990832 -0.075467 125.429504 -0.018887 0.073808 0.997094 112.565079 0.000000 0.000000 0.000000 1.000000
0.994989 0.098026 0.019674 3.290600 -0.096529 0.993117 -0.066339 117.132141 -0.026042 0.064108 0.997603 115.684540 0.000000 0.000000 0.000000 1.000000
0.996635 0.079000 0.021873 3.282220 -0.078098 0.996166 -0.039407 108.608772 -0.024902 0.037567 0.998984 117.492409 0.000000 0.000000 0.000000 1.000000
0.998601 0.052418 0.006928 3.887060 -0.052483 0.998576 0.009592 100.061798 -0.006416 -0.009942 0.999930 118.865295 0.000000 0.000000 0.000000 1.000000
0.999477 0.029033 -0.014270 4.290740 -0.028290 0.998361 0.049754 91.760757 0.015691 -0.049324 0.998660 120.372398 0.000000 0.000000 0.000000 1.000000
0.999546 0.014444 -0.026442 4.595569 -0.013112 0.998670 0.049868 84.475807 0.027127 -0.049499 0.998406 121.672394 0.000000 0.000000 0.000000 1.000000
0.999437 0.007371 -0.032733 4.962411 -0.006552 0.999665 0.025059 78.429825 0.032907 -0.024830 0.999150 122.531883 0.000000 0.000000 0.000000 1.000000
0.998977 0.005086 -0.044934 5.465855 -0.004622 0.999935 0.010412 73.823929 0.044984 -0.010194 0.998936 123.163269 0.000000 0.000000 0.000000 1.000000
0.997821 0.002330 -0.065935 6.097247 -0.001619 0.999940 0.010838 71.112823 0.065956 -0.010708 0.997765 123.847145 0.000000 0.000000 0.000000 1.000000
0.995727 -0.002364 -0.092311 6.792918 0.003167 0.999958 0.008552 70.830284 0.092287 -0.008808 0.995694 124.635567 0.000000 0.000000 0.000000 1.000000
0.992750 -0.004721 -0.120106 7.487277 0.004113 0.999977 -0.005309 72.395454 0.120128 0.004776 0.992747 125.437729 0.000000 0.000000 0.000000 1.000000
0.990337 -0.002372 -0.138659 8.345015 -0.001010 0.999704 -0.024316 75.044525 0.138676 0.024221 0.990042 125.979599 0.000000 0.000000 0.000000 1.000000
0.987628 0.002789 -0.156789 9.142377 -0.009344 0.999112 -0.041088 78.041191 0.156535 0.042044 0.986777 126.479668 0.000000 0.000000 0.000000 1.000000
0.984331 0.005893 -0.176230 9.838021 -0.015115 0.998583 -0.051030 80.647484 0.175680 0.052894 0.983025 126.922180 0.000000 0.000000 0.000000 1.000000
0.980372 0.007813 -0.197002 10.390859 -0.019106 0.998277 -0.055487 83.499023 0.196229 0.058162 0.978832 127.296684 0.000000 0.000000 0.000000 1.000000
0.976345 0.012671 -0.215846 10.785077 -0.026107 0.997886 -0.059508 86.422424 0.214635 0.063736 0.974612 127.612160 0.000000 0.000000 0.000000 1.000000
0.973354 0.020521 -0.228386 11.019693 -0.036448 0.997171 -0.065741 89.296173 0.226390 0.072313 0.971349 127.876297 0.000000 0.000000 0.000000 1.000000
0.971959 0.027983 -0.233480 11.092900 -0.046042 0.996323 -0.072259 91.991142 0.230600 0.080982 0.969673 128.091812 0.000000 0.000000 0.000000 1.000000
0.971750 0.033460 -0.233627 11.018885 -0.052732 0.995656 -0.076734 94.380951 0.230044 0.086886 0.969294 128.285080 0.000000 0.000000 0.000000 1.000000
0.972374 0.038287 -0.230266 10.836548 -0.057905 0.995187 -0.079051 95.921356 0.226132 0.090201 0.969912 128.466095 0.000000 0.000000 0.000000 1.000000
0.974239 0.043437 -0.221297 10.563844 -0.062457 0.994861 -0.079688 97.176544 0.216698 0.091457 0.971945 128.655640 0.000000 0.000000 0.000000 1.000000
0.977649 0.047709 -0.204760 10.165314 -0.064928 0.994820 -0.078212 98.082672 0.199968 0.089758 0.975683 128.868500 0.000000 0.000000 0.000000 1.000000
0.981885 0.049746 -0.182830 9.631227 -0.064281 0.995151 -0.074449 98.595329 0.178240 0.084853 0.980322 129.103333 0.000000 0.000000 0.000000 1.000000
0.986113 0.048521 -0.158830 8.977167 -0.060089 0.995815 -0.068858 98.990128 0.154825 0.077446 0.984902 129.359497 0.000000 0.000000 0.000000 1.000000
0.990129 0.044004 -0.133069 8.214645 -0.052514 0.996747 -0.061133 98.992012 0.129946 0.067518 0.989220 129.630463 0.000000 0.000000 0.000000 1.000000
0.993927 0.035086 -0.104296 7.322801 -0.040542 0.997893 -0.050659 98.749008 0.102299 0.054580 0.993255 129.884155 0.000000 0.000000 0.000000 1.000000
0.997468 0.022397 -0.067503 6.333867 -0.025014 0.998958 -0.038172 98.469482 0.066577 0.039764 0.996989 130.060226 0.000000 0.000000 0.000000 1.000000
0.999328 0.008762 -0.035595 5.341772 -0.009671 0.999629 -0.025450 98.175461 0.035359 0.025777 0.999042 130.121948 0.000000 0.000000 0.000000 1.000000
0.999913 -0.002410 -0.012973 4.373121 0.002227 0.999897 -0.014144 97.875687 0.013006 0.014114 0.999816 130.075073 0.000000 0.000000 0.000000 1.000000
0.999939 -0.010944 0.001709 3.299170 0.010952 0.999928 -0.004915 97.579788 -0.001655 0.004934 0.999986 129.953705 0.000000 0.000000 0.000000 1.000000
0.999740 -0.018535 0.013301 2.282941 0.018517 0.999827 0.001462 97.298828 -0.013326 -0.001215 0.999910 129.778137 0.000000 0.000000 0.000000 1.000000
0.999330 -0.025809 0.025939 1.481981 0.025701 0.999660 0.004488 97.043961 -0.026046 -0.003818 0.999653 129.550781 0.000000 0.000000 0.000000 1.000000
0.998667 -0.032248 0.040308 1.051825 0.032052 0.999471 0.005498 96.823311 -0.040464 -0.004198 0.999172 129.276459 0.000000 0.000000 0.000000 1.000000
0.997815 -0.037494 0.054403 1.013578 0.037194 0.999287 0.006525 96.643295 -0.054609 -0.004487 0.998498 128.957352 0.000000 0.000000 0.000000 1.000000
0.996939 -0.041515 0.066243 0.982904 0.041072 0.999124 0.008037 96.514061 -0.066519 -0.005292 0.997771 128.831436 0.000000 0.000000 0.000000 1.000000
0.996192 -0.044349 0.075061 0.961221 0.043752 0.998996 0.009581 96.446777 -0.075410 -0.006261 0.997133 128.825256 0.000000 0.000000 0.000000 1.000000
0.995656 -0.045973 0.080966 0.945387 0.045177 0.998911 0.011627 96.424019 -0.081413 -0.007918 0.996649 128.827682 0.000000 0.000000 0.000000 1.000000
0.995323 -0.046363 0.084755 0.932534 0.045265 0.998865 0.014833 96.419899 -0.085346 -0.010927 0.996291 128.842682 0.000000 0.000000 0.000000 1.000000
0.995043 -0.046177 0.088076 0.923258 0.044739 0.998832 0.018234 96.434891 -0.088815 -0.014203 0.995947 128.860901 0.000000 0.000000 0.000000 1.000000
0.994545 -0.046663 0.093294 0.920916 0.044910 0.998774 0.020804 96.469795 -0.094150 -0.016500 0.995421 128.871933 0.000000 0.000000 0.000000 1.000000
0.993588 -0.048307 0.102222 0.924195 0.046213 0.998672 0.022755 96.522438 -0.103185 -0.017885 0.994501 128.876068 0.000000 0.000000 0.000000 1.000000
0.993316 -0.048703 0.104651 0.932904 0.046441 0.998634 0.023943 96.590508 -0.105674 -0.018923 0.994221 128.863968 0.000000 0.000000 0.000000 1.000000
0.993249 -0.048731 0.105266 0.932713 0.046395 0.998622 0.024527 96.671913 -0.106316 -0.019477 0.994142 128.862518 0.000000 0.000000 0.000000 1.000000
0.993191 -0.048671 0.105841 0.930820 0.046270 0.998616 0.025023 96.763870 -0.106913 -0.019955 0.994068 128.862595 0.000000 0.000000 0.000000 1.000000
0.993118 -0.048499 0.106602 0.927906 0.046031 0.998615 0.025495 96.864304 -0.107691 -0.020412 0.993975 128.863312 0.000000 0.000000 0.000000 1.000000
0.993016 -0.048256 0.107664 0.924780 0.045707 0.998616 0.026028 96.971176 -0.108771 -0.020925 0.993847 128.863800 0.000000 0.000000 0.000000 1.000000
0.993007 -0.048263 0.107741 0.923844 0.045707 0.998615 0.026063 97.083664 -0.108850 -0.020957 0.993837 128.863556 0.000000 0.000000 0.000000 1.000000
0.993001 -0.048278 0.107787 0.922944 0.045720 0.998614 0.026084 97.198952 -0.108897 -0.020973 0.993832 128.863327 0.000000 0.000000 0.000000 1.000000
0.992998 -0.048302 0.107808 0.922069 0.045743 0.998612 0.026091 97.315170 -0.108918 -0.020977 0.993829 128.863113 0.000000 0.000000 0.000000 1.000000
0.992996 -0.048333 0.107807 0.921222 0.045774 0.998611 0.026089 97.430412 -0.108919 -0.020972 0.993829 128.862839 0.000000 0.000000 0.000000 1.000000
0.992996 -0.048367 0.107792 0.920407 0.045810 0.998610 0.026080 97.542747 -0.108904 -0.020959 0.993831 128.862518 0.000000 0.000000 0.000000 1.000000
0.992997 -0.048404 0.107768 0.919636 0.045848 0.998608 0.026066 97.650299 -0.108879 -0.020942 0.993834 128.862213 0.000000 0.000000 0.000000 1.000000
0.992998 -0.048441 0.107739 0.918887 0.045888 0.998607 0.026050 97.751122 -0.108851 -0.020924 0.993838 128.861923 0.000000 0.000000 0.000000 1.000000
0.993000 -0.048475 0.107713 0.918194 0.045925 0.998606 0.026035 97.843330 -0.108824 -0.020906 0.993841 128.861664 0.000000 0.000000 0.000000 1.000000
0.993000 -0.048505 0.107693 0.917551 0.045956 0.998604 0.026024 97.925003 -0.108805 -0.020892 0.993844 128.861389 0.000000 0.000000 0.000000 1.000000
0.993001 -0.048507 0.107685 0.917563 0.045959 0.998604 0.026020 97.925003 -0.108797 -0.020888 0.993845 128.861359 0.000000 0.000000 0.000000 1.000000</float_array>
        <technique_common>
          <accessor source="#mixamorig_Hips-Matrix-animation-output-transform-array" count="98" stride="16">
            <param type="float4x4"/>
          </accessor>
        </technique_common>
      </source>
      <source id="mixamorig_Hips-Interpolations">
        <Name_array id="mixamorig_Hips-Interpolations-array" count="98">
 LINEAR LINEAR LINEAR LINEAR LINEAR LINEAR LINEAR LINEAR LINEAR LINEAR LINEAR
LINEAR LINEAR LINEAR LINEAR LINEAR LINEAR LINEAR LINEAR LINEAR LINEAR LINEAR LINEAR
LINEAR LINEAR LINEAR LINEAR LINEAR LINEAR LINEAR LINEAR LINEAR LINEAR LINEAR LINEAR
LINEAR LINEAR LINEAR LINEAR LINEAR LINEAR LINEAR LINEAR LINEAR LINEAR LINEAR LINEAR
LINEAR LINEAR LINEAR LINEAR LINEAR LINEAR LINEAR LINEAR LINEAR LINEAR LINEAR LINEAR
LINEAR LINEAR LINEAR LINEAR LINEAR LINEAR LINEAR LINEAR LINEAR LINEAR LINEAR LINEAR
LINEAR LINEAR LINEAR LINEAR LINEAR LINEAR LINEAR LINEAR LINEAR LINEAR LINEAR LINEAR
LINEAR LINEAR LINEAR LINEAR LINEAR LINEAR LINEAR LINEAR LINEAR LINEAR LINEAR LINEAR
LINEAR LINEAR LINEAR</Name_array>
        <technique_common>
          <accessor source="#mixamorig_Hips-Interpolations-array" count="98">
            <param type="name"/>
          </accessor>
        </technique_common>
      </source>
      <sampler id="mixamorig_Hips-Matrix-animation-transform">
        <input semantic="INPUT" source="#mixamorig_Hips-Matrix-animation-input"/>
        <input semantic="OUTPUT" source="#mixamorig_Hips-Matrix-animation-output-transform"/>
        <input semantic="INTERPOLATION" source="#mixamorig_Hips-Interpolations"/>
      </sampler>
      <channel source="#mixamorig_Hips-Matrix-animation-transform" target="mixamorig_Hips/matrix"/>
    </animation>
    <animation id="mixamorig_Spine-anim" name="mixamorig_Spine">
      <source id="mixamorig_Spine-Matrix-animation-input">
        <float_array id="mixamorig_Spine-Matrix-animation-input-array" count="98">

0.000000 0.033333 0.066667 0.100000 0.133333 0.166667 0.200000 0.233333 0.266667 0.300000 0.333333 0.366667 0.400000 0.433333 0.466667 0.500000
0.533333 0.566667 0.600000 0.633333 0.666667 0.700000 0.733333 0.766667 0.800000 0.833333 0.866667 0.900000 0.933333 0.966667 1.000000 1.033333
1.066667 1.100000 1.133333 1.166667 1.200000 1.233333 1.266667 1.300000 1.333333 1.366667 1.400000 1.433333 1.466667 1.500000 1.533333 1.566667
1.600000 1.633333 1.666667 1.700000 1.733333 1.766667 1.800000 1.833333 1.866667 1.900000 1.933333 1.966667 2.000000 2.033333 2.066667 2.100000
2.133333 2.166667 2.200000 2.233333 2.266667 2.300000 2.333333 2.366667 2.400000 2.433333 2.466667 2.500000 2.533333 2.566667 2.600000 2.633333
2.666667 2.700000 2.733333 2.766667 2.800000 2.833333 2.866667 2.900000 2.933333 2.966667 3.000000 3.033333 3.066667 3.100000 3.133333 3.166667
3.200000 3.233333</float_array>
        <technique_common>
          <accessor source="#mixamorig_Spine-Matrix-animation-input-array" count="98">
            <param name="TIME" type="float"/>
          </accessor>
        </technique_common>
      </source>
      <source id="mixamorig_Spine-Matrix-animation-output-transform">
        <float_array id="mixamorig_Spine-Matrix-animation-output-transform-array" count="1568">

0.999987 0.004982 0.000688 0.000000 -0.004868 0.993258 -0.115823 12.246100 -0.001260 0.115818 0.993270 0.234600 0.000000 0.000000 0.000000 1.000000
0.999985 0.005399 0.000371 0.000000 -0.005322 0.993449 -0.114151 12.246100 -0.000985 0.114147 0.993463 0.234600 0.000000 0.000000 0.000000 1.000000
0.999980 0.006250 0.000619 0.000000 -0.006140 0.993625 -0.112567 12.246100 -0.001319 0.112561 0.993644 0.234600 0.000000 0.000000 0.000000 1.000000
0.999978 0.006407 0.001445 0.000000 -0.006207 0.993780 -0.111187 12.246100 -0.002148 0.111176 0.993798 0.234600 0.000000 0.000000 0.000000 1.000000
0.999974 0.006750 0.002382 -0.000000 -0.006448 0.993914 -0.109973 12.246100 -0.003110 0.109955 0.993932 0.234600 0.000000 0.000000 0.000000 1.000000
0.999972 0.006756 0.003212 0.000000 -0.006365 0.994013 -0.109076 12.246100 -0.003929 0.109053 0.994028 0.234600 0.000000 0.000000 0.000000 1.000000
0.999975 0.006095 0.003560 0.000000 -0.005671 0.994038 -0.108887 12.246100 -0.004202 0.108864 0.994048 0.234600 0.000000 0.000000 0.000000 1.000000
0.999983 0.004918 0.003232 -0.000000 -0.004533 0.993942 -0.109809 12.246100 -0.003752 0.109792 0.993947 0.234600 0.000000 0.000000 0.000000 1.000000
0.999991 0.003270 0.002784 -0.000000 -0.002937 0.993707 -0.111969 12.246100 -0.003133 0.111960 0.993708 0.234600 0.000000 0.000000 0.000000 1.000000
0.999994 0.001580 0.003185 0.000000 -0.001205 0.993415 -0.114564 12.246100 -0.003345 0.114560 0.993411 0.234600 0.000000 0.000000 0.000000 1.000000
0.999989 0.000235 0.004652 0.000000 0.000310 0.993147 -0.116869 12.246100 -0.004648 0.116869 0.993136 0.234600 0.000000 0.000000 0.000000 1.000000
0.999979 -0.000834 0.006392 -0.000000 0.001587 0.992930 -0.118689 12.246100 -0.006248 0.118697 0.992911 0.234600 0.000000 0.000000 0.000000 1.000000
0.999968 -0.001524 0.007853 0.000000 0.002452 0.992834 -0.119474 12.246100 -0.007614 0.119490 0.992806 0.234600 0.000000 0.000000 0.000000 1.000000
0.999954 -0.001620 0.009442 0.000000 0.002730 0.992910 -0.118840 12.246100 -0.009183 0.118860 0.992869 0.234600 0.000000 0.000000 0.000000 1.000000
0.999932 -0.000798 0.011675 -0.000000 0.002159 0.993133 -0.116973 12.246100 -0.011501 0.116991 0.993066 0.234600 0.000000 0.000000 0.000000 1.000000
0.999900 0.001217 0.014079 0.000000 0.000403 0.993428 -0.114459 12.246100 -0.014125 0.114453 0.993328 0.234600 0.000000 0.000000 0.000000 1.000000
0.999865 0.004521 0.015807 0.000000 -0.002728 0.993743 -0.111654 12.246100 -0.016212 0.111596 0.993621 0.234600 0.000000 0.000000 0.000000 1.000000
0.999818 0.008249 0.017210 0.000000 -0.006336 0.994091 -0.108368 12.246100 -0.018002 0.108239 0.993962 0.234600 0.000000 0.000000 0.000000 1.000000
0.999750 0.011942 0.018880 0.000000 -0.009911 0.994503 -0.104234 12.246100 -0.020021 0.104021 0.994374 0.234600 0.000000 0.000000 0.000000 1.000000
