<?xml version="1.0" encoding="utf-8"?>
<COLLADA xmlns="http://www.collada.org/2005/11/COLLADASchema" version="1.4.1">
  <asset>
    <contributor>
      <author>Mixamo</author>
      <authoring_tool>COLLADA Mixamo exporter</authoring_tool>
      <comments/>
    </contributor>
    <created>2024-03-29T14:15:32Z</created>
    <modified>2024-03-29T14:15:32Z</modified>
    <revision/>
    <title/>
    <unit meter="0.010000"/>
    <up_axis>Y_UP</up_axis>
  </asset>
  <library_animations>
    <animation id="mixamorig_Hips-anim" name="mixamorig_Hips">
      <source id="mixamorig_Hips-Matrix-animation-input">
        <float_array id="mixamorig_Hips-Matrix-animation-input-array" count="63">

0.000000 0.033333 0.066667 0.100000 0.133333 0.166667 0.200000 0.233333 0.266667 0.300000 0.333333 0.366667 0.400000 0.433333 0.466667 0.500000
0.533333 0.566667 0.600000 0.633333 0.666667 0.700000 0.733333 0.766667 0.800000 0.833333 0.866667 0.900000 0.933333 0.966667 1.000000 1.033333
1.066667 1.100000 1.133333 1.166667 1.200000 1.233333 1.266667 1.300000 1.333333 1.366667 1.400000 1.433333 1.466667 1.500000 1.533333 1.566667
1.600000 1.633333 1.666667 1.700000 1.733333 1.766667 1.800000 1.833333 1.866667 1.900000 1.933333 1.966667 2.000000 2.033333 2.066667</float_array>
        <technique_common>
          <accessor source="#mixamorig_Hips-Matrix-animation-input-array" count="63">
            <param name="TIME" type="float"/>
          </accessor>
        </technique_common>
      </source>
      <source id="mixamorig_Hips-Matrix-animation-output-transform">
        <float_array id="mixamorig_Hips-Matrix-animation-output-transform-array" count="1008">

0.998741 -0.049619 -0.007308 -0.615773 0.050153 0.989287 0.137097 140.550385 0.000427 -0.137291 0.990531 3.795429 0.000000 0.000000 0.000000 1.000000
0.998704 -0.050761 -0.003774 -0.563932 0.050671 0.984436 0.168281 141.194092 -0.004827 -0.168255 0.985732 4.042171 0.000000 0.000000 0.000000 1.000000
0.998642 -0.052092 -0.000762 -0.519099 0.051240 0.979450 0.195068 141.739227 -0.009416 -0.194842 0.980789 4.195219 0.000000 0.000000 0.000000 1.000000
0.998021 -0.062778 0.003580 -0.416799 0.060578 0.975190 0.212918 141.953629 -0.016857 -0.212280 0.977064 4.347363 0.000000 0.000000 0.000000 1.000000
0.996707 -0.080707 0.007878 -0.226944 0.076716 0.969960 0.230851 141.859756 -0.026272 -0.229486 0.972957 4.416283 0.000000 0.000000 0.000000 1.000000
0.994798 -0.101334 0.010380 -0.075011 0.095574 0.963763 0.249051 141.650833 -0.035241 -0.246763 0.968435 4.288999 0.000000 0.000000 0.000000 1.000000
0.992398 -0.122005 0.016165 -0.027431 0.113632 0.958794 0.260388 141.297516 -0.047268 -0.256572 0.965369 4.013785 0.000000 0.000000 0.000000 1.000000
0.990200 -0.137118 0.026509 -0.082152 0.125203 0.955672 0.266486 140.673599 -0.061874 -0.260555 0.963474 3.632178 0.000000 0.000000 0.000000 1.000000
0.988822 -0.145261 0.033618 -0.393143 0.130379 0.951785 0.277680 139.973907 -0.072333 -0.270193 0.960085 3.001108 0.000000 0.000000 0.000000 1.000000
0.988168 -0.149073 0.036085 -1.085269 0.132046 0.946543 0.294313 139.761139 -0.078030 -0.286066 0.955028 2.005413 0.000000 0.000000 0.000000 1.000000
0.988133 -0.147506 0.042834 -1.968829 0.127458 0.943053 0.307254 140.352020 -0.085717 -0.298148 0.950663 0.711664 0.000000 0.000000 0.000000 1.000000
0.987582 -0.144476 0.061712 -2.824541 0.118205 0.942074 0.313886 141.353195 -0.103487 -0.302693 0.947453 -0.781083 0.000000 0.000000 0.000000 1.000000
0.984297 -0.150161 0.092794 -3.649018 0.113699 0.941445 0.317417 142.063690 -0.135024 -0.301882 0.943735 -2.284112 0.000000 0.000000 0.000000 1.000000
0.977741 -0.166599 0.127546 -4.477907 0.117963 0.939195 0.322485 142.197632 -0.173516 -0.300261 0.937942 -3.559496 0.000000 0.000000 0.000000 1.000000
0.971181 -0.182182 0.153681 -5.189855 0.123364 0.935921 0.329898 142.004440 -0.203935 -0.301432 0.931423 -4.518793 0.000000 0.000000 0.000000 1.000000
0.969442 -0.182381 0.164074 -5.532612 0.119846 0.935657 0.331937 141.804367 -0.214056 -0.302130 0.928923 -5.141521 0.000000 0.000000 0.000000 1.000000
0.971941 -0.166947 0.165711 -5.310577 0.106522 0.940482 0.322717 141.620407 -0.209725 -0.296010 0.931876 -5.431169 0.000000 0.000000 0.000000 1.000000
0.973849 -0.148053 0.172334 -4.509897 0.090902 0.949069 0.301671 141.351944 -0.208220 -0.278116 0.937708 -5.475565 0.000000 0.000000 0.000000 1.000000
0.976484 -0.126401 0.174648 -3.331502 0.077281 0.961483 0.263778 141.057083 -0.201263 -0.244078 0.948641 -5.235206 0.000000 0.000000 0.000000 1.000000
0.986219 -0.089513 0.139141 -2.135430 0.058874 0.975825 0.210476 140.849716 -0.154618 -0.199383 0.967646 -4.413857 0.000000 0.000000 0.000000 1.000000
0.997080 -0.036988 0.066802 -1.051842 0.026084 0.987209 0.157282 140.951797 -0.071765 -0.155081 0.985292 -2.968751 0.000000 0.000000 0.000000 1.000000
0.999742 0.017381 0.014605 -0.023429 -0.018923 0.993409 0.113048 141.950562 -0.012544 -0.113296 0.993482 -1.320592 0.000000 0.000000 0.000000 1.000000
0.997531 0.063927 0.029072 0.783137 -0.065981 0.994902 0.076261 144.279022 -0.024048 -0.077991 0.996664 0.116311 0.000000 0.000000 0.000000 1.000000
0.989402 0.101493 0.103841 1.293007 -0.106630 0.993273 0.045161 147.483444 -0.098559 -0.055755 0.993568 1.451220 0.000000 0.000000 0.000000 1.000000
0.970062 0.132805 0.203327 1.631641 -0.139740 0.989985 0.020078 151.097824 -0.198624 -0.047890 0.978905 2.940931 0.000000 0.000000 0.000000 1.000000
0.938105 0.169796 0.301875 2.005046 -0.177750 0.984075 -0.001140 155.359741 -0.297261 -0.052589 0.953347 4.491764 0.000000 0.000000 0.000000 1.000000
0.885217 0.228802 0.405020 2.732635 -0.237405 0.970959 -0.029633 160.420944 -0.400038 -0.069922 0.913827 6.278159 0.000000 0.000000 0.000000 1.000000
0.792864 0.315651 0.521278 4.280590 -0.317756 0.944048 -0.088345 165.866852 -0.519998 -0.095594 0.848802 8.709923 0.000000 0.000000 0.000000 1.000000
0.665791 0.410208 0.623259 6.723274 -0.382636 0.904823 -0.186776 171.679962 -0.640556 -0.114128 0.759383 11.040351 0.000000 0.000000 0.000000 1.000000
0.544328 0.488248 0.682144 9.452224 -0.411685 0.863989 -0.289894 178.455795 -0.730905 -0.123032 0.671298 12.308743 0.000000 0.000000 0.000000 1.000000
0.444412 0.545524 0.710564 12.146646 -0.422093 0.827145 -0.371036 186.249023 -0.790149 -0.135032 0.597856 12.896969 0.000000 0.000000 0.000000 1.000000
0.334466 0.599563 0.727088 14.466960 -0.431692 0.783289 -0.447326 191.636673 -0.837720 -0.164263 0.520810 13.908748 0.000000 0.000000 0.000000 1.000000
0.192183 0.661262 0.725120 17.071850 -0.422768 0.722600 -0.546915 196.229477 -0.885626 -0.201449 0.418432 14.553766 0.000000 0.000000 0.000000 1.000000
0.044198 0.721151 0.691366 19.993595 -0.377924 0.652683 -0.656642 202.964645 -0.924781 -0.232262 0.301388 14.399134 0.000000 0.000000 0.000000 1.000000
-0.072844 0.758058 0.648106 23.342316 -0.333826 0.593818 -0.732080 211.784698 -0.939816 -0.269682 0.209803 14.005552 0.000000 0.000000 0.000000 1.000000
-0.149936 0.763699 0.627919 26.914749 -0.341601 0.555972 -0.757762 218.144821 -0.927808 -0.328114 0.177520 14.460883 0.000000 0.000000 0.000000 1.000000
-0.193108 0.757005 0.624222 30.928036 -0.387249 0.525747 -0.757382 223.569046 -0.901525 -0.387986 0.191623 15.372581 0.000000 0.000000 0.000000 1.000000
-0.227003 0.754046 0.616348 35.310204 -0.440501 0.484934 -0.755511 228.740387 -0.868578 -0.443005 0.222077 16.230083 0.000000 0.000000 0.000000 1.000000
-0.276674 0.744332 0.607800 39.649712 -0.481826 0.439789 -0.757911 233.304047 -0.831441 -0.502548 0.236961 16.932613 0.000000 0.000000 0.000000 1.000000
-0.334283 0.713530 0.615735 43.947845 -0.508550 0.413487 -0.755252 237.036163 -0.793494 -0.565600 0.224644 17.837420 0.000000 0.000000 0.000000 1.000000
-0.378329 0.669792 0.638941 48.655457 -0.515996 0.420464 -0.746297 239.316681 -0.768515 -0.612037 0.186536 19.620604 0.000000 0.000000 0.000000 1.000000
-0.415061 0.619771 0.666040 53.521935 -0.501215 0.455197 -0.735921 240.873383 -0.759281 -0.639281 0.121704 21.649101 0.000000 0.000000 0.000000 1.000000
-0.472368 0.545175 0.692569 58.458824 -0.481933 0.498141 -0.720830 243.505615 -0.737976 -0.674269 0.027432 22.490808 0.000000 0.000000 0.000000 1.000000
-0.561768 0.449045 0.694821 64.226440 -0.467897 0.520184 -0.714479 246.729477 -0.682268 -0.726476 -0.082116 22.142134 0.000000 0.000000 0.000000 1.000000
-0.661797 0.386627 0.642297 71.386948 -0.419419 0.519184 -0.744672 248.968185 -0.621380 -0.762212 -0.181436 21.284180 0.000000 0.000000 0.000000 1.000000
-0.741284 0.385511 0.549435 79.570145 -0.315596 0.522261 -0.792239 249.859329 -0.592365 -0.760674 -0.265478 20.035238 0.000000 0.000000 0.000000 1.000000
-0.785757 0.411766 0.461556 88.220779 -0.195783 0.542269 -0.817076 249.840057 -0.586732 -0.732388 -0.345475 18.072399 0.000000 0.000000 0.000000 1.000000
-0.810276 0.415568 0.413226 96.954933 -0.110482 0.584145 -0.804095 249.177704 -0.575540 -0.697193 -0.427406 15.179050 0.000000 0.000000 0.000000 1.000000
-0.828782 0.384807 0.406255 104.239738 -0.073329 0.645063 -0.760603 244.793900 -0.554745 -0.660165 -0.506399 12.510770 0.000000 0.000000 0.000000 1.000000
-0.836515 0.335390 0.433308 110.780762 -0.081974 0.705290 -0.704163 239.371597 -0.541777 -0.624563 -0.562493 9.686152 0.000000 0.000000 0.000000 1.000000
-0.830141 0.276420 0.484208 117.730125 -0.128045 0.750722 -0.648090 233.999496 -0.542651 -0.600007 -0.587811 5.793276 0.000000 0.000000 0.000000 1.000000
-0.820119 0.216954 0.529467 124.833527 -0.176928 0.783832 -0.595234 226.576920 -0.544152 -0.581840 -0.604451 0.985721 0.000000 0.000000 0.000000 1.000000
-0.803812 0.173926 0.568891 131.633621 -0.215285 0.806438 -0.550736 218.500092 -0.554562 -0.565162 -0.610780 -3.764642 0.000000 0.000000 0.000000 1.000000
-0.784632 0.156266 0.599944 138.318039 -0.243983 0.811790 -0.530536 210.918396 -0.569934 -0.562652 -0.598831 -8.329407 0.000000 0.000000 0.000000 1.000000
-0.765197 0.160712 0.623415 145.023087 -0.264945 0.803930 -0.532448 203.000076 -0.586752 -0.572598 -0.572585 -12.915144 0.000000 0.000000 0.000000 1.000000
-0.747011 0.171059 0.642427 151.758102 -0.278274 0.797149 -0.535832 194.520416 -0.603770 -0.579044 -0.547878 -17.247202 0.000000 0.000000 0.000000 1.000000
-0.730490 0.174566 0.660235 158.686829 -0.286477 0.799276 -0.528289 185.396667 -0.619931 -0.575052 -0.533855 -21.383205 0.000000 0.000000 0.000000 1.000000
-0.714848 0.169877 0.678332 165.552277 -0.296688 0.804727 -0.514190 175.140427 -0.633221 -0.568821 -0.524856 -24.958126 0.000000 0.000000 0.000000 1.000000
-0.704598 0.158213 0.691744 171.970886 -0.312385 0.806130 -0.502564 163.596207 -0.637148 -0.570196 -0.518575 -27.753683 0.000000 0.000000 0.000000 1.000000
-0.690959 0.146770 0.707838 178.208145 -0.332817 0.804638 -0.491723 150.634827 -0.641723 -0.575340 -0.507124 -30.412521 0.000000 0.000000 0.000000 1.000000
-0.672114 0.140931 0.726912 184.493301 -0.348823 0.805692 -0.478731 135.737991 -0.653135 -0.575325 -0.492357 -32.904110 0.000000 0.000000 0.000000 1.000000
-0.662282 0.142124 0.735651 190.108398 -0.347278 0.811782 -0.469475 121.094086 -0.663912 -0.566401 -0.488272 -34.782856 0.000000 0.000000 0.000000 1.000000
-0.689375 0.156563 0.707283 194.065704 -0.310915 0.817914 -0.484095 109.016632 -0.654289 -0.553628 -0.515172 -36.118042 0.000000 0.000000 0.000000 1.000000</float_array>
        <technique_common>
          <accessor source="#mixamorig_Hips-Matrix-animation-output-transform-array" count="63" stride="16">
            <param type="float4x4"/>
          </accessor>
        </technique_common>
      </source>
      <source id="mixamorig_Hips-Interpolations">
        <Name_array id="mixamorig_Hips-Interpolations-array" count="63">
 LINEAR LINEAR LINEAR LINEAR LINEAR LINEAR LINEAR LINEAR LINEAR LINEAR LINEAR
LINEAR LINEAR LINEAR LINEAR LINEAR LINEAR LINEAR LINEAR LINEAR LINEAR LINEAR LINEAR
LINEAR LINEAR LINEAR LINEAR LINEAR LINEAR LINEAR LINEAR LINEAR LINEAR LINEAR LINEAR
LINEAR LINEAR LINEAR LINEAR LINEAR LINEAR LINEAR LINEAR LINEAR LINEAR LINEAR LINEAR
LINEAR LINEAR LINEAR LINEAR LINEAR LINEAR LINEAR LINEAR LINEAR LINEAR LINEAR LINEAR
LINEAR LINEAR LINEAR LINEAR</Name_array>
        <technique_common>
          <accessor source="#mixamorig_Hips-Interpolations-array" count="63">
            <param type="name"/>
          </accessor>
        </technique_common>
      </source>
      <sampler id="mixamorig_Hips-Matrix-animation-transform">
        <input semantic="INPUT" source="#mixamorig_Hips-Matrix-animation-input"/>
        <input semantic="OUTPUT" source="#mixamorig_Hips-Matrix-animation-output-transform"/>
        <input semantic="INTERPOLATION" source="#mixamorig_Hips-Interpolations"/>
      </sampler>
      <channel source="#mixamorig_Hips-Matrix-animation-transform" target="mixamorig_Hips/matrix"/>
    </animation>
    <animation id="mixamorig_Spine-anim" name="mixamorig_Spine">
      <source id="mixamorig_Spine-Matrix-animation-input">
        <float_array id="mixamorig_Spine-Matrix-animation-input-array" count="63">

0.000000 0.033333 0.066667 0.100000 0.133333 0.166667 0.200000 0.233333 0.266667 0.300000 0.333333 0.366667 0.400000 0.433333 0.466667 0.500000
0.533333 0.566667 0.600000 0.633333 0.666667 0.700000 0.733333 0.766667 0.800000 0.833333 0.866667 0.900000 0.933333 0.966667 1.000000 1.033333
1.066667 1.100000 1.133333 1.166667 1.200000 1.233333 1.266667 1.300000 1.333333 1.366667 1.400000 1.433333 1.466667 1.500000 1.533333 1.566667
1.600000 1.633333 1.666667 1.700000 1.733333 1.766667 1.800000 1.833333 1.866667 1.900000 1.933333 1.966667 2.000000 2.033333 2.066667</float_array>
        <technique_common>
          <accessor source="#mixamorig_Spine-Matrix-animation-input-array" count="63">
            <param name="TIME" type="float"/>
          </accessor>
        </technique_common>
      </source>
      <source id="mixamorig_Spine-Matrix-animation-output-transform">
        <float_array id="mixamorig_Spine-Matrix-animation-output-transform-array" count="1008">

0.999041 0.027840 -0.033796 0.000000 -0.037077 0.948450 -0.314752 7.244500 0.023291 0.315703 0.948572 0.633400 0.000000 0.000000 0.000000 1.000000
0.999168 0.019050 -0.036059 0.000000 -0.029624 0.946716 -0.320703 7.244500 0.028028 0.321505 0.946493 0.633400 0.000000 0.000000 0.000000 1.000000
0.999148 0.007994 -0.040496 0.000000 -0.020397 0.948535 -0.316015 7.244500 0.035885 0.316572 0.947889 0.633400 0.000000 0.000000 0.000000 1.000000
0.999285 -0.004619 -0.037522 0.000000 -0.006475 0.956928 -0.290253 7.244500 0.037246 0.290288 0.956214 0.633400 0.000000 0.000000 0.000000 1.000000
0.999675 -0.020491 -0.015148 -0.000000 0.015845 0.965411 -0.260249 7.244500 0.019957 0.259925 0.965423 0.633400 0.000000 0.000000 0.000000 1.000000
0.999111 -0.033695 0.025349 0.000000 0.038705 0.971393 -0.234303 7.244500 -0.016729 0.235075 0.971833 0.633400 0.000000 0.000000 0.000000 1.000000
0.996431 -0.042459 0.072955 -0.000000 0.057518 0.974101 -0.218677 7.244500 -0.061781 0.222093 0.973066 0.633400 0.000000 0.000000 0.000000 1.000000
0.991241 -0.045826 0.123859 -0.000000 0.071925 0.973900 -0.215282 7.244500 -0.110761 0.222305 0.968665 0.633400 0.000000 0.000000 0.000000 1.000000
0.984761 -0.038907 0.169507 0.000000 0.077091 0.971324 -0.224915 7.244500 -0.155896 0.234555 0.959521 0.633400 0.000000 0.000000 0.000000 1.000000
0.980179 -0.021055 0.196991 0.000000 0.070561 0.966232 -0.247823 7.244500 -0.185121 0.256810 0.948567 0.633400 0.000000 0.000000 0.000000 1.000000
0.977449 -0.004739 0.211120 -0.000000 0.064111 0.959221 -0.275291 7.244500 -0.201206 0.282618 0.937893 0.633400 0.000000 0.000000 0.000000 1.000000
0.975355 0.002512 0.220626 -0.000000 0.066359 0.950300 -0.304181 7.244500 -0.210425 0.311325 0.926714 0.633400 0.000000 0.000000 0.000000 1.000000
0.974858 0.009618 0.222618 -0.000000 0.067496 0.939385 -0.336154 7.244500 -0.212357 0.342728 0.915118 0.633400 0.000000 0.000000 0.000000 1.000000
0.975717 0.023107 0.217811 -0.000000 0.061087 0.926256 -0.371912 7.244500 -0.210342 0.376186 0.902352 0.633400 0.000000 0.000000 0.000000 1.000000
0.976994 0.034101 0.210525 -0.000000 0.056700 0.910076 -0.410544 7.244500 -0.205593 0.413035 0.887205 0.633400 0.000000 0.000000 0.000000 1.000000
0.979324 0.035037 0.199239 -0.000000 0.058492 0.893776 -0.444683 7.244500 -0.193656 0.447142 0.873248 0.633400 0.000000 0.000000 0.000000 1.000000
0.983385 0.027759 0.179398 0.000000 0.060248 0.882318 -0.466781 7.244500 -0.171244 0.469834 0.865986 0.633400 0.000000 0.000000 0.000000 1.000000
0.988008 0.020298 0.153061 0.000000 0.055237 0.879246 -0.473155 7.244500 -0.144182 0.475935 0.867581 0.633400 0.000000 0.000000 0.000000 1.000000
0.989708 0.022504 0.141318 0.000000 0.045492 0.886846 -0.459820 7.244500 -0.135675 0.461516 0.876696 0.633400 0.000000 0.000000 0.000000 1.000000
0.984938 0.028862 0.170483 0.000000 0.048099 0.901321 -0.430472 7.244500 -0.166084 0.432188 0.886357 0.633400 0.000000 0.000000 0.000000 1.000000
0.972703 0.036357 0.229186 -0.000000 0.058713 0.916954 -0.394649 7.244500 -0.224502 0.397332 0.889790 0.633400 0.000000 0.000000 0.000000 1.000000
0.961280 0.042038 0.272347 0.000000 0.060837 0.931538 -0.358519 7.244500 -0.268773 0.361206 0.892912 0.633400 0.000000 0.000000 0.000000 1.000000
0.957581 0.050312 0.283737 0.000000 0.050520 0.940078 -0.337196 7.244500 -0.283700 0.337227 0.897659 0.633400 0.000000 0.000000 0.000000 1.000000
0.957318 0.061318 0.282457 0.000000 0.039366 0.940472 -0.337585 7.244500 -0.286343 0.334295 0.897917 0.633400 0.000000 0.000000 0.000000 1.000000
0.956234 0.076688 0.282374 0.000000 0.029279 0.935122 -0.353114 7.244500 -0.291133 0.345927 0.891951 0.633400 0.000000 0.000000 0.000000 1.000000
0.952486 0.099967 0.287709 -0.000000 0.016942 0.925753 -0.377750 7.244500 -0.304110 0.364676 0.880073 0.633400 0.000000 0.000000 0.000000 1.000000
0.948583 0.115564 0.294677 0.000000 0.010676 0.918758 -0.394676 7.244500 -0.316347 0.377529 0.870285 0.633400 0.000000 0.000000 0.000000 1.000000
0.952597 0.103851 0.285960 0.000000 0.012075 0.926288 -0.376622 7.244500 -0.303994 0.362222 0.881126 0.633400 0.000000 0.000000 0.000000 1.000000
0.964959 0.078664 0.250334 0.000000 0.010550 0.941604 -0.336557 7.244500 -0.262190 0.327404 0.907779 0.633400 0.000000 0.000000 0.000000 1.000000
0.973986 0.073460 0.214372 -0.000000 -0.001022 0.947412 -0.320015 7.244500 -0.226607 0.311471 0.922841 0.633400 0.000000 0.000000 0.000000 1.000000
0.976143 0.090480 0.197376 0.000000 -0.017996 0.939623 -0.341738 7.244500 -0.216380 0.330033 0.918835 0.633400 0.000000 0.000000 0.000000 1.000000
0.979068 0.072267 0.190270 0.000000 -0.007024 0.946282 -0.323267 7.244500 -0.203411 0.315164 0.926982 0.633400 0.000000 0.000000 0.000000 1.000000
0.986214 0.025305 0.163527 0.000000 0.023154 0.957412 -0.287795 7.244500 -0.163846 0.287614 0.943628 0.633400 0.000000 0.000000 0.000000 1.000000
0.991713 -0.000673 0.128471 -0.000000 0.041868 0.947087 -0.318235 7.244500 -0.121459 0.320976 0.939267 0.633400 0.000000 0.000000 0.000000 1.000000
0.991346 0.008339 0.131009 -0.000000 0.052548 0.889331 -0.454235 7.244500 -0.120298 0.457188 0.881196 0.633400 0.000000 0.000000 0.000000 1.000000
0.981799 0.054124 0.182046 0.000000 0.063300 0.810475 -0.582344 7.244500 -0.179062 0.583268 0.792297 0.633400 0.000000 0.000000 0.000000 1.000000
0.965890 0.128964 0.224555 -0.000000 0.060477 0.730842 -0.679862 7.244500 -0.251792 0.670253 0.698113 0.633400 0.000000 0.000000 0.000000 1.000000
0.953662 0.205876 0.219419 0.000000 0.024707 0.673210 -0.739038 7.244500 -0.299865 0.710213 0.636928 0.633400 0.000000 0.000000 0.000000 1.000000
0.949577 0.254741 0.182783 0.000000 -0.027565 0.648553 -0.760670 7.244500 -0.312318 0.717277 0.622873 0.633400 0.000000 0.000000 0.000000 1.000000
0.945539 0.296297 0.134775 0.000000 -0.089117 0.633861 -0.768296 7.244500 -0.313073 0.714443 0.625745 0.633400 0.000000 0.000000 0.000000 1.000000
0.931277 0.358169 0.066613 0.000000 -0.188508 0.630219 -0.753186 7.244500 -0.311749 0.688868 0.654426 0.633400 0.000000 0.000000 0.000000 1.000000
0.908366 0.417569 -0.022537 0.000000 -0.306941 0.629168 -0.714098 7.244500 -0.284005 0.655579 0.699683 0.633400 0.000000 0.000000 0.000000 1.000000
0.893520 0.434886 -0.111785 0.000000 -0.385254 0.614607 -0.688359 7.244500 -0.230653 0.658129 0.716705 0.633400 0.000000 0.000000 0.000000 1.000000
0.908547 0.381835 -0.169539 -0.000000 -0.389892 0.629160 -0.672415 7.244500 -0.150085 0.677023 0.720496 0.633400 0.000000 0.000000 0.000000 1.000000
0.943907 0.264181 -0.198113 -0.000000 -0.329225 0.706543 -0.626424 7.244500 -0.025514 0.656510 0.753886 0.633400 0.000000 0.000000 0.000000 1.000000
0.965495 0.163869 -0.202402 -0.000000 -0.249935 0.801401 -0.543405 7.244500 0.073158 0.575242 0.814705 0.633400 0.000000 0.000000 0.000000 1.000000
0.973777 0.145104 -0.175222 0.000000 -0.211940 0.858568 -0.466843 7.244500 0.082699 0.491738 0.866807 0.633400 0.000000 0.000000 0.000000 1.000000
0.977002 0.163181 -0.137252 0.000000 -0.206330 0.885906 -0.415450 7.244500 0.053799 0.434215 0.899201 0.633400 0.000000 0.000000 0.000000 1.000000
0.984840 0.139020 -0.103753 0.000000 -0.166376 0.926270 -0.338148 7.244500 0.049094 0.350283 0.935356 0.633400 0.000000 0.000000 0.000000 1.000000
0.991714 0.106599 -0.071692 0.000000 -0.123160 0.947648 -0.294611 7.244500 0.036534 0.300999 0.952924 0.633400 0.000000 0.000000 0.000000 1.000000
0.994785 0.100045 -0.019826 0.000000 -0.101525 0.952794 -0.286142 7.244500 -0.009737 0.286663 0.957982 0.633400 0.000000 0.000000 0.000000 1.000000
0.994841 0.098135 0.025702 0.000000 -0.088050 0.961139 -0.261648 7.244500 -0.050380 0.258035 0.964821 0.633400 0.000000 0.000000 0.000000 1.000000
0.994816 0.098282 0.026124 0.000000 -0.088532 0.963392 -0.253056 7.244500 -0.050039 0.249431 0.967099 0.633400 0.000000 0.000000 0.000000 1.000000
0.995552 0.093821 0.008570 0.000000 -0.088934 0.965905 -0.243143 7.244500 -0.031090 0.241300 0.969953 0.633400 0.000000 0.000000 0.000000 1.000000
0.996707 0.079455 -0.016174 0.000000 -0.081072 0.972966 -0.216251 7.244500 -0.001446 0.216850 0.976204 0.633400 0.000000 0.000000 0.000000 1.000000
0.997439 0.057099 -0.043080 -0.000000 -0.064928 0.975460 -0.210388 7.244500 0.030010 0.212646 0.976668 0.633400 0.000000 0.000000 0.000000 1.000000
0.996780 0.044829 -0.066484 -0.000000 -0.057835 0.976237 -0.208846 7.244500 0.055541 0.212019 0.975686 0.633400 0.000000 0.000000 0.000000 1.000000
0.996635 0.038424 -0.072402 0.000000 -0.052385 0.977965 -0.202088 7.244500 0.063042 0.205201 0.976687 0.633400 0.000000 0.000000 0.000000 1.000000
0.996643 0.030784 -0.075860 0.000000 -0.044810 0.980609 -0.190783 7.244500 0.068516 0.193541 0.978697 0.633400 0.000000 0.000000 0.000000 1.000000
0.996783 0.014195 -0.078883 0.000000 -0.026742 0.986695 -0.160367 7.244500 0.075557 0.161961 0.983900 0.633400 0.000000 0.000000 0.000000 1.000000
0.997008 -0.006927 -0.076983 -0.000000 -0.002173 0.993071 -0.117497 7.244500 0.077263 0.117312 0.990085 0.633400 0.000000 0.000000 0.000000 1.000000
0.997054 -0.022463 -0.073339 -0.000000 0.014430 0.994015 -0.108284 7.244500 0.075333 0.106907 0.991411 0.633400 0.000000 0.000000 0.000000 1.000000
0.996936 -0.009352 -0.077657 0.000000 -0.004781 0.983685 -0.179837 7.244500 0.078071 0.179657 0.980626 0.633400 0.000000 0.000000 0.000000 1.000000</float_array>
        <technique_common>
          <accessor source="#mixamorig_Spine-Matrix-animation-output-transform-array" count="63" stride="16">
            <param type="float4x4"/>
          </accessor>
        </technique_common>
      </source>
      <source id="mixamorig_Spine-Interpolations">
        <Name_array id="mixamorig_Spine-Interpolations-array" count="63">
 LINEAR LINEAR LINEAR LINEAR LINEAR LINEAR LINEAR LINEAR LINEAR LINEAR LINEAR
LINEAR LINEAR LINEAR LINEAR LINEAR LINEAR LINEAR LINEAR LINEAR LINEAR LINEAR LINEAR
LINEAR LINEAR LINEAR LINEAR LINEAR LINEAR LINEAR LINEAR LINEAR LINEAR LINEAR LINEAR
LINEAR LINEAR LINEAR LINEAR LINEAR LINEAR LINEAR LINEAR LINEAR LINEAR LINEAR LINEAR
LINEAR LINEAR LINEAR LINEAR LINEAR LINEAR LINEAR LINEAR LINEAR LINEAR LINEAR LINEAR
LINEAR LINEAR LINEAR LINEAR</Name_array>
        <technique_common>
          <accessor source="#mixamorig_Spine-Interpolations-array" count="63">
            <param type="name"/>
          </accessor>
        </technique_common>
      </source>
      <sampler id="mixamorig_Spine-Matrix-animation-transform">
        <input semantic="INPUT" source="#mixamorig_Spine-Matrix-animation-input"/>
        <input semantic="OUTPUT" source="#mixamorig_Spine-Matrix-animation-output-transform"/>
        <input semantic="INTERPOLATION" source="#mixamorig_Spine-Interpolations"/>
      </sampler>
      <channel source="#mixamorig_Spine-Matrix-animation-transform" target="mixamorig_Spine/matrix"/>
    </animation>
    <animation id="mixamorig_Spine1-anim" name="mixamorig_Spine1">
      <source id="mixamorig_Spine1-Matrix-animation-input">
        <float_array id="mixamorig_Spine1-Matrix-animation-input-array" count="63">

0.000000 0.033333 0.066667 0.100000 0.133333 0.166667 0.200000 0.233333 0.266667 0.300000 0.333333 0.366667 0.400000 0.433333 0.466667 0.500000
0.533333 0.566667 0.600000 0.633333 0.666667 0.700000 0.733333 0.766667 0.800000 0.833333 0.866667 0.900000 0.933333 0.966667 1.000000 1.033333
1.066667 1.100000 1.133333 1.166667 1.200000 1.233333 1.266667 1.300000 1.333333 1.366667 1.400000 1.433333 1.466667 1.500000 1.533333 1.566667
1.600000 1.633333 1.666667 1.700000 1.733333 1.766667 1.800000 1.833333 1.866667 1.900000 1.933333 1.966667 2.000000 2.033333 2.066667</float_array>
        <technique_common>
          <accessor source="#mixamorig_Spine1-Matrix-animation-input-array" count="63">
            <param name="TIME" type="float"/>
          </accessor>
        </technique_common>
      </source>
      <source id="mixamorig_Spine1-Matrix-animation-output-transform">
        <float_array id="mixamorig_Spine1-Matrix-animation-output-transform-array" count="1008">

0.999872 0.006997 -0.014384 0.000000 -0.009290 0.986063 -0.166111 7.456500 0.013021 0.166223 0.986002 0.000000 0.000000 0.000000 0.000000 1.000000
0.999880 0.004395 -0.014855 0.000000 -0.006800 0.986112 -0.165944 7.456500 0.013920 0.166025 0.986023 0.000000 0.000000 0.000000 0.000000 1.000000
0.999863 -0.003273 -0.016221 0.000000 0.000500 0.985774 -0.168078 7.456500 0.016541 0.168047 0.985640 -0.000000 0.000000 0.000000 0.000000 1.000000
0.999827 -0.010491 -0.015342 0.000000 0.007807 0.986171 -0.165546 7.456500 0.016867 0.165398 0.986083 0.000000 0.000000 0.000000 0.000000 1.000000
0.999834 -0.015946 -0.008810 0.000000 0.014362 0.987435 -0.157374 7.456500 0.011209 0.157221 0.987500 -0.000000 0.000000 0.000000 0.000000 1.000000
0.999798 -0.019910 0.002799 0.000000 0.020105 0.988947 -0.146902 7.456500 0.000157 0.146929 0.989147 0.000000 0.000000 0.000000 0.000000 1.000000
0.999626 -0.022151 0.016029 0.000000 0.024089 0.990823 -0.133000 7.456500 -0.012936 0.133336 0.990986 0.000000 0.000000 0.000000 0.000000 1.000000
0.999244 -0.024911 0.029859 0.000000 0.028238 0.992762 -0.116728 7.456500 -0.026735 0.117483 0.992715 0.000000 0.000000 0.000000 0.000000 1.000000
0.998757 -0.026837 0.042014 -0.000000 0.031213 0.993745 -0.107221 7.456500 -0.038874 0.108399 0.993347 0.000000 0.000000 0.000000 0.000000 1.000000
0.998489 -0.025020 0.048927 0.000000 0.030124 0.993855 -0.106513 7.456500 -0.045962 0.107826 0.993107 0.000000 0.000000 0.000000 0.000000 1.000000
0.998429 -0.021318 0.051825 -0.000000 0.026874 0.993679 -0.108994 7.456500 -0.049174 0.110216 0.992690 0.000000 0.000000 0.000000 0.000000 1.000000
0.998408 -0.017919 0.053475 -0.000000 0.023751 0.993593 -0.110497 7.456500 -0.051152 0.111591 0.992437 0.000000 0.000000 0.000000 0.000000 1.000000
0.998435 -0.014266 0.054069 0.000000 0.020201 0.993630 -0.110867 7.456500 -0.052143 0.111786 0.992363 0.000000 0.000000 0.000000 0.000000 1.000000
0.998488 -0.011745 0.053710 0.000000 0.017771 0.993422 -0.113124 7.456500 -0.052028 0.113907 0.992128 -0.000000 0.000000 0.000000 0.000000 1.000000
0.998561 -0.011813 0.052306 0.000000 0.017997 0.992686 -0.119378 7.456500 -0.050513 0.120147 0.991470 -0.000000 0.000000 0.000000 0.000000 1.000000
0.998696 -0.014434 0.048965 -0.000000 0.020502 0.991847 -0.125778 7.456500 -0.046751 0.126618 0.990849 0.000000 0.000000 0.000000 0.000000 1.000000
0.998924 -0.017810 0.042825 -0.000000 0.023180 0.991455 -0.128372 7.456500 -0.040173 0.129226 0.990801 0.000000 0.000000 0.000000 0.000000 1.000000
0.999157 -0.021142 0.035199 -0.000000 0.025423 0.991706 -0.125987 7.456500 -0.032243 0.126776 0.991407 0.000000 0.000000 0.000000 0.000000 1.000000
0.999119 -0.026342 0.032672 -0.000000 0.030059 0.992429 -0.119080 7.456500 -0.029288 0.119958 0.992347 -0.000000 0.000000 0.000000 0.000000 1.000000
0.998717 -0.029417 0.041208 0.000000 0.033730 0.993555 -0.108212 7.456500 -0.037760 0.109463 0.993273 0.000000 0.000000 0.000000 0.000000 1.000000
0.997970 -0.028688 0.056854 0.000000 0.034065 0.994801 -0.095974 7.456500 -0.053805 0.097716 0.993759 0.000000 0.000000 0.000000 0.000000 1.000000
0.997319 -0.025170 0.068705 -0.000000 0.030886 0.996033 -0.083454 7.456500 -0.066332 0.085352 0.994140 0.000000 0.000000 0.000000 0.000000 1.000000
0.997078 -0.021576 0.073274 0.000000 0.026881 0.997028 -0.072196 7.456500 -0.071498 0.073955 0.994695 0.000000 0.000000 0.000000 0.000000 1.000000
0.997040 -0.018729 0.074570 0.000000 0.023571 0.997634 -0.064581 7.456500 -0.073184 0.066148 0.995122 0.000000 0.000000 0.000000 0.000000 1.000000
0.997006 -0.014301 0.075989 0.000000 0.018974 0.997949 -0.061145 7.456500 -0.074958 0.062403 0.995232 0.000000 0.000000 0.000000 0.000000 1.000000
0.996810 -0.007690 0.079442 0.000000 0.012451 0.998144 -0.059606 7.456500 -0.078836 0.060405 0.995056 -0.000000 0.000000 0.000000 0.000000 1.000000
0.996564 0.000236 0.082827 0.000000 0.004464 0.998389 -0.056559 7.456500 -0.082707 0.056734 0.994958 0.000000 0.000000 0.000000 0.000000 1.000000
0.996797 0.007609 0.079615 -0.000000 -0.003682 0.998774 -0.049356 7.456500 -0.079893 0.048905 0.995603 0.000000 0.000000 0.000000 0.000000 1.000000
0.997533 0.015655 0.068431 -0.000000 -0.012947 0.999122 -0.039834 7.456500 -0.068995 0.038849 0.996860 0.000000 0.000000 0.000000 0.000000 1.000000
0.997991 0.023416 0.058877 0.000000 -0.021313 0.999121 -0.036098 7.456500 -0.059670 0.034771 0.997612 -0.000000 0.000000 0.000000 0.000000 1.000000
0.998015 0.026363 0.057186 0.000000 -0.024072 0.998894 -0.040384 7.456500 -0.058187 0.038927 0.997546 -0.000000 0.000000 0.000000 0.000000 1.000000
0.998085 0.024775 0.056686 0.000000 -0.020618 0.997135 -0.072777 7.456500 -0.058327 0.071469 0.995736 0.000000 0.000000 0.000000 0.000000 1.000000
0.998561 0.017208 0.050800 0.000000 -0.011662 0.994135 -0.107518 7.456500 -0.052352 0.106771 0.992904 0.000000 0.000000 0.000000 0.000000 1.000000
0.999009 0.005075 0.044209 0.000000 -0.000364 0.994372 -0.105942 7.456500 -0.044498 0.105821 0.993389 0.000000 0.000000 0.000000 0.000000 1.000000
0.998881 -0.006667 0.046818 0.000000 0.009206 0.998487 -0.054221 7.456500 -0.046385 0.054592 0.997431 -0.000000 0.000000 0.000000 0.000000 1.000000
0.997911 -0.020198 0.061362 0.000000 0.020900 0.999723 -0.010807 7.456500 -0.061127 0.012066 0.998057 0.000000 0.000000 0.000000 0.000000 1.000000
0.996543 -0.027028 0.078553 0.000000 0.026836 0.999634 0.003501 7.456500 -0.078619 -0.001381 0.996904 -0.000000 0.000000 0.000000 0.000000 1.000000
0.995814 -0.029015 0.086671 0.000000 0.030015 0.999497 -0.010255 7.456500 -0.086330 0.012814 0.996184 0.000000 0.000000 0.000000 0.000000 1.000000
0.996005 -0.033452 0.082796 0.000000 0.036746 0.998579 -0.038594 7.456500 -0.081387 0.041482 0.995819 0.000000 0.000000 0.000000 0.000000 1.000000
0.996345 -0.041596 0.074612 0.000000 0.046518 0.996769 -0.065486 7.456500 -0.071647 0.068717 0.995060 0.000000 0.000000 0.000000 0.000000 1.000000
0.996715 -0.046643 0.066207 -0.000000 0.052026 0.995269 -0.082056 7.456500 -0.062066 0.085231 0.994426 0.000000 0.000000 0.000000 0.000000 1.000000
0.997506 -0.046127 0.053414 0.000000 0.050450 0.995302 -0.082630 7.456500 -0.049352 0.085119 0.995148 0.000000 0.000000 0.000000 0.000000 1.000000
0.998381 -0.045510 0.034124 0.000000 0.047991 0.995965 -0.075832 7.456500 -0.030535 0.077347 0.996537 0.000000 0.000000 0.000000 0.000000 1.000000
0.999307 -0.036395 0.007782 0.000000 0.036873 0.996562 -0.074194 7.456500 -0.005055 0.074430 0.997213 0.000000 0.000000 0.000000 0.000000 1.000000
0.999743 -0.005565 -0.021972 0.000000 0.004072 0.997717 -0.067417 7.456500 0.022297 0.067310 0.997483 0.000000 0.000000 0.000000 0.000000 1.000000
0.998759 0.030240 -0.039569 -0.000000 -0.032197 0.998240 -0.049805 7.456500 0.037993 0.051017 0.997975 0.000000 0.000000 0.000000 0.000000 1.000000
0.998296 0.044988 -0.037159 0.000000 -0.046037 0.998551 -0.027876 7.456500 0.035851 0.029539 0.998920 0.000000 0.000000 0.000000 0.000000 1.000000
0.998169 0.053726 -0.027782 0.000000 -0.054044 0.998480 -0.010792 7.456500 0.027160 0.012274 0.999556 -0.000000 0.000000 0.000000 0.000000 1.000000
0.996629 0.078475 -0.023908 -0.000000 -0.078883 0.996745 -0.016659 7.456500 0.022523 0.018489 0.999575 -0.000000 0.000000 0.000000 0.000000 1.000000
0.995151 0.096631 -0.018341 0.000000 -0.096975 0.995108 -0.018861 7.456500 0.016428 0.020548 0.999654 0.000000 0.000000 0.000000 0.000000 1.000000
0.996759 0.079893 -0.009434 0.000000 -0.079916 0.996799 -0.002144 7.456500 0.009232 0.002891 0.999953 0.000000 0.000000 0.000000 0.000000 1.000000
0.999089 0.037985 -0.019462 0.000000 -0.037956 0.999278 0.001893 7.456500 0.019520 -0.001152 0.999809 -0.000000 0.000000 0.000000 0.000000 1.000000
0.999336 0.001902 -0.036389 0.000000 -0.001827 0.999996 0.002083 7.456500 0.036393 -0.002015 0.999336 0.000000 0.000000 0.000000 0.000000 1.000000
0.999017 -0.016575 -0.041114 0.000000 0.017225 0.999731 0.015500 7.456500 0.040846 -0.016193 0.999034 0.000000 0.000000 0.000000 0.000000 1.000000
0.998677 -0.031077 -0.040960 0.000000 0.033044 0.998288 0.048261 7.456500 0.039390 -0.049551 0.997995 0.000000 0.000000 0.000000 0.000000 1.000000
0.998203 -0.047369 -0.036710 0.000000 0.049747 0.996525 0.066809 7.456500 0.033417 -0.068516 0.997090 0.000000 0.000000 0.000000 0.000000 1.000000
0.997910 -0.056590 -0.031195 0.000000 0.058788 0.995468 0.074743 7.456500 0.026824 -0.076421 0.996715 -0.000000 0.000000 0.000000 0.000000 1.000000
0.998456 -0.050712 -0.022657 0.000000 0.052271 0.995845 0.074569 7.456500 0.018781 -0.075638 0.996958 0.000000 0.000000 0.000000 0.000000 1.000000
0.998834 -0.043826 -0.020222 0.000000 0.045098 0.996703 0.067449 7.456500 0.017200 -0.068283 0.997518 0.000000 0.000000 0.000000 0.000000 1.000000
0.999114 -0.036337 -0.021217 -0.000000 0.037383 0.997991 0.051158 7.456500 0.019315 -0.051906 0.998465 0.000000 0.000000 0.000000 0.000000 1.000000
0.999433 -0.026444 -0.020843 0.000000 0.027074 0.999168 0.030501 7.456500 0.020019 -0.031048 0.999317 -0.000000 0.000000 0.000000 0.000000 1.000000
0.999627 -0.018434 -0.020174 0.000000 0.018832 0.999628 0.019736 7.456500 0.019802 -0.020108 0.999602 0.000000 0.000000 0.000000 0.000000 1.000000
0.999592 -0.019138 -0.021180 0.000000 0.019681 0.999475 0.025725 7.456500 0.020677 -0.026132 0.999445 0.000000 0.000000 0.000000 0.000000 1.000000</float_array>
        <technique_common>
          <accessor source="#mixamorig_Spine1-Matrix-animation-output-transform-array" count="63" stride="16">
            <param type="float4x4"/>
          </accessor>
        </technique_common>
      </source>
      <source id="mixamorig_Spine1-Interpolations">
        <Name_array id="mixamorig_Spine1-Interpolations-array" count="63">
 LINEAR LINEAR LINEAR LINEAR LINEAR LINEAR LINEAR LINEAR LINEAR LINEAR LINEAR
LINEAR LINEAR LINEAR LINEAR LINEAR LINEAR LINEAR LINEAR LINEAR LINEAR LINEAR LINEAR
LINEAR LINEAR LINEAR LINEAR LINEAR LINEAR LINEAR LINEAR LINEAR LINEAR LINEAR LINEAR
LINEAR LINEAR LINEAR LINEAR LINEAR LINEAR LINEAR LINEAR LINEAR LINEAR LINEAR LINEAR
LINEAR LINEAR LINEAR LINEAR LINEAR LINEAR LINEAR LINEAR LINEAR LINEAR LINEAR LINEAR
LINEAR LINEAR LINEAR LINEAR</Name_array>
        <technique_common>
          <accessor source="#mixamorig_Spine1-Interpolations-array" count="63">
            <param type="name"/>
          </accessor>
        </technique_common>
      </source>
      <sampler id="mixamorig_Spine1-Matrix-animation-transform">
        <input semantic="INPUT" source="#mixamorig_Spine1-Matrix-animation-input"/>
        <input semantic="OUTPUT" source="#mixamorig_Spine1-Matrix-animation-output-transform"/>
        <input semantic="INTERPOLATION" source="#mixamorig_Spine1-Interpolations"/>
      </sampler>
      <channel source="#mixamorig_Spine1-Matrix-animation-transform" target="mixamorig_Spine1/matrix"/>
    </animation>
    <animation id="mixamorig_Spine2-anim" name="mixamorig_Spine2">
      <source id="mixamorig_Spine2-Matrix-animation-input">
        <float_array id="mixamorig_Spine2-Matrix-animation-input-array" count="63">

0.000000 0.033333 0.066667 0.100000 0.133333 0.166667 0.200000 0.233333 0.266667 0.300000 0.333333 0.366667 0.400000 0.433333 0.466667 0.500000
0.533333 0.566667 0.600000 0.633333 0.666667 0.700000 0.733333 0.766667 0.800000 0.833333 0.866667 0.900000 0.933333 0.966667 1.000000 1.033333
1.066667 1.100000 1.133333 1.166667 1.200000 1.233333 1.266667 1.300000 1.333333 1.366667 1.400000 1.433333 1.466667 1.500000 1.533333 1.566667
1.600000 1.633333 1.666667 1.700000 1.733333 1.766667 1.800000 1.833333 1.866667 1.900000 1.933333 1.966667 2.000000 2.033333 2.066667</float_array>
        <technique_common>
          <accessor source="#mixamorig_Spine2-Matrix-animation-input-array" count="63">
            <param name="TIME" type="float"/>
          </accessor>
        </technique_common>
      </source>
      <source id="mixamorig_Spine2-Matrix-animation-output-transform">
        <float_array id="mixamorig_Spine2-Matrix-animation-output-transform-array" count="1008">

0.999891 0.002679 -0.014490 -0.000000 -0.008979 0.890454 -0.454985 8.623300 0.011683 0.455066 0.890381 0.000000 0.000000 0.000000 0.000000 1.000000
0.999898 0.000011 -0.014270 -0.000000 -0.006449 0.892397 -0.451205 8.623300 0.012729 0.451251 0.892306 0.000000 0.000000 0.000000 0.000000 1.000000
0.999872 -0.007969 -0.013844 0.000000 0.000898 0.893350 -0.449361 8.623300 0.015949 0.449291 0.893243 0.000000 0.000000 0.000000 0.000000 1.000000
0.999821 -0.014902 -0.011696 0.000000 0.008177 0.896430 -0.443110 8.623300 0.017088 0.442935 0.896391 0.000000 0.000000 0.000000 0.000000 1.000000
0.999814 -0.018705 -0.004784 0.000000 0.014809 0.901962 -0.431561 8.623300 0.012387 0.431410 0.902071 0.000000 0.000000 0.000000 0.000000 1.000000
0.999778 -0.020001 0.006576 -0.000000 0.020919 0.908286 -0.417827 8.623300 0.002384 0.417871 0.908503 0.000000 0.000000 0.000000 0.000000 1.000000
0.999626 -0.019401 0.019249 -0.000000 0.025493 0.915764 -0.400907 8.623300 -0.009850 0.401248 0.915916 0.000000 0.000000 0.000000 0.000000 1.000000
0.999274 -0.019116 0.032948 -0.000000 0.030257 0.923803 -0.381671 8.623300 -0.023141 0.382390 0.923711 -0.000000 0.000000 0.000000 0.000000 1.000000
0.998818 -0.018504 0.044945 0.000000 0.033792 0.929017 -0.368491 8.623300 -0.034936 0.369575 0.928544 -0.000000 0.000000 0.000000 0.000000 1.000000
0.998580 -0.015601 0.050938 0.000000 0.033081 0.931066 -0.363349 8.623300 -0.041758 0.364518 0.930260 0.000000 0.000000 0.000000 0.000000 1.000000
0.998550 -0.011792 0.052521 0.000000 0.030000 0.932034 -0.361127 8.623300 -0.044693 0.362179 0.931037 0.000000 0.000000 0.000000 0.000000 1.000000
0.998557 -0.008471 0.053027 0.000000 0.026924 0.933369 -0.357906 8.623300 -0.046462 0.358817 0.932251 0.000000 0.000000 0.000000 0.000000 1.000000
0.998598 -0.004956 0.052709 0.000000 0.023296 0.935167 -0.353440 8.623300 -0.047540 0.354173 0.933971 -0.000000 0.000000 0.000000 0.000000 1.000000
0.998657 -0.002625 0.051736 0.000000 0.020624 0.936302 -0.350591 8.623300 -0.047520 0.351187 0.935099 0.000000 0.000000 0.000000 0.000000 1.000000
