<?xml version="1.0" encoding="utf-8"?>
<COLLADA xmlns="http://www.collada.org/2005/11/COLLADASchema" version="1.4.1">
  <asset>
    <contributor>
      <author>Mixamo</author>
      <authoring_tool>COLLADA Mixamo exporter</authoring_tool>
      <comments/>
    </contributor>
    <created>2024-04-05T10:46:29Z</created>
    <modified>2024-04-05T10:46:29Z</modified>
    <revision/>
    <title/>
    <unit meter="0.010000"/>
    <up_axis>Y_UP</up_axis>
  </asset>
  <library_animations>
    <animation id="Armature-anim" name="Armature">
      <source id="Armature-Matrix-animation-input">
        <float_array id="Armature-Matrix-animation-input-array" count="61">

0.000000 0.033333 0.066667 0.100000 0.133333 0.166667 0.200000 0.233333 0.266667 0.300000 0.333333 0.366667 0.400000 0.433333 0.466667 0.500000
0.533333 0.566667 0.600000 0.633333 0.666667 0.700000 0.733333 0.766667 0.800000 0.833333 0.866667 0.900000 0.933333 0.966667 1.000000 1.033333
1.066667 1.100000 1.133333 1.166667 1.200000 1.233333 1.266667 1.300000 1.333333 1.366667 1.400000 1.433333 1.466667 1.500000 1.533333 1.566667
1.600000 1.633333 1.666667 1.700000 1.733333 1.766667 1.800000 1.833333 1.866667 1.900000 1.933333 1.966667 2.000000</float_array>
        <technique_common>
          <accessor source="#Armature-Matrix-animation-input-array" count="61">
            <param name="TIME" type="float"/>
          </accessor>
        </technique_common>
      </source>
      <source id="Armature-Matrix-animation-output-transform">
        <float_array id="Armature-Matrix-animation-output-transform-array" count="976">

1.000000 0.000000 0.000000 0.000000 0.000000 1.000000 0.000000 0.000000 0.000000 0.000000 1.000000 0.000000 0.000000 0.000000 0.000000 1.000000
1.000000 0.000000 0.000000 0.000000 0.000000 1.000000 0.000000 0.000000 0.000000 0.000000 1.000000 0.000000 0.000000 0.000000 0.000000 1.000000
1.000000 0.000000 0.000000 0.000000 0.000000 1.000000 0.000000 0.000000 0.000000 0.000000 1.000000 0.000000 0.000000 0.000000 0.000000 1.000000
1.000000 0.000000 0.000000 0.000000 0.000000 1.000000 0.000000 0.000000 0.000000 0.000000 1.000000 0.000000 0.000000 0.000000 0.000000 1.000000
1.000000 0.000000 0.000000 0.000000 0.000000 1.000000 0.000000 0.000000 0.000000 0.000000 1.000000 0.000000 0.000000 0.000000 0.000000 1.000000
1.000000 0.000000 0.000000 0.000000 0.000000 1.000000 0.000000 0.000000 0.000000 0.000000 1.000000 0.000000 0.000000 0.000000 0.000000 1.000000
1.000000 0.000000 0.000000 0.000000 0.000000 1.000000 0.000000 0.000000 0.000000 0.000000 1.000000 0.000000 0.000000 0.000000 0.000000 1.000000
1.000000 0.000000 0.000000 0.000000 0.000000 1.000000 0.000000 0.000000 0.000000 0.000000 1.000000 0.000000 0.000000 0.000000 0.000000 1.000000
1.000000 0.000000 0.000000 0.000000 0.000000 1.000000 0.000000 0.000000 0.000000 0.000000 1.000000 0.000000 0.000000 0.000000 0.000000 1.000000
1.000000 0.000000 0.000000 0.000000 0.000000 1.000000 0.000000 0.000000 0.000000 0.000000 1.000000 0.000000 0.000000 0.000000 0.000000 1.000000
1.000000 0.000000 0.000000 0.000000 0.000000 1.000000 0.000000 0.000000 0.000000 0.000000 1.000000 0.000000 0.000000 0.000000 0.000000 1.000000
1.000000 0.000000 0.000000 0.000000 0.000000 1.000000 0.000000 0.000000 0.000000 0.000000 1.000000 0.000000 0.000000 0.000000 0.000000 1.000000
1.000000 0.000000 0.000000 0.000000 0.000000 1.000000 0.000000 0.000000 0.000000 0.000000 1.000000 0.000000 0.000000 0.000000 0.000000 1.000000
1.000000 0.000000 0.000000 0.000000 0.000000 1.000000 0.000000 0.000000 0.000000 0.000000 1.000000 0.000000 0.000000 0.000000 0.000000 1.000000
1.000000 0.000000 0.000000 0.000000 0.000000 1.000000 0.000000 0.000000 0.000000 0.000000 1.000000 0.000000 0.000000 0.000000 0.000000 1.000000
1.000000 0.000000 0.000000 0.000000 0.000000 1.000000 0.000000 0.000000 0.000000 0.000000 1.000000 0.000000 0.000000 0.000000 0.000000 1.000000
1.000000 0.000000 0.000000 0.000000 0.000000 1.000000 0.000000 0.000000 0.000000 0.000000 1.000000 0.000000 0.000000 0.000000 0.000000 1.000000
1.000000 0.000000 0.000000 0.000000 0.000000 1.000000 0.000000 0.000000 0.000000 0.000000 1.000000 0.000000 0.000000 0.000000 0.000000 1.000000
1.000000 0.000000 0.000000 0.000000 0.000000 1.000000 0.000000 0.000000 0.000000 0.000000 1.000000 0.000000 0.000000 0.000000 0.000000 1.000000
1.000000 0.000000 0.000000 0.000000 0.000000 1.000000 0.000000 0.000000 0.000000 0.000000 1.000000 0.000000 0.000000 0.000000 0.000000 1.000000
1.000000 0.000000 0.000000 0.000000 0.000000 1.000000 0.000000 0.000000 0.000000 0.000000 1.000000 0.000000 0.000000 0.000000 0.000000 1.000000
1.000000 0.000000 0.000000 0.000000 0.000000 1.000000 0.000000 0.000000 0.000000 0.000000 1.000000 0.000000 0.000000 0.000000 0.000000 1.000000
1.000000 0.000000 0.000000 0.000000 0.000000 1.000000 0.000000 0.000000 0.000000 0.000000 1.000000 0.000000 0.000000 0.000000 0.000000 1.000000
1.000000 0.000000 0.000000 0.000000 0.000000 1.000000 0.000000 0.000000 0.000000 0.000000 1.000000 0.000000 0.000000 0.000000 0.000000 1.000000
1.000000 0.000000 0.000000 0.000000 0.000000 1.000000 0.000000 0.000000 0.000000 0.000000 1.000000 0.000000 0.000000 0.000000 0.000000 1.000000
1.000000 0.000000 0.000000 0.000000 0.000000 1.000000 0.000000 0.000000 0.000000 0.000000 1.000000 0.000000 0.000000 0.000000 0.000000 1.000000
1.000000 0.000000 0.000000 0.000000 0.000000 1.000000 0.000000 0.000000 0.000000 0.000000 1.000000 0.000000 0.000000 0.000000 0.000000 1.000000
1.000000 0.000000 0.000000 0.000000 0.000000 1.000000 0.000000 0.000000 0.000000 0.000000 1.000000 0.000000 0.000000 0.000000 0.000000 1.000000
1.000000 0.000000 0.000000 0.000000 0.000000 1.000000 0.000000 0.000000 0.000000 0.000000 1.000000 0.000000 0.000000 0.000000 0.000000 1.000000
1.000000 0.000000 0.000000 0.000000 0.000000 1.000000 0.000000 0.000000 0.000000 0.000000 1.000000 0.000000 0.000000 0.000000 0.000000 1.000000
1.000000 0.000000 0.000000 0.000000 0.000000 1.000000 0.000000 0.000000 0.000000 0.000000 1.000000 0.000000 0.000000 0.000000 0.000000 1.000000
1.000000 0.000000 0.000000 0.000000 0.000000 1.000000 0.000000 0.000000 0.000000 0.000000 1.000000 0.000000 0.000000 0.000000 0.000000 1.000000
1.000000 0.000000 0.000000 0.000000 0.000000 1.000000 0.000000 0.000000 0.000000 0.000000 1.000000 0.000000 0.000000 0.000000 0.000000 1.000000
1.000000 0.000000 0.000000 0.000000 0.000000 1.000000 0.000000 0.000000 0.000000 0.000000 1.000000 0.000000 0.000000 0.000000 0.000000 1.000000
1.000000 0.000000 0.000000 0.000000 0.000000 1.000000 0.000000 0.000000 0.000000 0.000000 1.000000 0.000000 0.000000 0.000000 0.000000 1.000000
1.000000 0.000000 0.000000 0.000000 0.000000 1.000000 0.000000 0.000000 0.000000 0.000000 1.000000 0.000000 0.000000 0.000000 0.000000 1.000000
1.000000 0.000000 0.000000 0.000000 0.000000 1.000000 0.000000 0.000000 0.000000 0.000000 1.000000 0.000000 0.000000 0.000000 0.000000 1.000000
1.000000 0.000000 0.000000 0.000000 0.000000 1.000000 0.000000 0.000000 0.000000 0.000000 1.000000 0.000000 0.000000 0.000000 0.000000 1.000000
1.000000 0.000000 0.000000 0.000000 0.000000 1.000000 0.000000 0.000000 0.000000 0.000000 1.000000 0.000000 0.000000 0.000000 0.000000 1.000000
1.000000 0.000000 0.000000 0.000000 0.000000 1.000000 0.000000 0.000000 0.000000 0.000000 1.000000 0.000000 0.000000 0.000000 0.000000 1.000000
1.000000 0.000000 0.000000 0.000000 0.000000 1.000000 0.000000 0.000000 0.000000 0.000000 1.000000 0.000000 0.000000 0.000000 0.000000 1.000000
1.000000 0.000000 0.000000 0.000000 0.000000 1.000000 0.000000 0.000000 0.000000 0.000000 1.000000 0.000000 0.000000 0.000000 0.000000 1.000000
1.000000 0.000000 0.000000 0.000000 0.000000 1.000000 0.000000 0.000000 0.000000 0.000000 1.000000 0.000000 0.000000 0.000000 0.000000 1.000000
1.000000 0.000000 0.000000 0.000000 0.000000 1.000000 0.000000 0.000000 0.000000 0.000000 1.000000 0.000000 0.000000 0.000000 0.000000 1.000000
1.000000 0.000000 0.000000 0.000000 0.000000 1.000000 0.000000 0.000000 0.000000 0.000000 1.000000 0.000000 0.000000 0.000000 0.000000 1.000000
1.000000 0.000000 0.000000 0.000000 0.000000 1.000000 0.000000 0.000000 0.000000 0.000000 1.000000 0.000000 0.000000 0.000000 0.000000 1.000000
1.000000 0.000000 0.000000 0.000000 0.000000 1.000000 0.000000 0.000000 0.000000 0.000000 1.000000 0.000000 0.000000 0.000000 0.000000 1.000000
1.000000 0.000000 0.000000 0.000000 0.000000 1.000000 0.000000 0.000000 0.000000 0.000000 1.000000 0.000000 0.000000 0.000000 0.000000 1.000000
1.000000 0.000000 0.000000 0.000000 0.000000 1.000000 0.000000 0.000000 0.000000 0.000000 1.000000 0.000000 0.000000 0.000000 0.000000 1.000000
1.000000 0.000000 0.000000 0.000000 0.000000 1.000000 0.000000 0.000000 0.000000 0.000000 1.000000 0.000000 0.000000 0.000000 0.000000 1.000000
1.000000 0.000000 0.000000 0.000000 0.000000 1.000000 0.000000 0.000000 0.000000 0.000000 1.000000 0.000000 0.000000 0.000000 0.000000 1.000000
1.000000 0.000000 0.000000 0.000000 0.000000 1.000000 0.000000 0.000000 0.000000 0.000000 1.000000 0.000000 0.000000 0.000000 0.000000 1.000000
1.000000 0.000000 0.000000 0.000000 0.000000 1.000000 0.000000 0.000000 0.000000 0.000000 1.000000 0.000000 0.000000 0.000000 0.000000 1.000000
1.000000 0.000000 0.000000 0.000000 0.000000 1.000000 0.000000 0.000000 0.000000 0.000000 1.000000 0.000000 0.000000 0.000000 0.000000 1.000000
1.000000 0.000000 0.000000 0.000000 0.000000 1.000000 0.000000 0.000000 0.000000 0.000000 1.000000 0.000000 0.000000 0.000000 0.000000 1.000000
1.000000 0.000000 0.000000 0.000000 0.000000 1.000000 0.000000 0.000000 0.000000 0.000000 1.000000 0.000000 0.000000 0.000000 0.000000 1.000000
1.000000 0.000000 0.000000 0.000000 0.000000 1.000000 0.000000 0.000000 0.000000 0.000000 1.000000 0.000000 0.000000 0.000000 0.000000 1.000000
1.000000 0.000000 0.000000 0.000000 0.000000 1.000000 0.000000 0.000000 0.000000 0.000000 1.000000 0.000000 0.000000 0.000000 0.000000 1.000000
1.000000 0.000000 0.000000 0.000000 0.000000 1.000000 0.000000 0.000000 0.000000 0.000000 1.000000 0.000000 0.000000 0.000000 0.000000 1.000000
1.000000 0.000000 0.000000 0.000000 0.000000 1.000000 0.000000 0.000000 0.000000 0.000000 1.000000 0.000000 0.000000 0.000000 0.000000 1.000000
1.000000 0.000000 0.000000 0.000000 0.000000 1.000000 0.000000 0.000000 0.000000 0.000000 1.000000 0.000000 0.000000 0.000000 0.000000 1.000000</float_array>
        <technique_common>
          <accessor source="#Armature-Matrix-animation-output-transform-array" count="61" stride="16">
            <param type="float4x4"/>
          </accessor>
        </technique_common>
      </source>
      <source id="Armature-Interpolations">
        <Name_array id="Armature-Interpolations-array" count="61">
 LINEAR LINEAR LINEAR LINEAR LINEAR LINEAR LINEAR LINEAR LINEAR LINEAR LINEAR
LINEAR LINEAR LINEAR LINEAR LINEAR LINEAR LINEAR LINEAR LINEAR LINEAR LINEAR LINEAR
LINEAR LINEAR LINEAR LINEAR LINEAR LINEAR LINEAR LINEAR LINEAR LINEAR LINEAR LINEAR
LINEAR LINEAR LINEAR LINEAR LINEAR LINEAR LINEAR LINEAR LINEAR LINEAR LINEAR LINEAR
LINEAR LINEAR LINEAR LINEAR LINEAR LINEAR LINEAR LINEAR LINEAR LINEAR LINEAR LINEAR
LINEAR LINEAR</Name_array>
        <technique_common>
          <accessor source="#Armature-Interpolations-array" count="61">
            <param type="name"/>
          </accessor>
        </technique_common>
      </source>
      <sampler id="Armature-Matrix-animation-transform">
        <input semantic="INPUT" source="#Armature-Matrix-animation-input"/>
        <input semantic="OUTPUT" source="#Armature-Matrix-animation-output-transform"/>
        <input semantic="INTERPOLATION" source="#Armature-Interpolations"/>
      </sampler>
      <channel source="#Armature-Matrix-animation-transform" target="Armature/matrix"/>
    </animation>
    <animation id="mixamorig_Hips-anim" name="mixamorig_Hips">
      <source id="mixamorig_Hips-Matrix-animation-input">
        <float_array id="mixamorig_Hips-Matrix-animation-input-array" count="61">

0.000000 0.033333 0.066667 0.100000 0.133333 0.166667 0.200000 0.233333 0.266667 0.300000 0.333333 0.366667 0.400000 0.433333 0.466667 0.500000
0.533333 0.566667 0.600000 0.633333 0.666667 0.700000 0.733333 0.766667 0.800000 0.833333 0.866667 0.900000 0.933333 0.966667 1.000000 1.033333
1.066667 1.100000 1.133333 1.166667 1.200000 1.233333 1.266667 1.300000 1.333333 1.366667 1.400000 1.433333 1.466667 1.500000 1.533333 1.566667
1.600000 1.633333 1.666667 1.700000 1.733333 1.766667 1.800000 1.833333 1.866667 1.900000 1.933333 1.966667 2.000000</float_array>
        <technique_common>
          <accessor source="#mixamorig_Hips-Matrix-animation-input-array" count="61">
            <param name="TIME" type="float"/>
          </accessor>
        </technique_common>
      </source>
      <source id="mixamorig_Hips-Matrix-animation-output-transform">
        <float_array id="mixamorig_Hips-Matrix-animation-output-transform-array" count="976">

0.846154 -0.045535 -0.530989 1.041842 0.241128 0.921239 0.305248 172.042587 0.475269 -0.386324 0.790490 -2.753617 0.000000 0.000000 0.000000 1.000000
0.856254 -0.072177 -0.511488 0.259450 0.163272 0.977242 0.135425 180.788086 0.490073 -0.199470 0.848552 4.344020 0.000000 0.000000 0.000000 1.000000
0.882389 -0.099364 -0.459909 -0.867702 0.088901 0.995050 -0.044416 188.195511 0.462046 -0.001694 0.886854 10.618792 0.000000 0.000000 0.000000 1.000000
0.917718 -0.109896 -0.381729 -2.150923 0.026341 0.975690 -0.217565 194.121292 0.396359 0.189608 0.898303 17.352110 0.000000 0.000000 0.000000 1.000000
0.953746 -0.093294 -0.285771 -3.433459 -0.019018 0.929994 -0.367083 198.875244 0.300012 0.355539 0.885204 24.494453 0.000000 0.000000 0.000000 1.000000
0.982311 -0.048975 -0.180739 -4.644008 -0.044565 0.876317 -0.479670 202.586472 0.181876 0.479240 0.858633 31.506882 0.000000 0.000000 0.000000 1.000000
0.997301 0.013483 -0.072178 -5.799086 -0.051418 0.829984 -0.555413 205.330185 0.052418 0.557625 0.828436 38.142204 0.000000 0.000000 0.000000 1.000000
0.995965 0.082131 0.036179 -7.156497 -0.043908 0.797509 -0.601708 207.104065 -0.078272 0.597691 0.797897 44.855511 0.000000 0.000000 0.000000 1.000000
0.977162 0.146716 0.153719 -8.872406 -0.022339 0.790308 -0.612303 207.886597 -0.211320 0.594885 0.775536 51.880898 0.000000 0.000000 0.000000 1.000000
0.925598 0.195485 0.324119 -10.922261 0.021795 0.827362 -0.561245 207.478943 -0.377879 0.526552 0.761545 59.019112 0.000000 0.000000 0.000000 1.000000
0.847035 0.214840 0.486185 -13.097497 0.047053 0.880780 -0.471183 205.818451 -0.529451 0.421985 0.735942 67.044968 0.000000 0.000000 0.000000 1.000000
0.782090 0.217757 0.583881 -14.986110 0.028944 0.923255 -0.383095 203.404419 -0.622493 0.316514 0.715766 75.905319 0.000000 0.000000 0.000000 1.000000
0.728921 0.210145 0.651547 -16.453613 -0.023036 0.958712 -0.283444 200.955856 -0.684210 0.191599 0.703666 84.693565 0.000000 0.000000 0.000000 1.000000
0.685665 0.189932 0.702701 -17.687124 -0.095958 0.980519 -0.171392 198.726883 -0.721565 0.050088 0.690533 92.855782 0.000000 0.000000 0.000000 1.000000
0.653778 0.158797 0.739837 -18.734182 -0.175717 0.982865 -0.055683 197.549118 -0.736002 -0.093598 0.670478 100.552643 0.000000 0.000000 0.000000 1.000000
0.633576 0.119780 0.764352 -19.660896 -0.247853 0.967299 0.053863 197.489365 -0.732905 -0.223574 0.642545 106.412796 0.000000 0.000000 0.000000 1.000000
0.624412 0.076294 0.777360 -20.425110 -0.299883 0.942364 0.148392 197.964584 -0.721235 -0.325775 0.611303 110.605499 0.000000 0.000000 0.000000 1.000000
0.624043 0.032235 0.780725 -21.146151 -0.317321 0.923506 0.215508 198.690201 -0.714057 -0.382227 0.586536 113.826080 0.000000 0.000000 0.000000 1.000000
0.626017 -0.011506 0.779725 -21.814686 -0.320738 0.907600 0.270904 199.130569 -0.710795 -0.419677 0.564483 115.550919 0.000000 0.000000 0.000000 1.000000
0.630027 -0.054345 0.774670 -22.417013 -0.322225 0.889328 0.324449 199.557999 -0.706567 -0.454030 0.542789 115.861023 0.000000 0.000000 0.000000 1.000000
0.636856 -0.093917 0.765241 -22.918163 -0.321215 0.869985 0.374096 199.790512 -0.700882 -0.484052 0.523887 114.856003 0.000000 0.000000 0.000000 1.000000
0.647167 -0.127969 0.751531 -23.292885 -0.317034 0.851345 0.417973 199.783371 -0.693300 -0.508759 0.510392 112.389580 0.000000 0.000000 0.000000 1.000000
0.661524 -0.154579 0.733819 -23.529459 -0.310582 0.834189 0.455706 199.616104 -0.682586 -0.529372 0.503826 108.623978 0.000000 0.000000 0.000000 1.000000
0.683167 -0.162096 0.712045 -23.539696 -0.306645 0.821249 0.481165 199.348053 -0.662761 -0.547061 0.511344 103.894379 0.000000 0.000000 0.000000 1.000000
0.706881 -0.160796 0.688813 -23.414349 -0.301479 0.812445 0.499043 198.888275 -0.639867 -0.560427 0.525826 98.654663 0.000000 0.000000 0.000000 1.000000
0.731695 -0.150634 0.664779 -23.154804 -0.295033 0.809198 0.508089 198.207047 -0.614473 -0.567898 0.547644 92.971832 0.000000 0.000000 0.000000 1.000000
0.757356 -0.129578 0.640016 -22.749226 -0.286904 0.814417 0.504391 197.230545 -0.586598 -0.565627 0.579628 87.276512 0.000000 0.000000 0.000000 1.000000
0.782413 -0.097769 0.615038 -22.199369 -0.278450 0.828459 0.485923 195.875504 -0.557042 -0.551450 0.620973 81.818192 0.000000 0.000000 0.000000 1.000000
0.809988 -0.057990 0.583572 -21.511436 -0.268675 0.847829 0.457165 193.803970 -0.521280 -0.527090 0.671151 76.395782 0.000000 0.000000 0.000000 1.000000
0.845703 -0.012149 0.533516 -20.667088 -0.254237 0.869824 0.422811 191.096954 -0.469202 -0.493212 0.732524 71.201782 0.000000 0.000000 0.000000 1.000000
0.886575 0.039485 0.460896 -19.580448 -0.236272 0.895235 0.377796 188.084244 -0.397693 -0.443842 0.803022 66.642075 0.000000 0.000000 0.000000 1.000000
0.922131 0.090285 0.376196 -18.144053 -0.220029 0.922203 0.318009 184.458588 -0.318217 -0.376020 0.870257 62.932934 0.000000 0.000000 0.000000 1.000000
0.952173 0.136463 0.273396 -16.350691 -0.209163 0.943339 0.257607 180.301010 -0.222751 -0.302471 0.926765 60.192352 0.000000 0.000000 0.000000 1.000000
0.969544 0.167530 0.178656 -14.279671 -0.202491 0.958656 0.199941 175.521698 -0.137773 -0.230028 0.963382 58.467133 0.000000 0.000000 0.000000 1.000000
0.978644 0.184384 0.090878 -11.894747 -0.195451 0.971583 0.133512 170.538223 -0.063678 -0.148423 0.986872 58.013657 0.000000 0.000000 0.000000 1.000000
0.981687 0.190154 0.011487 -9.255764 -0.190498 0.979568 0.064472 165.618271 0.001007 -0.065479 0.997853 58.540653 0.000000 0.000000 0.000000 1.000000
0.981552 0.185962 -0.044430 -7.035740 -0.186268 0.982495 -0.002822 161.219086 0.043127 0.011046 0.999009 60.197704 0.000000 0.000000 0.000000 1.000000
0.981619 0.175734 -0.074443 -4.877946 -0.180586 0.981450 -0.064384 157.479294 0.061748 0.076644 0.995145 62.475277 0.000000 0.000000 0.000000 1.000000
0.983427 0.162412 -0.080581 -2.669570 -0.171194 0.978174 -0.117766 154.096832 0.059696 0.129609 0.989767 65.309059 0.000000 0.000000 0.000000 1.000000
0.986976 0.148223 -0.062512 -0.607498 -0.156584 0.974262 -0.162156 151.170868 0.036868 0.169832 0.984783 68.521255 0.000000 0.000000 0.000000 1.000000
0.990639 0.134707 -0.022117 1.226959 -0.136421 0.971026 -0.196210 148.583664 -0.004955 0.197390 0.980313 71.892715 0.000000 0.000000 0.000000 1.000000
0.992404 0.122126 0.014793 2.713592 -0.115957 0.968805 -0.219022 146.136902 -0.041080 0.215643 0.975608 75.552826 0.000000 0.000000 0.000000 1.000000
0.993481 0.109232 0.032614 3.994713 -0.098863 0.968020 -0.230570 144.143478 -0.056756 0.225843 0.972509 79.430290 0.000000 0.000000 0.000000 1.000000
0.994448 0.095875 0.043372 4.990669 -0.083697 0.970473 -0.226225 142.917450 -0.063780 0.221339 0.973109 83.628815 0.000000 0.000000 0.000000 1.000000
0.995455 0.082114 0.048243 5.760549 -0.070265 0.975175 -0.209993 142.218964 -0.064289 0.205648 0.976512 87.885414 0.000000 0.000000 0.000000 1.000000
0.996766 0.068034 0.042772 6.320677 -0.058931 0.980675 -0.186556 141.600250 -0.054637 0.183432 0.981513 92.128036 0.000000 0.000000 0.000000 1.000000
0.998380 0.053846 0.018365 6.843529 -0.050180 0.985566 -0.161685 141.055191 -0.026806 0.160502 0.986671 96.391457 0.000000 0.000000 0.000000 1.000000
0.999158 0.040793 -0.004338 7.178371 -0.041005 0.989991 -0.135042 140.582733 -0.001214 0.135106 0.990830 100.430305 0.000000 0.000000 0.000000 1.000000
0.999440 0.030934 -0.012753 7.279934 -0.032108 0.993915 -0.105365 140.175446 0.009416 0.105715 0.994352 104.373260 0.000000 0.000000 0.000000 1.000000
0.999663 0.023526 -0.010969 7.306870 -0.024273 0.996974 -0.073848 139.821396 0.009198 0.074089 0.997209 107.661827 0.000000 0.000000 0.000000 1.000000
0.999825 0.017297 -0.007156 7.290919 -0.017592 0.998902 -0.043427 139.516724 0.006397 0.043545 0.999031 109.790359 0.000000 0.000000 0.000000 1.000000
0.999933 0.011539 -0.000908 7.243855 -0.011552 0.999795 -0.016626 139.260986 0.000716 0.016635 0.999861 111.228767 0.000000 0.000000 0.000000 1.000000
0.999968 0.006348 0.004807 7.190398 -0.006369 0.999970 0.004317 139.055725 -0.004780 -0.004348 0.999979 111.939087 0.000000 0.000000 0.000000 1.000000
0.999959 0.001863 0.008846 7.133369 -0.002041 0.999795 0.020138 138.900696 -0.008807 -0.020155 0.999758 112.060722 0.000000 0.000000 0.000000 1.000000
0.999920 -0.001849 0.012499 7.070391 0.001460 0.999516 0.031059 138.793365 -0.012551 -0.031038 0.999439 111.772118 0.000000 0.000000 0.000000 1.000000
0.999861 -0.005097 0.015873 6.998420 0.004510 0.999311 0.036832 138.728363 -0.016050 -0.036756 0.999195 111.353104 0.000000 0.000000 0.000000 1.000000
0.999786 -0.007658 0.019214 6.899938 0.006942 0.999288 0.037083 138.698990 -0.019484 -0.036942 0.999127 110.758339 0.000000 0.000000 0.000000 1.000000
0.999707 -0.009412 0.022314 6.772293 0.008680 0.999428 0.032680 138.697052 -0.022609 -0.032477 0.999217 110.111633 0.000000 0.000000 0.000000 1.000000
0.999644 -0.010335 0.024594 6.632892 0.009691 0.999610 0.026184 138.709824 -0.024855 -0.025937 0.999355 109.391876 0.000000 0.000000 0.000000 1.000000
0.999595 -0.010397 0.026477 6.462070 0.009861 0.999745 0.020300 138.725616 -0.026681 -0.020031 0.999443 108.500534 0.000000 0.000000 0.000000 1.000000
0.999561 -0.009596 0.028035 6.306129 0.009101 0.999802 0.017722 138.735992 -0.028200 -0.017459 0.999450 107.503807 0.000000 0.000000 0.000000 1.000000</float_array>
        <technique_common>
          <accessor source="#mixamorig_Hips-Matrix-animation-output-transform-array" count="61" stride="16">
            <param type="float4x4"/>
          </accessor>
        </technique_common>
      </source>
      <source id="mixamorig_Hips-Interpolations">
        <Name_array id="mixamorig_Hips-Interpolations-array" count="61">
 LINEAR LINEAR LINEAR LINEAR LINEAR LINEAR LINEAR LINEAR LINEAR LINEAR LINEAR
LINEAR LINEAR LINEAR LINEAR LINEAR LINEAR LINEAR LINEAR LINEAR LINEAR LINEAR LINEAR
LINEAR LINEAR LINEAR LINEAR LINEAR LINEAR LINEAR LINEAR LINEAR LINEAR LINEAR LINEAR
LINEAR LINEAR LINEAR LINEAR LINEAR LINEAR LINEAR LINEAR LINEAR LINEAR LINEAR LINEAR
LINEAR LINEAR LINEAR LINEAR LINEAR LINEAR LINEAR LINEAR LINEAR LINEAR LINEAR LINEAR
LINEAR LINEAR</Name_array>
        <technique_common>
          <accessor source="#mixamorig_Hips-Interpolations-array" count="61">
            <param type="name"/>
          </accessor>
        </technique_common>
      </source>
      <sampler id="mixamorig_Hips-Matrix-animation-transform">
        <input semantic="INPUT" source="#mixamorig_Hips-Matrix-animation-input"/>
        <input semantic="OUTPUT" source="#mixamorig_Hips-Matrix-animation-output-transform"/>
        <input semantic="INTERPOLATION" source="#mixamorig_Hips-Interpolations"/>
      </sampler>
      <channel source="#mixamorig_Hips-Matrix-animation-transform" target="mixamorig_Hips/matrix"/>
    </animation>
    <animation id="mixamorig_Spine-anim" name="mixamorig_Spine">
      <source id="mixamorig_Spine-Matrix-animation-input">
        <float_array id="mixamorig_Spine-Matrix-animation-input-array" count="61">

0.000000 0.033333 0.066667 0.100000 0.133333 0.166667 0.200000 0.233333 0.266667 0.300000 0.333333 0.366667 0.400000 0.433333 0.466667 0.500000
0.533333 0.566667 0.600000 0.633333 0.666667 0.700000 0.733333 0.766667 0.800000 0.833333 0.866667 0.900000 0.933333 0.966667 1.000000 1.033333
1.066667 1.100000 1.133333 1.166667 1.200000 1.233333 1.266667 1.300000 1.333333 1.366667 1.400000 1.433333 1.466667 1.500000 1.533333 1.566667
1.600000 1.633333 1.666667 1.700000 1.733333 1.766667 1.800000 1.833333 1.866667 1.900000 1.933333 1.966667 2.000000</float_array>
        <technique_common>
          <accessor source="#mixamorig_Spine-Matrix-animation-input-array" count="61">
            <param name="TIME" type="float"/>
          </accessor>
        </technique_common>
      </source>
      <source id="mixamorig_Spine-Matrix-animation-output-transform">
        <float_array id="mixamorig_Spine-Matrix-animation-output-transform-array" count="976">

0.997629 0.067803 -0.011811 0.000000 -0.068448 0.959534 -0.273146 12.246100 -0.007187 0.273306 0.961900 0.234600 0.000000 0.000000 0.000000 1.000000
0.997234 0.074279 0.002706 -0.000000 -0.071713 0.971079 -0.227735 12.246100 -0.019544 0.226911 0.973719 0.234600 0.000000 0.000000 0.000000 1.000000
0.996962 0.076376 0.015285 -0.000000 -0.073102 0.985226 -0.154874 12.246100 -0.026888 0.153286 0.987816 0.234600 0.000000 0.000000 0.000000 1.000000
0.996934 0.074670 0.023378 0.000000 -0.072679 0.994396 -0.076772 12.246100 -0.028979 0.074838 0.996775 0.234600 0.000000 0.000000 0.000000 1.000000
0.997097 0.071332 0.026620 0.000000 -0.071076 0.997416 -0.010432 12.246100 -0.027295 0.008510 0.999591 0.234600 0.000000 0.000000 0.000000 1.000000
0.997931 0.060843 0.020804 0.000000 -0.061439 0.997680 0.029315 12.246100 -0.018972 -0.030533 0.999354 0.234600 0.000000 0.000000 0.000000 1.000000
0.998676 0.050374 0.010445 0.000000 -0.050811 0.997606 0.046907 12.246100 -0.008057 -0.047375 0.998845 0.234600 0.000000 0.000000 0.000000 1.000000
0.999225 0.039370 0.000271 0.000000 -0.039316 0.997445 0.059640 12.246100 0.002077 -0.059605 0.998220 0.234600 0.000000 0.000000 0.000000 1.000000
0.999475 0.030785 -0.010128 0.000000 -0.030075 0.997494 0.064034 12.246100 0.012074 -0.063696 0.997896 0.234600 0.000000 0.000000 0.000000 1.000000
0.999305 0.022814 -0.029491 0.000000 -0.021151 0.998234 0.055518 12.246100 0.030706 -0.054856 0.998022 0.234600 0.000000 0.000000 0.000000 1.000000
0.998889 0.016961 -0.043959 0.000000 -0.015227 0.999104 0.039479 12.246100 0.044589 -0.038765 0.998253 0.234600 0.000000 0.000000 0.000000 1.000000
0.998817 0.014989 -0.046257 0.000000 -0.013647 0.999480 0.029199 12.246100 0.046670 -0.028533 0.998503 0.234600 0.000000 0.000000 0.000000 1.000000
0.999044 0.013734 -0.041501 -0.000000 -0.012936 0.999727 0.019433 12.246100 0.041757 -0.018878 0.998949 0.234600 0.000000 0.000000 0.000000 1.000000
0.999282 0.014633 -0.034957 0.000000 -0.014424 0.999876 0.006245 12.246100 0.035044 -0.005737 0.999369 0.234600 0.000000 0.000000 0.000000 1.000000
0.999253 0.020784 -0.032578 -0.000000 -0.020953 0.999769 -0.004849 12.246100 0.032470 0.005528 0.999457 0.234600 0.000000 0.000000 0.000000 1.000000
0.999066 0.027199 -0.033572 0.000000 -0.027845 0.999433 -0.018925 12.246100 0.033038 0.019842 0.999257 0.234600 0.000000 0.000000 0.000000 1.000000
0.998794 0.033972 -0.035454 0.000000 -0.035132 0.998851 -0.032607 12.246100 0.034306 0.033813 0.998839 0.234600 0.000000 0.000000 0.000000 1.000000
0.998210 0.046723 -0.037321 0.000000 -0.048261 0.997976 -0.041421 12.246100 0.035310 0.043148 0.998445 0.234600 0.000000 0.000000 0.000000 1.000000
0.997657 0.057198 -0.037530 0.000000 -0.059170 0.996801 -0.053723 12.246100 0.034337 0.055817 0.997850 0.234600 0.000000 0.000000 0.000000 1.000000
0.997394 0.061894 -0.037070 0.000000 -0.064418 0.995374 -0.071275 12.246100 0.032487 0.073477 0.996768 0.234600 0.000000 0.000000 0.000000 1.000000
0.997344 0.061273 -0.039388 0.000000 -0.064692 0.993620 -0.092379 12.246100 0.033476 0.094682 0.994945 0.234600 0.000000 0.000000 0.000000 1.000000
0.997512 0.055008 -0.044079 0.000000 -0.059843 0.991310 -0.117149 12.246100 0.037252 0.119496 0.992136 0.234600 0.000000 0.000000 0.000000 1.000000
0.997801 0.044186 -0.049397 0.000000 -0.050949 0.988075 -0.145302 12.246100 0.042387 0.147500 0.988153 0.234600 0.000000 0.000000 0.000000 1.000000
0.998053 0.031303 -0.053942 0.000000 -0.040036 0.984751 -0.169299 12.246100 0.047820 0.171129 0.984087 0.234600 0.000000 0.000000 0.000000 1.000000
0.998229 0.018587 -0.056518 0.000000 -0.029085 0.981150 -0.191045 12.246100 0.051902 0.192351 0.979953 0.234600 0.000000 0.000000 0.000000 1.000000
0.998316 0.007074 -0.057585 -0.000000 -0.018964 0.977805 -0.208656 12.246100 0.054831 0.209397 0.976292 0.234600 0.000000 0.000000 0.000000 1.000000
0.998414 -0.002348 -0.056241 0.000000 -0.010012 0.975791 -0.218474 12.246100 0.055392 0.218691 0.974221 0.234600 0.000000 0.000000 0.000000 1.000000
0.998461 -0.009624 -0.054624 0.000000 -0.002578 0.975717 -0.219020 12.246100 0.055406 0.218824 0.974190 0.234600 0.000000 0.000000 0.000000 1.000000
0.998426 -0.015608 -0.053869 -0.000000 0.003651 0.976546 -0.215279 12.246100 0.055966 0.214743 0.975066 0.234600 0.000000 0.000000 0.000000 1.000000
0.998551 -0.019039 -0.050341 -0.000000 0.008101 0.977850 -0.209150 12.246100 0.053208 0.208439 0.976587 0.234600 0.000000 0.000000 0.000000 1.000000
0.998870 -0.019672 -0.043254 0.000000 0.010747 0.980220 -0.197618 12.246100 0.046286 0.196930 0.979324 0.234600 0.000000 0.000000 0.000000 1.000000
0.999188 -0.020136 -0.034891 0.000000 0.013536 0.983575 -0.179990 12.246100 0.037942 0.179371 0.983049 0.234600 0.000000 0.000000 0.000000 1.000000
0.999507 -0.021471 -0.022900 0.000000 0.017499 0.986736 -0.161386 12.246100 0.026062 0.160905 0.986626 0.234600 0.000000 0.000000 0.000000 1.000000
0.999643 -0.023708 -0.012328 -0.000000 0.021694 0.989396 -0.143616 12.246100 0.015603 0.143297 0.989557 0.234600 0.000000 0.000000 0.000000 1.000000
0.999711 -0.023872 -0.002907 -0.000000 0.023330 0.992068 -0.123522 12.246100 0.005833 0.123419 0.992338 0.234600 0.000000 0.000000 0.000000 1.000000
0.999729 -0.022530 0.005784 -0.000000 0.023003 0.994507 -0.102113 12.246100 -0.003451 0.102218 0.994756 0.234600 0.000000 0.000000 0.000000 1.000000
0.999758 -0.019256 0.010590 0.000000 0.020035 0.996661 -0.079154 12.246100 -0.009031 0.079347 0.996806 0.234600 0.000000 0.000000 0.000000 1.000000
0.999765 -0.018340 0.011572 0.000000 0.018983 0.998130 -0.058098 12.246100 -0.010485 0.058304 0.998244 0.234600 0.000000 0.000000 0.000000 1.000000
0.999826 -0.016630 0.008487 -0.000000 0.016950 0.999091 -0.039104 12.246100 -0.007829 0.039241 0.999199 0.234600 0.000000 0.000000 0.000000 1.000000
0.999895 -0.014446 0.001401 0.000000 0.014474 0.999645 -0.022361 12.246100 -0.001077 0.022379 0.999749 0.234600 0.000000 0.000000 0.000000 1.000000
0.999881 -0.012558 -0.009006 0.000000 0.012473 0.999878 -0.009377 12.246100 0.009123 0.009263 0.999915 0.234600 0.000000 0.000000 0.000000 1.000000
0.999788 -0.010052 -0.017961 0.000000 0.010077 0.999948 0.001288 12.246100 0.017947 -0.001469 0.999838 0.234600 0.000000 0.000000 0.000000 1.000000
0.999712 -0.008850 -0.022297 0.000000 0.009062 0.999915 0.009422 12.246100 0.022211 -0.009622 0.999707 0.234600 0.000000 0.000000 0.000000 1.000000
0.999666 -0.006965 -0.024899 -0.000000 0.007369 0.999842 0.016170 12.246100 0.024783 -0.016348 0.999559 0.234600 0.000000 0.000000 0.000000 1.000000
0.999651 -0.004490 -0.026014 0.000000 0.004961 0.999825 0.018051 12.246100 0.025928 -0.018174 0.999499 0.234600 0.000000 0.000000 0.000000 1.000000
0.999693 -0.001526 -0.024749 0.000000 0.001986 0.999826 0.018565 12.246100 0.024717 -0.018608 0.999521 0.234600 0.000000 0.000000 0.000000 1.000000
0.999814 0.000611 -0.019259 0.000000 -0.000249 0.999823 0.018804 12.246100 0.019267 -0.018795 0.999638 0.234600 0.000000 0.000000 0.000000 1.000000
0.999902 0.002876 -0.013679 -0.000000 -0.002620 0.999823 0.018638 12.246100 0.013730 -0.018600 0.999733 0.234600 0.000000 0.000000 0.000000 1.000000
0.999929 0.005448 -0.010580 0.000000 -0.005248 0.999810 0.018799 12.246100 0.010680 -0.018742 0.999767 0.234600 0.000000 0.000000 0.000000 1.000000
0.999931 0.007292 -0.009197 -0.000000 -0.007122 0.999804 0.018456 12.246100 0.009330 -0.018390 0.999787 0.234600 0.000000 0.000000 0.000000 1.000000
0.999931 0.008565 -0.008081 0.000000 -0.008425 0.999815 0.017271 12.246100 0.008228 -0.017202 0.999818 0.234600 0.000000 0.000000 0.000000 1.000000
0.999930 0.009170 -0.007489 0.000000 -0.009043 0.999817 0.016844 12.246100 0.007642 -0.016775 0.999830 0.234600 0.000000 0.000000 0.000000 1.000000
0.999933 0.009308 -0.006828 -0.000000 -0.009186 0.999803 0.017585 12.246100 0.006990 -0.017521 0.999822 0.234600 0.000000 0.000000 0.000000 1.000000
0.999941 0.009247 -0.005786 0.000000 -0.009136 0.999780 0.018865 12.246100 0.005959 -0.018811 0.999805 0.234600 0.000000 0.000000 0.000000 1.000000
0.999951 0.008712 -0.004665 0.000000 -0.008613 0.999745 0.020855 12.246100 0.004845 -0.020813 0.999772 0.234600 0.000000 0.000000 0.000000 1.000000
0.999965 0.007580 -0.003530 0.000000 -0.007495 0.999691 0.023703 12.246100 0.003708 -0.023676 0.999713 0.234600 0.000000 0.000000 0.000000 1.000000
0.999975 0.006583 -0.002528 0.000000 -0.006512 0.999617 0.026914 12.246100 0.002704 -0.026897 0.999635 0.234600 0.000000 0.000000 0.000000 1.000000
0.999980 0.005966 -0.001847 0.000000 -0.005908 0.999531 0.030044 12.246100 0.002025 -0.030032 0.999547 0.234600 0.000000 0.000000 0.000000 1.000000
0.999984 0.005493 -0.001424 0.000000 -0.005444 0.999456 0.032519 12.246100 0.001602 -0.032511 0.999470 0.234600 0.000000 0.000000 0.000000 1.000000
0.999986 0.005083 -0.001194 0.000000 -0.005040 0.999430 0.033388 12.246100 0.001363 -0.033381 0.999442 0.234600 0.000000 0.000000 0.000000 1.000000
0.999992 0.003864 -0.001012 -0.000000 -0.003832 0.999550 0.029742 12.246100 0.001127 -0.029738 0.999557 0.234600 0.000000 0.000000 0.000000 1.000000</float_array>
        <technique_common>
          <accessor source="#mixamorig_Spine-Matrix-animation-output-transform-array" count="61" stride="16">
            <param type="float4x4"/>
          </accessor>
        </technique_common>
      </source>
      <source id="mixamorig_Spine-Interpolations">
        <Name_array id="mixamorig_Spine-Interpolations-array" count="61">
 LINEAR LINEAR LINEAR LINEAR LINEAR LINEAR LINEAR LINEAR LINEAR LINEAR LINEAR
LINEAR LINEAR LINEAR LINEAR LINEAR LINEAR LINEAR LINEAR LINEAR LINEAR LINEAR LINEAR
LINEAR LINEAR LINEAR LINEAR LINEAR LINEAR LINEAR LINEAR LINEAR LINEAR LINEAR LINEAR
LINEAR LINEAR LINEAR LINEAR LINEAR LINEAR LINEAR LINEAR LINEAR LINEAR LINEAR LINEAR
LINEAR LINEAR LINEAR LINEAR LINEAR LINEAR LINEAR LINEAR LINEAR LINEAR LINEAR LINEAR
LINEAR LINEAR</Name_array>
        <technique_common>
          <accessor source="#mixamorig_Spine-Interpolations-array" count="61">
            <param type="name"/>
          </accessor>
        </technique_common>
      </source>
      <sampler id="mixamorig_Spine-Matrix-animation-transform">
        <input semantic="INPUT" source="#mixamorig_Spine-Matrix-animation-input"/>
        <input semantic="OUTPUT" source="#mixamorig_Spine-Matrix-animation-output-transform"/>
        <input semantic="INTERPOLATION" source="#mixamorig_Spine-Interpolations"/>
      </sampler>
      <channel source="#mixamorig_Spine-Matrix-animation-transform" target="mixamorig_Spine/matrix"/>
    </animation>
    <animation id="mixamorig_Spine1-anim" name="mixamorig_Spine1">
      <source id="mixamorig_Spine1-Matrix-animation-input">
        <float_array id="mixamorig_Spine1-Matrix-animation-input-array" count="61">

0.000000 0.033333 0.066667 0.100000 0.133333 0.166667 0.200000 0.233333 0.266667 0.300000 0.333333 0.366667 0.400000 0.433333 0.466667 0.500000
0.533333 0.566667 0.600000 0.633333 0.666667 0.700000 0.733333 0.766667 0.800000 0.833333 0.866667 0.900000 0.933333 0.966667 1.000000 1.033333
1.066667 1.100000 1.133333 1.166667 1.200000 1.233333 1.266667 1.300000 1.333333 1.366667 1.400000 1.433333 1.466667 1.500000 1.533333 1.566667
1.600000 1.633333 1.666667 1.700000 1.733333 1.766667 1.800000 1.833333 1.866667 1.900000 1.933333 1.966667 2.000000</float_array>
        <technique_common>
          <accessor source="#mixamorig_Spine1-Matrix-animation-input-array" count="61">
            <param name="TIME" type="float"/>
          </accessor>
        </technique_common>
      </source>
      <source id="mixamorig_Spine1-Matrix-animation-output-transform">
        <float_array id="mixamorig_Spine1-Matrix-animation-output-transform-array" count="976">

0.992710 0.116122 -0.032278 0.000000 -0.116903 0.862550 -0.492282 14.289700 -0.029324 0.492467 0.869837 -0.000000 0.000000 0.000000 0.000000 1.000000
0.991239 0.132020 -0.003972 0.000000 -0.122067 0.904195 -0.409306 14.289700 -0.050446 0.406205 0.912389 0.000000 0.000000 0.000000 0.000000 1.000000
0.990011 0.139087 0.023092 0.000000 -0.127750 0.954216 -0.270467 14.289700 -0.059653 0.264816 0.962452 -0.000000 0.000000 0.000000 0.000000 1.000000
0.989593 0.137522 0.042341 -0.000000 -0.131800 0.984373 -0.116783 14.289700 -0.057739 0.109987 0.992254 0.000000 0.000000 0.000000 0.000000 1.000000
0.989800 0.132804 0.051569 -0.000000 -0.133761 0.990892 0.015552 14.289700 -0.049034 -0.022292 0.998548 0.000000 0.000000 0.000000 0.000000 1.000000
0.992513 0.114779 0.041750 0.000000 -0.118315 0.988381 0.095422 14.289700 -0.030312 -0.099647 0.994561 0.000000 0.000000 0.000000 0.000000 1.000000
0.994999 0.097451 0.021925 -0.000000 -0.099494 0.986359 0.131140 14.289700 -0.008847 -0.132666 0.991121 0.000000 0.000000 0.000000 0.000000 1.000000
0.996865 0.079094 0.002037 0.000000 -0.078432 0.984482 0.156985 14.289700 0.010411 -0.156653 0.987599 -0.000000 0.000000 0.000000 0.000000 1.000000
0.997697 0.065139 -0.018909 0.000000 -0.061110 0.984209 0.166129 14.289700 0.029432 -0.164590 0.985923 -0.000000 0.000000 0.000000 0.000000 1.000000
0.996945 0.051697 -0.058549 0.000000 -0.042430 0.987816 0.149729 14.289700 0.065576 -0.146787 0.986992 0.000000 0.000000 0.000000 0.000000 1.000000
0.995245 0.040441 -0.088607 0.000000 -0.029829 0.992568 0.117979 14.289700 0.092719 -0.114775 0.989055 0.000000 0.000000 0.000000 0.000000 1.000000
0.994920 0.036113 -0.093971 0.000000 -0.026903 0.994872 0.097495 14.289700 0.097009 -0.094472 0.990790 0.000000 0.000000 0.000000 0.000000 1.000000
0.995811 0.033099 -0.085232 0.000000 -0.026452 0.996605 0.077966 14.289700 0.087523 -0.075384 0.993306 0.000000 0.000000 0.000000 0.000000 1.000000
0.996695 0.035487 -0.073080 0.000000 -0.031745 0.998156 0.051746 14.289700 0.074781 -0.049255 0.995983 0.000000 0.000000 0.000000 0.000000 1.000000
0.996375 0.049294 -0.069329 0.000000 -0.047311 0.998431 0.029958 14.289700 0.070697 -0.026569 0.997144 0.000000 0.000000 0.000000 0.000000 1.000000
0.995358 0.063164 -0.072617 0.000000 -0.063166 0.998000 0.002269 14.289700 0.072616 0.002328 0.997357 -0.000000 0.000000 0.000000 0.000000 1.000000
0.993993 0.077045 -0.077733 0.000000 -0.079169 0.996557 -0.024611 14.289700 0.075570 0.030618 0.996670 -0.000000 0.000000 0.000000 0.000000 1.000000
0.991319 0.102278 -0.082619 0.000000 -0.105966 0.993502 -0.041541 14.289700 0.077834 0.049935 0.995715 0.000000 0.000000 0.000000 0.000000 1.000000
0.988911 0.122245 -0.084326 0.000000 -0.127928 0.989609 -0.065632 14.289700 0.075427 0.075692 0.994274 -0.000000 0.000000 0.000000 0.000000 1.000000
0.987860 0.130187 -0.084758 0.000000 -0.138465 0.985258 -0.100473 14.289700 0.070428 0.110989 0.991323 -0.000000 0.000000 0.000000 0.000000 1.000000
0.987715 0.127229 -0.090730 0.000000 -0.139301 0.979977 -0.142271 14.289700 0.070812 0.153162 0.985661 0.000000 0.000000 0.000000 0.000000 1.000000
0.988486 0.112596 -0.101083 0.000000 -0.130368 0.972856 -0.191197 14.289700 0.076811 0.202174 0.976333 0.000000 0.000000 0.000000 0.000000 1.000000
0.989779 0.088423 -0.111890 -0.000000 -0.113859 0.962394 -0.246645 14.289700 0.085873 0.256864 0.962625 -0.000000 0.000000 0.000000 0.000000 1.000000
