<?xml version="1.0" encoding="utf-8"?>
<COLLADA xmlns="http://www.collada.org/2005/11/COLLADASchema" version="1.4.1">
  <asset>
    <contributor>
      <author>Mixamo</author>
      <authoring_tool>COLLADA Mixamo exporter</authoring_tool>
      <comments/>
    </contributor>
    <created>2024-04-05T10:45:10Z</created>
    <modified>2024-04-05T10:45:10Z</modified>
    <revision/>
    <title/>
    <unit meter="0.010000"/>
    <up_axis>Y_UP</up_axis>
  </asset>
  <library_animations>
    <animation id="Armature-anim" name="Armature">
      <source id="Armature-Matrix-animation-input">
        <float_array id="Armature-Matrix-animation-input-array" count="122">

0.000000 0.033333 0.066667 0.100000 0.133333 0.166667 0.200000 0.233333 0.266667 0.300000 0.333333 0.366667 0.400000 0.433333 0.466667 0.500000
0.533333 0.566667 0.600000 0.633333 0.666667 0.700000 0.733333 0.766667 0.800000 0.833333 0.866667 0.900000 0.933333 0.966667 1.000000 1.033333
1.066667 1.100000 1.133333 1.166667 1.200000 1.233333 1.266667 1.300000 1.333333 1.366667 1.400000 1.433333 1.466667 1.500000 1.533333 1.566667
1.600000 1.633333 1.666667 1.700000 1.733333 1.766667 1.800000 1.833333 1.866667 1.900000 1.933333 1.966667 2.000000 2.033333 2.066667 2.100000
2.133333 2.166667 2.200000 2.233333 2.266667 2.300000 2.333333 2.366667 2.400000 2.433333 2.466667 2.500000 2.533333 2.566667 2.600000 2.633333
2.666667 2.700000 2.733333 2.766667 2.800000 2.833333 2.866667 2.900000 2.933333 2.966667 3.000000 3.033333 3.066667 3.100000 3.133333 3.166667
3.200000 3.233333 3.266667 3.300000 3.333333 3.366667 3.400000 3.433333 3.466667 3.500000 3.533333 3.566667 3.600000 3.633333 3.666667 3.700000
3.733333 3.766667 3.800000 3.833333 3.866667 3.900000 3.933333 3.966667 4.000000 4.033333</float_array>
        <technique_common>
          <accessor source="#Armature-Matrix-animation-input-array" count="122">
            <param name="TIME" type="float"/>
          </accessor>
        </technique_common>
      </source>
      <source id="Armature-Matrix-animation-output-transform">
        <float_array id="Armature-Matrix-animation-output-transform-array" count="1952">

1.000000 0.000000 0.000000 0.000000 0.000000 1.000000 0.000000 0.000000 0.000000 0.000000 1.000000 0.000000 0.000000 0.000000 0.000000 1.000000
1.000000 0.000000 0.000000 0.000000 0.000000 1.000000 0.000000 0.000000 0.000000 0.000000 1.000000 0.000000 0.000000 0.000000 0.000000 1.000000
1.000000 0.000000 0.000000 0.000000 0.000000 1.000000 0.000000 0.000000 0.000000 0.000000 1.000000 0.000000 0.000000 0.000000 0.000000 1.000000
1.000000 0.000000 0.000000 0.000000 0.000000 1.000000 0.000000 0.000000 0.000000 0.000000 1.000000 0.000000 0.000000 0.000000 0.000000 1.000000
1.000000 0.000000 0.000000 0.000000 0.000000 1.000000 0.000000 0.000000 0.000000 0.000000 1.000000 0.000000 0.000000 0.000000 0.000000 1.000000
1.000000 0.000000 0.000000 0.000000 0.000000 1.000000 0.000000 0.000000 0.000000 0.000000 1.000000 0.000000 0.000000 0.000000 0.000000 1.000000
1.000000 0.000000 0.000000 0.000000 0.000000 1.000000 0.000000 0.000000 0.000000 0.000000 1.000000 0.000000 0.000000 0.000000 0.000000 1.000000
1.000000 0.000000 0.000000 0.000000 0.000000 1.000000 0.000000 0.000000 0.000000 0.000000 1.000000 0.000000 0.000000 0.000000 0.000000 1.000000
1.000000 0.000000 0.000000 0.000000 0.000000 1.000000 0.000000 0.000000 0.000000 0.000000 1.000000 0.000000 0.000000 0.000000 0.000000 1.000000
1.000000 0.000000 0.000000 0.000000 0.000000 1.000000 0.000000 0.000000 0.000000 0.000000 1.000000 0.000000 0.000000 0.000000 0.000000 1.000000
1.000000 0.000000 0.000000 0.000000 0.000000 1.000000 0.000000 0.000000 0.000000 0.000000 1.000000 0.000000 0.000000 0.000000 0.000000 1.000000
1.000000 0.000000 0.000000 0.000000 0.000000 1.000000 0.000000 0.000000 0.000000 0.000000 1.000000 0.000000 0.000000 0.000000 0.000000 1.000000
1.000000 0.000000 0.000000 0.000000 0.000000 1.000000 0.000000 0.000000 0.000000 0.000000 1.000000 0.000000 0.000000 0.000000 0.000000 1.000000
1.000000 0.000000 0.000000 0.000000 0.000000 1.000000 0.000000 0.000000 0.000000 0.000000 1.000000 0.000000 0.000000 0.000000 0.000000 1.000000
1.000000 0.000000 0.000000 0.000000 0.000000 1.000000 0.000000 0.000000 0.000000 0.000000 1.000000 0.000000 0.000000 0.000000 0.000000 1.000000
1.000000 0.000000 0.000000 0.000000 0.000000 1.000000 0.000000 0.000000 0.000000 0.000000 1.000000 0.000000 0.000000 0.000000 0.000000 1.000000
1.000000 0.000000 0.000000 0.000000 0.000000 1.000000 0.000000 0.000000 0.000000 0.000000 1.000000 0.000000 0.000000 0.000000 0.000000 1.000000
1.000000 0.000000 0.000000 0.000000 0.000000 1.000000 0.000000 0.000000 0.000000 0.000000 1.000000 0.000000 0.000000 0.000000 0.000000 1.000000
1.000000 0.000000 0.000000 0.000000 0.000000 1.000000 0.000000 0.000000 0.000000 0.000000 1.000000 0.000000 0.000000 0.000000 0.000000 1.000000
1.000000 0.000000 0.000000 0.000000 0.000000 1.000000 0.000000 0.000000 0.000000 0.000000 1.000000 0.000000 0.000000 0.000000 0.000000 1.000000
1.000000 0.000000 0.000000 0.000000 0.000000 1.000000 0.000000 0.000000 0.000000 0.000000 1.000000 0.000000 0.000000 0.000000 0.000000 1.000000
1.000000 0.000000 0.000000 0.000000 0.000000 1.000000 0.000000 0.000000 0.000000 0.000000 1.000000 0.000000 0.000000 0.000000 0.000000 1.000000
1.000000 0.000000 0.000000 0.000000 0.000000 1.000000 0.000000 0.000000 0.000000 0.000000 1.000000 0.000000 0.000000 0.000000 0.000000 1.000000
1.000000 0.000000 0.000000 0.000000 0.000000 1.000000 0.000000 0.000000 0.000000 0.000000 1.000000 0.000000 0.000000 0.000000 0.000000 1.000000
1.000000 0.000000 0.000000 0.000000 0.000000 1.000000 0.000000 0.000000 0.000000 0.000000 1.000000 0.000000 0.000000 0.000000 0.000000 1.000000
1.000000 0.000000 0.000000 0.000000 0.000000 1.000000 0.000000 0.000000 0.000000 0.000000 1.000000 0.000000 0.000000 0.000000 0.000000 1.000000
1.000000 0.000000 0.000000 0.000000 0.000000 1.000000 0.000000 0.000000 0.000000 0.000000 1.000000 0.000000 0.000000 0.000000 0.000000 1.000000
1.000000 0.000000 0.000000 0.000000 0.000000 1.000000 0.000000 0.000000 0.000000 0.000000 1.000000 0.000000 0.000000 0.000000 0.000000 1.000000
1.000000 0.000000 0.000000 0.000000 0.000000 1.000000 0.000000 0.000000 0.000000 0.000000 1.000000 0.000000 0.000000 0.000000 0.000000 1.000000
1.000000 0.000000 0.000000 0.000000 0.000000 1.000000 0.000000 0.000000 0.000000 0.000000 1.000000 0.000000 0.000000 0.000000 0.000000 1.000000
1.000000 0.000000 0.000000 0.000000 0.000000 1.000000 0.000000 0.000000 0.000000 0.000000 1.000000 0.000000 0.000000 0.000000 0.000000 1.000000
1.000000 0.000000 0.000000 0.000000 0.000000 1.000000 0.000000 0.000000 0.000000 0.000000 1.000000 0.000000 0.000000 0.000000 0.000000 1.000000
1.000000 0.000000 0.000000 0.000000 0.000000 1.000000 0.000000 0.000000 0.000000 0.000000 1.000000 0.000000 0.000000 0.000000 0.000000 1.000000
1.000000 0.000000 0.000000 0.000000 0.000000 1.000000 0.000000 0.000000 0.000000 0.000000 1.000000 0.000000 0.000000 0.000000 0.000000 1.000000
1.000000 0.000000 0.000000 0.000000 0.000000 1.000000 0.000000 0.000000 0.000000 0.000000 1.000000 0.000000 0.000000 0.000000 0.000000 1.000000
1.000000 0.000000 0.000000 0.000000 0.000000 1.000000 0.000000 0.000000 0.000000 0.000000 1.000000 0.000000 0.000000 0.000000 0.000000 1.000000
1.000000 0.000000 0.000000 0.000000 0.000000 1.000000 0.000000 0.000000 0.000000 0.000000 1.000000 0.000000 0.000000 0.000000 0.000000 1.000000
1.000000 0.000000 0.000000 0.000000 0.000000 1.000000 0.000000 0.000000 0.000000 0.000000 1.000000 0.000000 0.000000 0.000000 0.000000 1.000000
1.000000 0.000000 0.000000 0.000000 0.000000 1.000000 0.000000 0.000000 0.000000 0.000000 1.000000 0.000000 0.000000 0.000000 0.000000 1.000000
1.000000 0.000000 0.000000 0.000000 0.000000 1.000000 0.000000 0.000000 0.000000 0.000000 1.000000 0.000000 0.000000 0.000000 0.000000 1.000000
1.000000 0.000000 0.000000 0.000000 0.000000 1.000000 0.000000 0.000000 0.000000 0.000000 1.000000 0.000000 0.000000 0.000000 0.000000 1.000000
1.000000 0.000000 0.000000 0.000000 0.000000 1.000000 0.000000 0.000000 0.000000 0.000000 1.000000 0.000000 0.000000 0.000000 0.000000 1.000000
1.000000 0.000000 0.000000 0.000000 0.000000 1.000000 0.000000 0.000000 0.000000 0.000000 1.000000 0.000000 0.000000 0.000000 0.000000 1.000000
1.000000 0.000000 0.000000 0.000000 0.000000 1.000000 0.000000 0.000000 0.000000 0.000000 1.000000 0.000000 0.000000 0.000000 0.000000 1.000000
1.000000 0.000000 0.000000 0.000000 0.000000 1.000000 0.000000 0.000000 0.000000 0.000000 1.000000 0.000000 0.000000 0.000000 0.000000 1.000000
1.000000 0.000000 0.000000 0.000000 0.000000 1.000000 0.000000 0.000000 0.000000 0.000000 1.000000 0.000000 0.000000 0.000000 0.000000 1.000000
1.000000 0.000000 0.000000 0.000000 0.000000 1.000000 0.000000 0.000000 0.000000 0.000000 1.000000 0.000000 0.000000 0.000000 0.000000 1.000000
1.000000 0.000000 0.000000 0.000000 0.000000 1.000000 0.000000 0.000000 0.000000 0.000000 1.000000 0.000000 0.000000 0.000000 0.000000 1.000000
1.000000 0.000000 0.000000 0.000000 0.000000 1.000000 0.000000 0.000000 0.000000 0.000000 1.000000 0.000000 0.000000 0.000000 0.000000 1.000000
1.000000 0.000000 0.000000 0.000000 0.000000 1.000000 0.000000 0.000000 0.000000 0.000000 1.000000 0.000000 0.000000 0.000000 0.000000 1.000000
1.000000 0.000000 0.000000 0.000000 0.000000 1.000000 0.000000 0.000000 0.000000 0.000000 1.000000 0.000000 0.000000 0.000000 0.000000 1.000000
1.000000 0.000000 0.000000 0.000000 0.000000 1.000000 0.000000 0.000000 0.000000 0.000000 1.000000 0.000000 0.000000 0.000000 0.000000 1.000000
1.000000 0.000000 0.000000 0.000000 0.000000 1.000000 0.000000 0.000000 0.000000 0.000000 1.000000 0.000000 0.000000 0.000000 0.000000 1.000000
1.000000 0.000000 0.000000 0.000000 0.000000 1.000000 0.000000 0.000000 0.000000 0.000000 1.000000 0.000000 0.000000 0.000000 0.000000 1.000000
1.000000 0.000000 0.000000 0.000000 0.000000 1.000000 0.000000 0.000000 0.000000 0.000000 1.000000 0.000000 0.000000 0.000000 0.000000 1.000000
1.000000 0.000000 0.000000 0.000000 0.000000 1.000000 0.000000 0.000000 0.000000 0.000000 1.000000 0.000000 0.000000 0.000000 0.000000 1.000000
1.000000 0.000000 0.000000 0.000000 0.000000 1.000000 0.000000 0.000000 0.000000 0.000000 1.000000 0.000000 0.000000 0.000000 0.000000 1.000000
1.000000 0.000000 0.000000 0.000000 0.000000 1.000000 0.000000 0.000000 0.000000 0.000000 1.000000 0.000000 0.000000 0.000000 0.000000 1.000000
1.000000 0.000000 0.000000 0.000000 0.000000 1.000000 0.000000 0.000000 0.000000 0.000000 1.000000 0.000000 0.000000 0.000000 0.000000 1.000000
1.000000 0.000000 0.000000 0.000000 0.000000 1.000000 0.000000 0.000000 0.000000 0.000000 1.000000 0.000000 0.000000 0.000000 0.000000 1.000000
1.000000 0.000000 0.000000 0.000000 0.000000 1.000000 0.000000 0.000000 0.000000 0.000000 1.000000 0.000000 0.000000 0.000000 0.000000 1.000000
1.000000 0.000000 0.000000 0.000000 0.000000 1.000000 0.000000 0.000000 0.000000 0.000000 1.000000 0.000000 0.000000 0.000000 0.000000 1.000000
1.000000 0.000000 0.000000 0.000000 0.000000 1.000000 0.000000 0.000000 0.000000 0.000000 1.000000 0.000000 0.000000 0.000000 0.000000 1.000000
1.000000 0.000000 0.000000 0.000000 0.000000 1.000000 0.000000 0.000000 0.000000 0.000000 1.000000 0.000000 0.000000 0.000000 0.000000 1.000000
1.000000 0.000000 0.000000 0.000000 0.000000 1.000000 0.000000 0.000000 0.000000 0.000000 1.000000 0.000000 0.000000 0.000000 0.000000 1.000000
1.000000 0.000000 0.000000 0.000000 0.000000 1.000000 0.000000 0.000000 0.000000 0.000000 1.000000 0.000000 0.000000 0.000000 0.000000 1.000000
1.000000 0.000000 0.000000 0.000000 0.000000 1.000000 0.000000 0.000000 0.000000 0.000000 1.000000 0.000000 0.000000 0.000000 0.000000 1.000000
1.000000 0.000000 0.000000 0.000000 0.000000 1.000000 0.000000 0.000000 0.000000 0.000000 1.000000 0.000000 0.000000 0.000000 0.000000 1.000000
1.000000 0.000000 0.000000 0.000000 0.000000 1.000000 0.000000 0.000000 0.000000 0.000000 1.000000 0.000000 0.000000 0.000000 0.000000 1.000000
1.000000 0.000000 0.000000 0.000000 0.000000 1.000000 0.000000 0.000000 0.000000 0.000000 1.000000 0.000000 0.000000 0.000000 0.000000 1.000000
1.000000 0.000000 0.000000 0.000000 0.000000 1.000000 0.000000 0.000000 0.000000 0.000000 1.000000 0.000000 0.000000 0.000000 0.000000 1.000000
1.000000 0.000000 0.000000 0.000000 0.000000 1.000000 0.000000 0.000000 0.000000 0.000000 1.000000 0.000000 0.000000 0.000000 0.000000 1.000000
1.000000 0.000000 0.000000 0.000000 0.000000 1.000000 0.000000 0.000000 0.000000 0.000000 1.000000 0.000000 0.000000 0.000000 0.000000 1.000000
1.000000 0.000000 0.000000 0.000000 0.000000 1.000000 0.000000 0.000000 0.000000 0.000000 1.000000 0.000000 0.000000 0.000000 0.000000 1.000000
1.000000 0.000000 0.000000 0.000000 0.000000 1.000000 0.000000 0.000000 0.000000 0.000000 1.000000 0.000000 0.000000 0.000000 0.000000 1.000000
1.000000 0.000000 0.000000 0.000000 0.000000 1.000000 0.000000 0.000000 0.000000 0.000000 1.000000 0.000000 0.000000 0.000000 0.000000 1.000000
1.000000 0.000000 0.000000 0.000000 0.000000 1.000000 0.000000 0.000000 0.000000 0.000000 1.000000 0.000000 0.000000 0.000000 0.000000 1.000000
1.000000 0.000000 0.000000 0.000000 0.000000 1.000000 0.000000 0.000000 0.000000 0.000000 1.000000 0.000000 0.000000 0.000000 0.000000 1.000000
1.000000 0.000000 0.000000 0.000000 0.000000 1.000000 0.000000 0.000000 0.000000 0.000000 1.000000 0.000000 0.000000 0.000000 0.000000 1.000000
1.000000 0.000000 0.000000 0.000000 0.000000 1.000000 0.000000 0.000000 0.000000 0.000000 1.000000 0.000000 0.000000 0.000000 0.000000 1.000000
1.000000 0.000000 0.000000 0.000000 0.000000 1.000000 0.000000 0.000000 0.000000 0.000000 1.000000 0.000000 0.000000 0.000000 0.000000 1.000000
1.000000 0.000000 0.000000 0.000000 0.000000 1.000000 0.000000 0.000000 0.000000 0.000000 1.000000 0.000000 0.000000 0.000000 0.000000 1.000000
1.000000 0.000000 0.000000 0.000000 0.000000 1.000000 0.000000 0.000000 0.000000 0.000000 1.000000 0.000000 0.000000 0.000000 0.000000 1.000000
1.000000 0.000000 0.000000 0.000000 0.000000 1.000000 0.000000 0.000000 0.000000 0.000000 1.000000 0.000000 0.000000 0.000000 0.000000 1.000000
1.000000 0.000000 0.000000 0.000000 0.000000 1.000000 0.000000 0.000000 0.000000 0.000000 1.000000 0.000000 0.000000 0.000000 0.000000 1.000000
1.000000 0.000000 0.000000 0.000000 0.000000 1.000000 0.000000 0.000000 0.000000 0.000000 1.000000 0.000000 0.000000 0.000000 0.000000 1.000000
1.000000 0.000000 0.000000 0.000000 0.000000 1.000000 0.000000 0.000000 0.000000 0.000000 1.000000 0.000000 0.000000 0.000000 0.000000 1.000000
1.000000 0.000000 0.000000 0.000000 0.000000 1.000000 0.000000 0.000000 0.000000 0.000000 1.000000 0.000000 0.000000 0.000000 0.000000 1.000000
1.000000 0.000000 0.000000 0.000000 0.000000 1.000000 0.000000 0.000000 0.000000 0.000000 1.000000 0.000000 0.000000 0.000000 0.000000 1.000000
1.000000 0.000000 0.000000 0.000000 0.000000 1.000000 0.000000 0.000000 0.000000 0.000000 1.000000 0.000000 0.000000 0.000000 0.000000 1.000000
1.000000 0.000000 0.000000 0.000000 0.000000 1.000000 0.000000 0.000000 0.000000 0.000000 1.000000 0.000000 0.000000 0.000000 0.000000 1.000000
1.000000 0.000000 0.000000 0.000000 0.000000 1.000000 0.000000 0.000000 0.000000 0.000000 1.000000 0.000000 0.000000 0.000000 0.000000 1.000000
1.000000 0.000000 0.000000 0.000000 0.000000 1.000000 0.000000 0.000000 0.000000 0.000000 1.000000 0.000000 0.000000 0.000000 0.000000 1.000000
1.000000 0.000000 0.000000 0.000000 0.000000 1.000000 0.000000 0.000000 0.000000 0.000000 1.000000 0.000000 0.000000 0.000000 0.000000 1.000000
1.000000 0.000000 0.000000 0.000000 0.000000 1.000000 0.000000 0.000000 0.000000 0.000000 1.000000 0.000000 0.000000 0.000000 0.000000 1.000000
1.000000 0.000000 0.000000 0.000000 0.000000 1.000000 0.000000 0.000000 0.000000 0.000000 1.000000 0.000000 0.000000 0.000000 0.000000 1.000000
1.000000 0.000000 0.000000 0.000000 0.000000 1.000000 0.000000 0.000000 0.000000 0.000000 1.000000 0.000000 0.000000 0.000000 0.000000 1.000000
1.000000 0.000000 0.000000 0.000000 0.000000 1.000000 0.000000 0.000000 0.000000 0.000000 1.000000 0.000000 0.000000 0.000000 0.000000 1.000000
1.000000 0.000000 0.000000 0.000000 0.000000 1.000000 0.000000 0.000000 0.000000 0.000000 1.000000 0.000000 0.000000 0.000000 0.000000 1.000000
1.000000 0.000000 0.000000 0.000000 0.000000 1.000000 0.000000 0.000000 0.000000 0.000000 1.000000 0.000000 0.000000 0.000000 0.000000 1.000000
1.000000 0.000000 0.000000 0.000000 0.000000 1.000000 0.000000 0.000000 0.000000 0.000000 1.000000 0.000000 0.000000 0.000000 0.000000 1.000000
1.000000 0.000000 0.000000 0.000000 0.000000 1.000000 0.000000 0.000000 0.000000 0.000000 1.000000 0.000000 0.000000 0.000000 0.000000 1.000000
1.000000 0.000000 0.000000 0.000000 0.000000 1.000000 0.000000 0.000000 0.000000 0.000000 1.000000 0.000000 0.000000 0.000000 0.000000 1.000000
1.000000 0.000000 0.000000 0.000000 0.000000 1.000000 0.000000 0.000000 0.000000 0.000000 1.000000 0.000000 0.000000 0.000000 0.000000 1.000000
1.000000 0.000000 0.000000 0.000000 0.000000 1.000000 0.000000 0.000000 0.000000 0.000000 1.000000 0.000000 0.000000 0.000000 0.000000 1.000000
1.000000 0.000000 0.000000 0.000000 0.000000 1.000000 0.000000 0.000000 0.000000 0.000000 1.000000 0.000000 0.000000 0.000000 0.000000 1.000000
1.000000 0.000000 0.000000 0.000000 0.000000 1.000000 0.000000 0.000000 0.000000 0.000000 1.000000 0.000000 0.000000 0.000000 0.000000 1.000000
1.000000 0.000000 0.000000 0.000000 0.000000 1.000000 0.000000 0.000000 0.000000 0.000000 1.000000 0.000000 0.000000 0.000000 0.000000 1.000000
1.000000 0.000000 0.000000 0.000000 0.000000 1.000000 0.000000 0.000000 0.000000 0.000000 1.000000 0.000000 0.000000 0.000000 0.000000 1.000000
1.000000 0.000000 0.000000 0.000000 0.000000 1.000000 0.000000 0.000000 0.000000 0.000000 1.000000 0.000000 0.000000 0.000000 0.000000 1.000000
1.000000 0.000000 0.000000 0.000000 0.000000 1.000000 0.000000 0.000000 0.000000 0.000000 1.000000 0.000000 0.000000 0.000000 0.000000 1.000000
1.000000 0.000000 0.000000 0.000000 0.000000 1.000000 0.000000 0.000000 0.000000 0.000000 1.000000 0.000000 0.000000 0.000000 0.000000 1.000000
1.000000 0.000000 0.000000 0.000000 0.000000 1.000000 0.000000 0.000000 0.000000 0.000000 1.000000 0.000000 0.000000 0.000000 0.000000 1.000000
1.000000 0.000000 0.000000 0.000000 0.000000 1.000000 0.000000 0.000000 0.000000 0.000000 1.000000 0.000000 0.000000 0.000000 0.000000 1.000000
1.000000 0.000000 0.000000 0.000000 0.000000 1.000000 0.000000 0.000000 0.000000 0.000000 1.000000 0.000000 0.000000 0.000000 0.000000 1.000000
1.000000 0.000000 0.000000 0.000000 0.000000 1.000000 0.000000 0.000000 0.000000 0.000000 1.000000 0.000000 0.000000 0.000000 0.000000 1.000000
1.000000 0.000000 0.000000 0.000000 0.000000 1.000000 0.000000 0.000000 0.000000 0.000000 1.000000 0.000000 0.000000 0.000000 0.000000 1.000000
1.000000 0.000000 0.000000 0.000000 0.000000 1.000000 0.000000 0.000000 0.000000 0.000000 1.000000 0.000000 0.000000 0.000000 0.000000 1.000000
1.000000 0.000000 0.000000 0.000000 0.000000 1.000000 0.000000 0.000000 0.000000 0.000000 1.000000 0.000000 0.000000 0.000000 0.000000 1.000000
1.000000 0.000000 0.000000 0.000000 0.000000 1.000000 0.000000 0.000000 0.000000 0.000000 1.000000 0.000000 0.000000 0.000000 0.000000 1.000000
1.000000 0.000000 0.000000 0.000000 0.000000 1.000000 0.000000 0.000000 0.000000 0.000000 1.000000 0.000000 0.000000 0.000000 0.000000 1.000000
1.000000 0.000000 0.000000 0.000000 0.000000 1.000000 0.000000 0.000000 0.000000 0.000000 1.000000 0.000000 0.000000 0.000000 0.000000 1.000000</float_array>
        <technique_common>
          <accessor source="#Armature-Matrix-animation-output-transform-array" count="122" stride="16">
            <param type="float4x4"/>
          </accessor>
        </technique_common>
      </source>
      <source id="Armature-Interpolations">
        <Name_array id="Armature-Interpolations-array" count="122">
 LINEAR LINEAR LINEAR LINEAR LINEAR LINEAR LINEAR LINEAR LINEAR LINEAR LINEAR
LINEAR LINEAR LINEAR LINEAR LINEAR LINEAR LINEAR LINEAR LINEAR LINEAR LINEAR LINEAR
LINEAR LINEAR LINEAR LINEAR LINEAR LINEAR LINEAR LINEAR LINEAR LINEAR LINEAR LINEAR
LINEAR LINEAR LINEAR LINEAR LINEAR LINEAR LINEAR LINEAR LINEAR LINEAR LINEAR LINEAR
LINEAR LINEAR LINEAR LINEAR LINEAR LINEAR LINEAR LINEAR LINEAR LINEAR LINEAR LINEAR
LINEAR LINEAR LINEAR LINEAR LINEAR LINEAR LINEAR LINEAR LINEAR LINEAR LINEAR LINEAR
LINEAR LINEAR LINEAR LINEAR LINEAR LINEAR LINEAR LINEAR LINEAR LINEAR LINEAR LINEAR
LINEAR LINEAR LINEAR LINEAR LINEAR LINEAR LINEAR LINEAR LINEAR LINEAR LINEAR LINEAR
LINEAR LINEAR LINEAR LINEAR LINEAR LINEAR LINEAR LINEAR LINEAR LINEAR LINEAR LINEAR
LINEAR LINEAR LINEAR LINEAR LINEAR LINEAR LINEAR LINEAR LINEAR LINEAR LINEAR LINEAR
LINEAR LINEAR LINEAR</Name_array>
        <technique_common>
          <accessor source="#Armature-Interpolations-array" count="122">
            <param type="name"/>
          </accessor>
        </technique_common>
      </source>
      <sampler id="Armature-Matrix-animation-transform">
        <input semantic="INPUT" source="#Armature-Matrix-animation-input"/>
        <input semantic="OUTPUT" source="#Armature-Matrix-animation-output-transform"/>
        <input semantic="INTERPOLATION" source="#Armature-Interpolations"/>
      </sampler>
      <channel source="#Armature-Matrix-animation-transform" target="Armature/matrix"/>
    </animation>
    <animation id="mixamorig_Hips-anim" name="mixamorig_Hips">
      <source id="mixamorig_Hips-Matrix-animation-input">
        <float_array id="mixamorig_Hips-Matrix-animation-input-array" count="122">

0.000000 0.033333 0.066667 0.100000 0.133333 0.166667 0.200000 0.233333 0.266667 0.300000 0.333333 0.366667 0.400000 0.433333 0.466667 0.500000
0.533333 0.566667 0.600000 0.633333 0.666667 0.700000 0.733333 0.766667 0.800000 0.833333 0.866667 0.900000 0.933333 0.966667 1.000000 1.033333
1.066667 1.100000 1.133333 1.166667 1.200000 1.233333 1.266667 1.300000 1.333333 1.366667 1.400000 1.433333 1.466667 1.500000 1.533333 1.566667
1.600000 1.633333 1.666667 1.700000 1.733333 1.766667 1.800000 1.833333 1.866667 1.900000 1.933333 1.966667 2.000000 2.033333 2.066667 2.100000
2.133333 2.166667 2.200000 2.233333 2.266667 2.300000 2.333333 2.366667 2.400000 2.433333 2.466667 2.500000 2.533333 2.566667 2.600000 2.633333
2.666667 2.700000 2.733333 2.766667 2.800000 2.833333 2.866667 2.900000 2.933333 2.966667 3.000000 3.033333 3.066667 3.100000 3.133333 3.166667
3.200000 3.233333 3.266667 3.300000 3.333333 3.366667 3.400000 3.433333 3.466667 3.500000 3.533333 3.566667 3.600000 3.633333 3.666667 3.700000
3.733333 3.766667 3.800000 3.833333 3.866667 3.900000 3.933333 3.966667 4.000000 4.033333</float_array>
        <technique_common>
          <accessor source="#mixamorig_Hips-Matrix-animation-input-array" count="122">
            <param name="TIME" type="float"/>
          </accessor>
        </technique_common>
      </source>
      <source id="mixamorig_Hips-Matrix-animation-output-transform">
        <float_array id="mixamorig_Hips-Matrix-animation-output-transform-array" count="1952">

0.996228 0.028419 -0.081993 -2.668308 -0.020565 0.995256 0.095090 103.546394 0.084307 -0.093045 0.992086 -4.794439 0.000000 0.000000 0.000000 1.000000
0.995265 0.030376 -0.092330 -2.676860 -0.021649 0.995328 0.094091 103.546486 0.094756 -0.091647 0.991273 -4.835808 0.000000 0.000000 0.000000 1.000000
0.993875 0.032719 -0.105551 -2.678953 -0.022878 0.995391 0.093130 103.545845 0.108112 -0.090145 0.990043 -4.882611 0.000000 0.000000 0.000000 1.000000
0.991980 0.035467 -0.121317 -2.680521 -0.024298 0.995432 0.092333 103.544785 0.124037 -0.088645 0.988310 -4.930656 0.000000 0.000000 0.000000 1.000000
0.989478 0.038650 -0.139428 -2.687402 -0.025981 0.995460 0.091565 103.546631 0.142334 -0.086979 0.985990 -4.984495 0.000000 0.000000 0.000000 1.000000
0.986267 0.042242 -0.159663 -2.698397 -0.027974 0.995496 0.090578 103.553116 0.162770 -0.084868 0.983007 -5.051668 0.000000 0.000000 0.000000 1.000000
0.982258 0.046185 -0.181757 -2.706111 -0.030298 0.995550 0.089236 103.562019 0.185070 -0.082146 0.979286 -5.133261 0.000000 0.000000 0.000000 1.000000
0.977320 0.050431 -0.205678 -2.704697 -0.032948 0.995614 0.087560 103.570404 0.209191 -0.078797 0.974695 -5.225374 0.000000 0.000000 0.000000 1.000000
0.971237 0.054966 -0.231683 -2.695511 -0.035914 0.995676 0.085668 103.578766 0.235390 -0.074883 0.969012 -5.326921 0.000000 0.000000 0.000000 1.000000
0.963791 0.059667 -0.259896 -2.678930 -0.039100 0.995732 0.083603 103.589294 0.263775 -0.070414 0.962011 -5.439617 0.000000 0.000000 0.000000 1.000000
0.954825 0.064420 -0.290102 -2.651861 -0.042482 0.995784 0.081301 103.601967 0.294117 -0.065304 0.953536 -5.562793 0.000000 0.000000 0.000000 1.000000
0.944252 0.069141 -0.321883 -2.612846 -0.046098 0.995834 0.078676 103.616074 0.325982 -0.059452 0.943505 -5.694673 0.000000 0.000000 0.000000 1.000000
0.932108 0.073698 -0.354604 -2.563453 -0.049912 0.995875 0.075777 103.632263 0.358725 -0.052933 0.931941 -5.832013 0.000000 0.000000 0.000000 1.000000
0.918606 0.077916 -0.387418 -2.506081 -0.053771 0.995896 0.072794 103.651360 0.391500 -0.046037 0.919026 -5.966608 0.000000 0.000000 0.000000 1.000000
0.904046 0.081653 -0.419564 -2.441381 -0.057486 0.995893 0.069947 103.671371 0.423552 -0.039117 0.905027 -6.088317 0.000000 0.000000 0.000000 1.000000
0.888626 0.084882 -0.450709 -2.368837 -0.060880 0.995859 0.067518 103.689171 0.454574 -0.032559 0.890114 -6.193863 0.000000 0.000000 0.000000 1.000000
0.872324 0.087586 -0.481020 -2.285600 -0.063745 0.995800 0.065718 103.703484 0.484756 -0.026665 0.874243 -6.286706 0.000000 0.000000 0.000000 1.000000
0.855018 0.089505 -0.510816 -2.187648 -0.065792 0.995756 0.064352 103.711487 0.514408 -0.021414 0.857278 -6.368584 0.000000 0.000000 0.000000 1.000000
0.836698 0.090500 -0.540135 -2.075168 -0.067088 0.995761 0.062918 103.714348 0.543540 -0.016407 0.839223 -6.437215 0.000000 0.000000 0.000000 1.000000
0.817477 0.090758 -0.568765 -1.951837 -0.067970 0.995808 0.061209 103.707848 0.571936 -0.011378 0.820219 -6.490250 0.000000 0.000000 0.000000 1.000000
0.797448 0.090693 -0.596533 -1.822092 -0.068718 0.995858 0.059541 103.688515 0.599462 -0.006488 0.800377 -6.529994 0.000000 0.000000 0.000000 1.000000
0.776718 0.090592 -0.623299 -1.690734 -0.069358 0.995886 0.058316 103.657677 0.626018 -0.002064 0.779806 -6.559579 0.000000 0.000000 0.000000 1.000000
0.755594 0.090418 -0.648770 -1.562275 -0.069790 0.995902 0.057516 103.621597 0.651312 0.001818 0.758808 -6.580946 0.000000 0.000000 0.000000 1.000000
0.734637 0.089958 -0.672470 -1.437707 -0.069998 0.995931 0.056760 103.588326 0.674840 0.005373 0.737945 -6.597447 0.000000 0.000000 0.000000 1.000000
0.714412 0.089093 -0.694030 -1.314787 -0.070119 0.995984 0.055677 103.563614 0.696203 0.008888 0.717790 -6.612340 0.000000 0.000000 0.000000 1.000000
0.695127 0.087815 -0.713503 -1.194678 -0.070308 0.996058 0.054094 103.549301 0.715440 0.012563 0.698561 -6.623739 0.000000 0.000000 0.000000 1.000000
0.676704 0.086184 -0.731194 -1.085947 -0.070574 0.996145 0.052099 103.543137 0.732865 0.016347 0.680177 -6.625393 0.000000 0.000000 0.000000 1.000000
0.659215 0.084401 -0.747203 -0.997860 -0.070846 0.996232 0.050027 103.539864 0.748610 0.019957 0.662710 -6.615121 0.000000 0.000000 0.000000 1.000000
0.643047 0.082746 -0.761344 -0.933554 -0.071127 0.996302 0.048206 103.535835 0.762517 0.023153 0.646554 -6.599564 0.000000 0.000000 0.000000 1.000000
0.628690 0.081358 -0.773388 -0.892382 -0.071500 0.996347 0.046690 103.530113 0.774362 0.025943 0.632211 -6.588561 0.000000 0.000000 0.000000 1.000000
0.616541 0.080142 -0.783233 -0.873747 -0.071988 0.996377 0.045285 103.524193 0.784025 0.028463 0.620077 -6.587906 0.000000 0.000000 0.000000 1.000000
0.606817 0.078976 -0.790908 -0.876197 -0.072496 0.996403 0.043874 103.520744 0.791528 0.030714 0.610360 -6.595284 0.000000 0.000000 0.000000 1.000000
0.599388 0.077902 -0.796659 -0.897403 -0.072848 0.996432 0.042628 103.521118 0.797137 0.032485 0.602924 -6.602200 0.000000 0.000000 0.000000 1.000000
0.593727 0.077034 -0.800971 -0.935999 -0.072913 0.996462 0.041789 103.522690 0.801357 0.033590 0.597243 -6.602133 0.000000 0.000000 0.000000 1.000000
0.589239 0.076385 -0.804340 -0.990224 -0.072712 0.996495 0.041366 103.521729 0.804680 0.034110 0.592728 -6.596487 0.000000 0.000000 0.000000 1.000000
0.585590 0.075794 -0.807056 -1.055656 -0.072368 0.996532 0.041078 103.515892 0.807370 0.034350 0.589044 -6.590805 0.000000 0.000000 0.000000 1.000000
0.582754 0.075028 -0.809178 -1.126215 -0.071955 0.996582 0.040584 103.508217 0.809457 0.034574 0.586161 -6.588153 0.000000 0.000000 0.000000 1.000000
0.581001 0.074047 -0.810527 -1.196378 -0.071492 0.996647 0.039803 103.503357 0.810757 0.034820 0.584347 -6.588350 0.000000 0.000000 0.000000 1.000000
0.580601 0.073024 -0.810907 -1.264012 -0.071056 0.996714 0.038881 103.504311 0.811082 0.035046 0.583882 -6.591439 0.000000 0.000000 0.000000 1.000000
0.581285 0.072094 -0.810500 -1.330597 -0.070787 0.996771 0.037894 103.509941 0.810615 0.035346 0.584511 -6.595883 0.000000 0.000000 0.000000 1.000000
0.582319 0.071262 -0.809831 -1.398564 -0.070732 0.996814 0.036856 103.516159 0.809878 0.035819 0.585504 -6.597629 0.000000 0.000000 0.000000 1.000000
0.583129 0.070550 -0.809310 -1.468242 -0.070788 0.996845 0.035894 103.520744 0.809290 0.036358 0.586284 -6.594157 0.000000 0.000000 0.000000 1.000000
0.583595 0.070021 -0.809020 -1.538596 -0.070809 0.996869 0.035200 103.525070 0.808951 0.036744 0.586726 -6.586161 0.000000 0.000000 0.000000 1.000000
0.583795 0.069686 -0.808905 -1.610103 -0.070726 0.996887 0.034838 103.530571 0.808814 0.036872 0.586907 -6.573879 0.000000 0.000000 0.000000 1.000000
0.583809 0.069513 -0.808910 -1.684713 -0.070587 0.996901 0.034723 103.536758 0.808817 0.036827 0.586906 -6.554569 0.000000 0.000000 0.000000 1.000000
0.583733 0.069449 -0.808970 -1.762250 -0.070515 0.996907 0.034702 103.542725 0.808878 0.036788 0.586825 -6.525261 0.000000 0.000000 0.000000 1.000000
0.583544 0.069455 -0.809106 -1.839524 -0.070610 0.996902 0.034651 103.548729 0.809006 0.036911 0.586641 -6.487124 0.000000 0.000000 0.000000 1.000000
0.583046 0.069522 -0.809459 -1.913203 -0.070889 0.996885 0.034559 103.555046 0.809341 0.037232 0.586158 -6.446121 0.000000 0.000000 0.000000 1.000000
0.582195 0.069662 -0.810060 -1.982042 -0.071279 0.996860 0.034497 103.562996 0.809919 0.037656 0.585332 -6.410014 0.000000 0.000000 0.000000 1.000000
0.581141 0.069878 -0.810797 -2.045512 -0.071691 0.996829 0.034526 103.570358 0.810639 0.038062 0.584308 -6.382808 0.000000 0.000000 0.000000 1.000000
0.579937 0.070158 -0.811635 -2.102915 -0.072118 0.996795 0.034632 103.575233 0.811463 0.038449 0.583138 -6.361160 0.000000 0.000000 0.000000 1.000000
0.578518 0.070521 -0.812616 -2.154892 -0.072628 0.996752 0.034796 103.579048 0.812430 0.038889 0.581760 -6.338090 0.000000 0.000000 0.000000 1.000000
0.576888 0.071016 -0.813730 -2.203276 -0.073215 0.996699 0.035079 103.584854 0.813535 0.039341 0.580183 -6.310019 0.000000 0.000000 0.000000 1.000000
0.575127 0.071627 -0.814922 -2.248373 -0.073753 0.996643 0.035549 103.593216 0.814733 0.039658 0.578479 -6.279274 0.000000 0.000000 0.000000 1.000000
0.573255 0.072277 -0.816183 -2.287626 -0.074142 0.996591 0.036179 103.601410 0.816015 0.039773 0.576660 -6.250063 0.000000 0.000000 0.000000 1.000000
0.571205 0.072912 -0.817562 -2.318079 -0.074442 0.996544 0.036864 103.606544 0.817424 0.039804 0.574659 -6.224496 0.000000 0.000000 0.000000 1.000000
0.568928 0.073541 -0.819092 -2.340458 -0.074854 0.996490 0.037476 103.608192 0.818974 0.039991 0.572436 -6.203211 0.000000 0.000000 0.000000 1.000000
0.566437 0.074165 -0.820761 -2.358484 -0.075509 0.996424 0.037926 103.607613 0.820639 0.040492 0.570011 -6.186887 0.000000 0.000000 0.000000 1.000000
0.563695 0.074718 -0.822597 -2.375237 -0.076322 0.996351 0.038199 103.606743 0.822450 0.041250 0.567340 -6.174846 0.000000 0.000000 0.000000 1.000000
0.560678 0.075122 -0.824619 -2.392073 -0.077121 0.996285 0.038324 103.606956 0.824435 0.042109 0.564389 -6.165847 0.000000 0.000000 0.000000 1.000000
0.557586 0.075410 -0.826687 -2.408401 -0.077862 0.996226 0.038359 103.607689 0.826459 0.042979 0.561354 -6.159983 0.000000 0.000000 0.000000 1.000000
0.554736 0.075735 -0.828572 -2.422175 -0.078602 0.996165 0.038429 103.608055 0.828305 0.043810 0.558562 -6.156823 0.000000 0.000000 0.000000 1.000000
0.552327 0.076185 -0.830139 -2.432704 -0.079344 0.996099 0.038624 103.608742 0.829843 0.044534 0.556217 -6.155165 0.000000 0.000000 0.000000 1.000000
0.550468 0.076730 -0.831323 -2.441897 -0.080027 0.996032 0.038942 103.610527 0.831012 0.045091 0.554424 -6.155725 0.000000 0.000000 0.000000 1.000000
0.549312 0.077330 -0.832031 -2.451329 -0.080646 0.995967 0.039323 103.613159 0.831716 0.045499 0.553333 -6.160449 0.000000 0.000000 0.000000 1.000000
0.548969 0.077974 -0.832198 -2.459711 -0.081252 0.995902 0.039714 103.616096 0.831884 0.045816 0.553055 -6.168647 0.000000 0.000000 0.000000 1.000000
0.549467 0.078657 -0.831805 -2.465941 -0.081798 0.995840 0.040136 103.618797 0.831502 0.045986 0.553616 -6.177479 0.000000 0.000000 0.000000 1.000000
0.551029 0.079408 -0.830699 -2.476081 -0.082103 0.995791 0.040728 103.619827 0.830437 0.045760 0.555230 -6.187599 0.000000 0.000000 0.000000 1.000000
0.554370 0.080321 -0.828386 -2.503765 -0.081989 0.995761 0.041681 103.618759 0.828222 0.044812 0.558605 -6.205448 0.000000 0.000000 0.000000 1.000000
0.560633 0.081526 -0.824041 -2.559674 -0.081489 0.995743 0.043073 103.622025 0.824045 0.043002 0.564890 -6.236519 0.000000 0.000000 0.000000 1.000000
0.570912 0.083081 -0.816797 -2.640914 -0.080808 0.995722 0.044799 103.631767 0.817025 0.040427 0.575183 -6.278680 0.000000 0.000000 0.000000 1.000000
0.585625 0.084924 -0.806121 -2.735364 -0.080110 0.995692 0.046698 103.650276 0.806614 0.037231 0.589905 -6.325186 0.000000 0.000000 0.000000 1.000000
0.604361 0.086881 -0.791959 -2.837438 -0.079302 0.995660 0.048711 103.679085 0.792754 0.033365 0.608628 -6.374503 0.000000 0.000000 0.000000 1.000000
0.626331 0.088675 -0.774498 -2.950126 -0.078112 0.995648 0.050827 103.709709 0.775634 0.028663 0.630532 -6.428677 0.000000 0.000000 0.000000 1.000000
0.650760 0.090020 -0.753928 -3.075638 -0.076313 0.995674 0.053015 103.736679 0.755439 0.023035 0.654814 -6.485576 0.000000 0.000000 0.000000 1.000000
0.676954 0.090744 -0.730410 -3.206501 -0.073842 0.995737 0.055269 103.758568 0.732312 0.016521 0.680769 -6.535076 0.000000 0.000000 0.000000 1.000000
0.704395 0.090832 -0.703973 -3.331930 -0.070719 0.995824 0.057728 103.776489 0.706277 0.009121 0.707877 -6.568848 0.000000 0.000000 0.000000 1.000000
0.732768 0.090340 -0.674455 -3.449489 -0.067033 0.995911 0.060569 103.792099 0.677169 0.000828 0.735827 -6.591439 0.000000 0.000000 0.000000 1.000000
0.761727 0.089228 -0.641724 -3.562409 -0.062985 0.995978 0.063722 103.807243 0.644829 -0.008120 0.764284 -6.614917 0.000000 0.000000 0.000000 1.000000
0.790670 0.087326 -0.605983 -3.668396 -0.058771 0.996031 0.066852 103.822762 0.609416 -0.017244 0.792663 -6.646992 0.000000 0.000000 0.000000 1.000000
0.818813 0.084464 -0.567812 -3.763189 -0.054449 0.996084 0.069652 103.837936 0.571472 -0.026115 0.820206 -6.691238 0.000000 0.000000 0.000000 1.000000
0.845372 0.080621 -0.528060 -3.846400 -0.049995 0.996147 0.072048 103.849449 0.531834 -0.034507 0.846146 -6.751162 0.000000 0.000000 0.000000 1.000000
0.869696 0.075961 -0.487708 -3.921189 -0.045470 0.996215 0.074078 103.855431 0.491489 -0.042250 0.869858 -6.826751 0.000000 0.000000 0.000000 1.000000
0.891363 0.070731 -0.447737 -3.992716 -0.041042 0.996287 0.075680 103.857079 0.451427 -0.049083 0.890957 -6.911556 0.000000 0.000000 0.000000 1.000000
0.910238 0.065242 -0.408913 -4.062257 -0.036958 0.996369 0.076701 103.855591 0.412432 -0.054703 0.909345 -6.996927 0.000000 0.000000 0.000000 1.000000
0.926445 0.059705 -0.371665 -4.125541 -0.033251 0.996462 0.077190 103.852852 0.374959 -0.059154 0.925152 -7.081921 0.000000 0.000000 0.000000 1.000000
0.940235 0.054365 -0.336159 -4.177847 -0.029916 0.996544 0.077490 103.850365 0.339210 -0.062802 0.938612 -7.166272 0.000000 0.000000 0.000000 1.000000
0.951883 0.049393 -0.302455 -4.223835 -0.026997 0.996604 0.077787 103.849701 0.305270 -0.065879 0.949984 -7.248506 0.000000 0.000000 0.000000 1.000000
0.961667 0.044834 -0.270529 -4.272279 -0.024549 0.996658 0.077905 103.848198 0.273118 -0.068278 0.959554 -7.323280 0.000000 0.000000 0.000000 1.000000
0.969820 0.040665 -0.240407 -4.322696 -0.022539 0.996724 0.077671 103.842026 0.242778 -0.069908 0.967560 -7.385107 0.000000 0.000000 0.000000 1.000000
0.976503 0.036962 -0.212309 -4.366765 -0.020931 0.996791 0.077267 103.831329 0.214484 -0.071007 0.974143 -7.425428 0.000000 0.000000 0.000000 1.000000
0.981847 0.033746 -0.186649 -4.400861 -0.019585 0.996824 0.077196 103.821037 0.188662 -0.072139 0.979389 -7.435145 0.000000 0.000000 0.000000 1.000000
0.986000 0.030922 -0.163850 -4.425889 -0.018341 0.996804 0.077748 103.813507 0.165731 -0.073654 0.983417 -7.396598 0.000000 0.000000 0.000000 1.000000
0.989164 0.028340 -0.144050 -4.442745 -0.017083 0.996745 0.078791 103.808273 0.145814 -0.075477 0.986429 -7.314520 0.000000 0.000000 0.000000 1.000000
0.991586 0.026026 -0.126808 -4.450893 -0.015927 0.996666 0.080020 103.794945 0.128468 -0.077327 0.988694 -7.209798 0.000000 0.000000 0.000000 1.000000
0.993497 0.023815 -0.111344 -4.451821 -0.014785 0.996586 0.081229 103.775261 0.112898 -0.079055 0.990457 -7.086414 0.000000 0.000000 0.000000 1.000000
0.995044 0.021714 -0.097032 -4.448052 -0.013705 0.996500 0.082458 103.752594 0.098482 -0.080719 0.991860 -6.942699 0.000000 0.000000 0.000000 1.000000
0.996315 0.019787 -0.083451 -4.442321 -0.012780 0.996411 0.083682 103.730461 0.084807 -0.082307 0.992992 -6.779522 0.000000 0.000000 0.000000 1.000000
0.997348 0.018255 -0.070451 -4.433893 -0.012244 0.996320 0.084828 103.702698 0.071741 -0.083740 0.993902 -6.604725 0.000000 0.000000 0.000000 1.000000
0.998149 0.017123 -0.058361 -4.419714 -0.012057 0.996216 0.086068 103.673080 0.059614 -0.085205 0.994578 -6.432139 0.000000 0.000000 0.000000 1.000000
0.998718 0.016375 -0.047899 -4.395653 -0.012126 0.996074 0.087695 103.644554 0.049147 -0.087002 0.994995 -6.272103 0.000000 0.000000 0.000000 1.000000
0.999082 0.015935 -0.039758 -4.358935 -0.012318 0.995900 0.089623 103.623192 0.041023 -0.089051 0.995182 -6.125888 0.000000 0.000000 0.000000 1.000000
0.999291 0.015785 -0.034195 -4.308873 -0.012603 0.995737 0.091376 103.611534 0.035491 -0.090881 0.995229 -5.986605 0.000000 0.000000 0.000000 1.000000
0.999395 0.015900 -0.030934 -4.246628 -0.012975 0.995623 0.092559 103.606552 0.032270 -0.092101 0.995227 -5.847488 0.000000 0.000000 0.000000 1.000000
0.999436 0.016190 -0.029407 -4.172770 -0.013386 0.995562 0.093154 103.604073 0.030785 -0.092708 0.995217 -5.709217 0.000000 0.000000 0.000000 1.000000
0.999439 0.016537 -0.029121 -4.086188 -0.013750 0.995530 0.093436 103.600952 0.030536 -0.092984 0.995199 -5.578341 0.000000 0.000000 0.000000 1.000000
0.999411 0.016887 -0.029877 -3.987429 -0.014021 0.995505 0.093664 103.595184 0.031324 -0.093189 0.995156 -5.459673 0.000000 0.000000 0.000000 1.000000
0.999348 0.017284 -0.031684 -3.879573 -0.014241 0.995485 0.093845 103.586876 0.033163 -0.093333 0.995083 -5.352361 0.000000 0.000000 0.000000 1.000000
0.999244 0.017774 -0.034583 -3.765250 -0.014458 0.995480 0.093869 103.578491 0.036095 -0.093298 0.994984 -5.254129 0.000000 0.000000 0.000000 1.000000
0.999088 0.018352 -0.038544 -3.647202 -0.014668 0.995487 0.093754 103.572159 0.040090 -0.093103 0.994849 -5.164731 0.000000 0.000000 0.000000 1.000000
0.998875 0.019019 -0.043429 -3.529150 -0.014884 0.995495 0.093638 103.567917 0.045014 -0.092886 0.994659 -5.085138 0.000000 0.000000 0.000000 1.000000
