<?xml version="1.0" encoding="utf-8"?>
<COLLADA xmlns="http://www.collada.org/2005/11/COLLADASchema" version="1.4.1">
  <asset>
    <contributor>
      <author>Mixamo</author>
      <authoring_tool>COLLADA Mixamo exporter</authoring_tool>
      <comments/>
    </contributor>
    <created>2024-04-05T10:48:57Z</created>
    <modified>2024-04-05T10:48:57Z</modified>
    <revision/>
    <title/>
    <unit meter="0.010000"/>
    <up_axis>Y_UP</up_axis>
  </asset>
  <library_animations>
    <animation id="Armature-anim" name="Armature">
      <source id="Armature-Matrix-animation-input">
        <float_array id="Armature-Matrix-animation-input-array" count="144">

0.000000 0.033333 0.066667 0.100000 0.133333 0.166667 0.200000 0.233333 0.266667 0.300000 0.333333 0.366667 0.400000 0.433333 0.466667 0.500000
0.533333 0.566667 0.600000 0.633333 0.666667 0.700000 0.733333 0.766667 0.800000 0.833333 0.866667 0.900000 0.933333 0.966667 1.000000 1.033333
1.066667 1.100000 1.133333 1.166667 1.200000 1.233333 1.266667 1.300000 1.333333 1.366667 1.400000 1.433333 1.466667 1.500000 1.533333 1.566667
1.600000 1.633333 1.666667 1.700000 1.733333 1.766667 1.800000 1.833333 1.866667 1.900000 1.933333 1.966667 2.000000 2.033333 2.066667 2.100000
2.133333 2.166667 2.200000 2.233333 2.266667 2.300000 2.333333 2.366667 2.400000 2.433333 2.466667 2.500000 2.533333 2.566667 2.600000 2.633333
2.666667 2.700000 2.733333 2.766667 2.800000 2.833333 2.866667 2.900000 2.933333 2.966667 3.000000 3.033333 3.066667 3.100000 3.133333 3.166667
3.200000 3.233333 3.266667 3.300000 3.333333 3.366667 3.400000 3.433333 3.466667 3.500000 3.533333 3.566667 3.600000 3.633333 3.666667 3.700000
3.733333 3.766667 3.800000 3.833333 3.866667 3.900000 3.933333 3.966667 4.000000 4.033333 4.066667 4.100000 4.133333 4.166667 4.200000 4.233333
4.266667 4.300000 4.333333 4.366667 4.400000 4.433333 4.466667 4.500000 4.533333 4.566667 4.600000 4.633333 4.666667 4.700000 4.733333 4.766667</float_array>
        <technique_common>
          <accessor source="#Armature-Matrix-animation-input-array" count="144">
            <param name="TIME" type="float"/>
          </accessor>
        </technique_common>
      </source>
      <source id="Armature-Matrix-animation-output-transform">
        <float_array id="Armature-Matrix-animation-output-transform-array" count="2304">

1.000000 0.000000 0.000000 0.000000 0.000000 1.000000 0.000000 0.000000 0.000000 0.000000 1.000000 0.000000 0.000000 0.000000 0.000000 1.000000
1.000000 0.000000 0.000000 0.000000 0.000000 1.000000 0.000000 0.000000 0.000000 0.000000 1.000000 0.000000 0.000000 0.000000 0.000000 1.000000
1.000000 0.000000 0.000000 0.000000 0.000000 1.000000 0.000000 0.000000 0.000000 0.000000 1.000000 0.000000 0.000000 0.000000 0.000000 1.000000
1.000000 0.000000 0.000000 0.000000 0.000000 1.000000 0.000000 0.000000 0.000000 0.000000 1.000000 0.000000 0.000000 0.000000 0.000000 1.000000
1.000000 0.000000 0.000000 0.000000 0.000000 1.000000 0.000000 0.000000 0.000000 0.000000 1.000000 0.000000 0.000000 0.000000 0.000000 1.000000
1.000000 0.000000 0.000000 0.000000 0.000000 1.000000 0.000000 0.000000 0.000000 0.000000 1.000000 0.000000 0.000000 0.000000 0.000000 1.000000
1.000000 0.000000 0.000000 0.000000 0.000000 1.000000 0.000000 0.000000 0.000000 0.000000 1.000000 0.000000 0.000000 0.000000 0.000000 1.000000
1.000000 0.000000 0.000000 0.000000 0.000000 1.000000 0.000000 0.000000 0.000000 0.000000 1.000000 0.000000 0.000000 0.000000 0.000000 1.000000
1.000000 0.000000 0.000000 0.000000 0.000000 1.000000 0.000000 0.000000 0.000000 0.000000 1.000000 0.000000 0.000000 0.000000 0.000000 1.000000
1.000000 0.000000 0.000000 0.000000 0.000000 1.000000 0.000000 0.000000 0.000000 0.000000 1.000000 0.000000 0.000000 0.000000 0.000000 1.000000
1.000000 0.000000 0.000000 0.000000 0.000000 1.000000 0.000000 0.000000 0.000000 0.000000 1.000000 0.000000 0.000000 0.000000 0.000000 1.000000
1.000000 0.000000 0.000000 0.000000 0.000000 1.000000 0.000000 0.000000 0.000000 0.000000 1.000000 0.000000 0.000000 0.000000 0.000000 1.000000
1.000000 0.000000 0.000000 0.000000 0.000000 1.000000 0.000000 0.000000 0.000000 0.000000 1.000000 0.000000 0.000000 0.000000 0.000000 1.000000
1.000000 0.000000 0.000000 0.000000 0.000000 1.000000 0.000000 0.000000 0.000000 0.000000 1.000000 0.000000 0.000000 0.000000 0.000000 1.000000
1.000000 0.000000 0.000000 0.000000 0.000000 1.000000 0.000000 0.000000 0.000000 0.000000 1.000000 0.000000 0.000000 0.000000 0.000000 1.000000
1.000000 0.000000 0.000000 0.000000 0.000000 1.000000 0.000000 0.000000 0.000000 0.000000 1.000000 0.000000 0.000000 0.000000 0.000000 1.000000
1.000000 0.000000 0.000000 0.000000 0.000000 1.000000 0.000000 0.000000 0.000000 0.000000 1.000000 0.000000 0.000000 0.000000 0.000000 1.000000
1.000000 0.000000 0.000000 0.000000 0.000000 1.000000 0.000000 0.000000 0.000000 0.000000 1.000000 0.000000 0.000000 0.000000 0.000000 1.000000
1.000000 0.000000 0.000000 0.000000 0.000000 1.000000 0.000000 0.000000 0.000000 0.000000 1.000000 0.000000 0.000000 0.000000 0.000000 1.000000
1.000000 0.000000 0.000000 0.000000 0.000000 1.000000 0.000000 0.000000 0.000000 0.000000 1.000000 0.000000 0.000000 0.000000 0.000000 1.000000
1.000000 0.000000 0.000000 0.000000 0.000000 1.000000 0.000000 0.000000 0.000000 0.000000 1.000000 0.000000 0.000000 0.000000 0.000000 1.000000
1.000000 0.000000 0.000000 0.000000 0.000000 1.000000 0.000000 0.000000 0.000000 0.000000 1.000000 0.000000 0.000000 0.000000 0.000000 1.000000
1.000000 0.000000 0.000000 0.000000 0.000000 1.000000 0.000000 0.000000 0.000000 0.000000 1.000000 0.000000 0.000000 0.000000 0.000000 1.000000
1.000000 0.000000 0.000000 0.000000 0.000000 1.000000 0.000000 0.000000 0.000000 0.000000 1.000000 0.000000 0.000000 0.000000 0.000000 1.000000
1.000000 0.000000 0.000000 0.000000 0.000000 1.000000 0.000000 0.000000 0.000000 0.000000 1.000000 0.000000 0.000000 0.000000 0.000000 1.000000
1.000000 0.000000 0.000000 0.000000 0.000000 1.000000 0.000000 0.000000 0.000000 0.000000 1.000000 0.000000 0.000000 0.000000 0.000000 1.000000
1.000000 0.000000 0.000000 0.000000 0.000000 1.000000 0.000000 0.000000 0.000000 0.000000 1.000000 0.000000 0.000000 0.000000 0.000000 1.000000
1.000000 0.000000 0.000000 0.000000 0.000000 1.000000 0.000000 0.000000 0.000000 0.000000 1.000000 0.000000 0.000000 0.000000 0.000000 1.000000
1.000000 0.000000 0.000000 0.000000 0.000000 1.000000 0.000000 0.000000 0.000000 0.000000 1.000000 0.000000 0.000000 0.000000 0.000000 1.000000
1.000000 0.000000 0.000000 0.000000 0.000000 1.000000 0.000000 0.000000 0.000000 0.000000 1.000000 0.000000 0.000000 0.000000 0.000000 1.000000
1.000000 0.000000 0.000000 0.000000 0.000000 1.000000 0.000000 0.000000 0.000000 0.000000 1.000000 0.000000 0.000000 0.000000 0.000000 1.000000
1.000000 0.000000 0.000000 0.000000 0.000000 1.000000 0.000000 0.000000 0.000000 0.000000 1.000000 0.000000 0.000000 0.000000 0.000000 1.000000
1.000000 0.000000 0.000000 0.000000 0.000000 1.000000 0.000000 0.000000 0.000000 0.000000 1.000000 0.000000 0.000000 0.000000 0.000000 1.000000
1.000000 0.000000 0.000000 0.000000 0.000000 1.000000 0.000000 0.000000 0.000000 0.000000 1.000000 0.000000 0.000000 0.000000 0.000000 1.000000
1.000000 0.000000 0.000000 0.000000 0.000000 1.000000 0.000000 0.000000 0.000000 0.000000 1.000000 0.000000 0.000000 0.000000 0.000000 1.000000
1.000000 0.000000 0.000000 0.000000 0.000000 1.000000 0.000000 0.000000 0.000000 0.000000 1.000000 0.000000 0.000000 0.000000 0.000000 1.000000
1.000000 0.000000 0.000000 0.000000 0.000000 1.000000 0.000000 0.000000 0.000000 0.000000 1.000000 0.000000 0.000000 0.000000 0.000000 1.000000
1.000000 0.000000 0.000000 0.000000 0.000000 1.000000 0.000000 0.000000 0.000000 0.000000 1.000000 0.000000 0.000000 0.000000 0.000000 1.000000
1.000000 0.000000 0.000000 0.000000 0.000000 1.000000 0.000000 0.000000 0.000000 0.000000 1.000000 0.000000 0.000000 0.000000 0.000000 1.000000
1.000000 0.000000 0.000000 0.000000 0.000000 1.000000 0.000000 0.000000 0.000000 0.000000 1.000000 0.000000 0.000000 0.000000 0.000000 1.000000
1.000000 0.000000 0.000000 0.000000 0.000000 1.000000 0.000000 0.000000 0.000000 0.000000 1.000000 0.000000 0.000000 0.000000 0.000000 1.000000
1.000000 0.000000 0.000000 0.000000 0.000000 1.000000 0.000000 0.000000 0.000000 0.000000 1.000000 0.000000 0.000000 0.000000 0.000000 1.000000
1.000000 0.000000 0.000000 0.000000 0.000000 1.000000 0.000000 0.000000 0.000000 0.000000 1.000000 0.000000 0.000000 0.000000 0.000000 1.000000
1.000000 0.000000 0.000000 0.000000 0.000000 1.000000 0.000000 0.000000 0.000000 0.000000 1.000000 0.000000 0.000000 0.000000 0.000000 1.000000
1.000000 0.000000 0.000000 0.000000 0.000000 1.000000 0.000000 0.000000 0.000000 0.000000 1.000000 0.000000 0.000000 0.000000 0.000000 1.000000
1.000000 0.000000 0.000000 0.000000 0.000000 1.000000 0.000000 0.000000 0.000000 0.000000 1.000000 0.000000 0.000000 0.000000 0.000000 1.000000
1.000000 0.000000 0.000000 0.000000 0.000000 1.000000 0.000000 0.000000 0.000000 0.000000 1.000000 0.000000 0.000000 0.000000 0.000000 1.000000
1.000000 0.000000 0.000000 0.000000 0.000000 1.000000 0.000000 0.000000 0.000000 0.000000 1.000000 0.000000 0.000000 0.000000 0.000000 1.000000
1.000000 0.000000 0.000000 0.000000 0.000000 1.000000 0.000000 0.000000 0.000000 0.000000 1.000000 0.000000 0.000000 0.000000 0.000000 1.000000
1.000000 0.000000 0.000000 0.000000 0.000000 1.000000 0.000000 0.000000 0.000000 0.000000 1.000000 0.000000 0.000000 0.000000 0.000000 1.000000
1.000000 0.000000 0.000000 0.000000 0.000000 1.000000 0.000000 0.000000 0.000000 0.000000 1.000000 0.000000 0.000000 0.000000 0.000000 1.000000
1.000000 0.000000 0.000000 0.000000 0.000000 1.000000 0.000000 0.000000 0.000000 0.000000 1.000000 0.000000 0.000000 0.000000 0.000000 1.000000
1.000000 0.000000 0.000000 0.000000 0.000000 1.000000 0.000000 0.000000 0.000000 0.000000 1.000000 0.000000 0.000000 0.000000 0.000000 1.000000
1.000000 0.000000 0.000000 0.000000 0.000000 1.000000 0.000000 0.000000 0.000000 0.000000 1.000000 0.000000 0.000000 0.000000 0.000000 1.000000
1.000000 0.000000 0.000000 0.000000 0.000000 1.000000 0.000000 0.000000 0.000000 0.000000 1.000000 0.000000 0.000000 0.000000 0.000000 1.000000
1.000000 0.000000 0.000000 0.000000 0.000000 1.000000 0.000000 0.000000 0.000000 0.000000 1.000000 0.000000 0.000000 0.000000 0.000000 1.000000
1.000000 0.000000 0.000000 0.000000 0.000000 1.000000 0.000000 0.000000 0.000000 0.000000 1.000000 0.000000 0.000000 0.000000 0.000000 1.000000
1.000000 0.000000 0.000000 0.000000 0.000000 1.000000 0.000000 0.000000 0.000000 0.000000 1.000000 0.000000 0.000000 0.000000 0.000000 1.000000
1.000000 0.000000 0.000000 0.000000 0.000000 1.000000 0.000000 0.000000 0.000000 0.000000 1.000000 0.000000 0.000000 0.000000 0.000000 1.000000
1.000000 0.000000 0.000000 0.000000 0.000000 1.000000 0.000000 0.000000 0.000000 0.000000 1.000000 0.000000 0.000000 0.000000 0.000000 1.000000
1.000000 0.000000 0.000000 0.000000 0.000000 1.000000 0.000000 0.000000 0.000000 0.000000 1.000000 0.000000 0.000000 0.000000 0.000000 1.000000
1.000000 0.000000 0.000000 0.000000 0.000000 1.000000 0.000000 0.000000 0.000000 0.000000 1.000000 0.000000 0.000000 0.000000 0.000000 1.000000
1.000000 0.000000 0.000000 0.000000 0.000000 1.000000 0.000000 0.000000 0.000000 0.000000 1.000000 0.000000 0.000000 0.000000 0.000000 1.000000
1.000000 0.000000 0.000000 0.000000 0.000000 1.000000 0.000000 0.000000 0.000000 0.000000 1.000000 0.000000 0.000000 0.000000 0.000000 1.000000
1.000000 0.000000 0.000000 0.000000 0.000000 1.000000 0.000000 0.000000 0.000000 0.000000 1.000000 0.000000 0.000000 0.000000 0.000000 1.000000
1.000000 0.000000 0.000000 0.000000 0.000000 1.000000 0.000000 0.000000 0.000000 0.000000 1.000000 0.000000 0.000000 0.000000 0.000000 1.000000
1.000000 0.000000 0.000000 0.000000 0.000000 1.000000 0.000000 0.000000 0.000000 0.000000 1.000000 0.000000 0.000000 0.000000 0.000000 1.000000
1.000000 0.000000 0.000000 0.000000 0.000000 1.000000 0.000000 0.000000 0.000000 0.000000 1.000000 0.000000 0.000000 0.000000 0.000000 1.000000
1.000000 0.000000 0.000000 0.000000 0.000000 1.000000 0.000000 0.000000 0.000000 0.000000 1.000000 0.000000 0.000000 0.000000 0.000000 1.000000
1.000000 0.000000 0.000000 0.000000 0.000000 1.000000 0.000000 0.000000 0.000000 0.000000 1.000000 0.000000 0.000000 0.000000 0.000000 1.000000
1.000000 0.000000 0.000000 0.000000 0.000000 1.000000 0.000000 0.000000 0.000000 0.000000 1.000000 0.000000 0.000000 0.000000 0.000000 1.000000
1.000000 0.000000 0.000000 0.000000 0.000000 1.000000 0.000000 0.000000 0.000000 0.000000 1.000000 0.000000 0.000000 0.000000 0.000000 1.000000
1.000000 0.000000 0.000000 0.000000 0.000000 1.000000 0.000000 0.000000 0.000000 0.000000 1.000000 0.000000 0.000000 0.000000 0.000000 1.000000
1.000000 0.000000 0.000000 0.000000 0.000000 1.000000 0.000000 0.000000 0.000000 0.000000 1.000000 0.000000 0.000000 0.000000 0.000000 1.000000
1.000000 0.000000 0.000000 0.000000 0.000000 1.000000 0.000000 0.000000 0.000000 0.000000 1.000000 0.000000 0.000000 0.000000 0.000000 1.000000
1.000000 0.000000 0.000000 0.000000 0.000000 1.000000 0.000000 0.000000 0.000000 0.000000 1.000000 0.000000 0.000000 0.000000 0.000000 1.000000
1.000000 0.000000 0.000000 0.000000 0.000000 1.000000 0.000000 0.000000 0.000000 0.000000 1.000000 0.000000 0.000000 0.000000 0.000000 1.000000
1.000000 0.000000 0.000000 0.000000 0.000000 1.000000 0.000000 0.000000 0.000000 0.000000 1.000000 0.000000 0.000000 0.000000 0.000000 1.000000
1.000000 0.000000 0.000000 0.000000 0.000000 1.000000 0.000000 0.000000 0.000000 0.000000 1.000000 0.000000 0.000000 0.000000 0.000000 1.000000
1.000000 0.000000 0.000000 0.000000 0.000000 1.000000 0.000000 0.000000 0.000000 0.000000 1.000000 0.000000 0.000000 0.000000 0.000000 1.000000
1.000000 0.000000 0.000000 0.000000 0.000000 1.000000 0.000000 0.000000 0.000000 0.000000 1.000000 0.000000 0.000000 0.000000 0.000000 1.000000
1.000000 0.000000 0.000000 0.000000 0.000000 1.000000 0.000000 0.000000 0.000000 0.000000 1.000000 0.000000 0.000000 0.000000 0.000000 1.000000
1.000000 0.000000 0.000000 0.000000 0.000000 1.000000 0.000000 0.000000 0.000000 0.000000 1.000000 0.000000 0.000000 0.000000 0.000000 1.000000
1.000000 0.000000 0.000000 0.000000 0.000000 1.000000 0.000000 0.000000 0.000000 0.000000 1.000000 0.000000 0.000000 0.000000 0.000000 1.000000
1.000000 0.000000 0.000000 0.000000 0.000000 1.000000 0.000000 0.000000 0.000000 0.000000 1.000000 0.000000 0.000000 0.000000 0.000000 1.000000
1.000000 0.000000 0.000000 0.000000 0.000000 1.000000 0.000000 0.000000 0.000000 0.000000 1.000000 0.000000 0.000000 0.000000 0.000000 1.000000
1.000000 0.000000 0.000000 0.000000 0.000000 1.000000 0.000000 0.000000 0.000000 0.000000 1.000000 0.000000 0.000000 0.000000 0.000000 1.000000
1.000000 0.000000 0.000000 0.000000 0.000000 1.000000 0.000000 0.000000 0.000000 0.000000 1.000000 0.000000 0.000000 0.000000 0.000000 1.000000
1.000000 0.000000 0.000000 0.000000 0.000000 1.000000 0.000000 0.000000 0.000000 0.000000 1.000000 0.000000 0.000000 0.000000 0.000000 1.000000
1.000000 0.000000 0.000000 0.000000 0.000000 1.000000 0.000000 0.000000 0.000000 0.000000 1.000000 0.000000 0.000000 0.000000 0.000000 1.000000
1.000000 0.000000 0.000000 0.000000 0.000000 1.000000 0.000000 0.000000 0.000000 0.000000 1.000000 0.000000 0.000000 0.000000 0.000000 1.000000
1.000000 0.000000 0.000000 0.000000 0.000000 1.000000 0.000000 0.000000 0.000000 0.000000 1.000000 0.000000 0.000000 0.000000 0.000000 1.000000
1.000000 0.000000 0.000000 0.000000 0.000000 1.000000 0.000000 0.000000 0.000000 0.000000 1.000000 0.000000 0.000000 0.000000 0.000000 1.000000
1.000000 0.000000 0.000000 0.000000 0.000000 1.000000 0.000000 0.000000 0.000000 0.000000 1.000000 0.000000 0.000000 0.000000 0.000000 1.000000
1.000000 0.000000 0.000000 0.000000 0.000000 1.000000 0.000000 0.000000 0.000000 0.000000 1.000000 0.000000 0.000000 0.000000 0.000000 1.000000
1.000000 0.000000 0.000000 0.000000 0.000000 1.000000 0.000000 0.000000 0.000000 0.000000 1.000000 0.000000 0.000000 0.000000 0.000000 1.000000
1.000000 0.000000 0.000000 0.000000 0.000000 1.000000 0.000000 0.000000 0.000000 0.000000 1.000000 0.000000 0.000000 0.000000 0.000000 1.000000
1.000000 0.000000 0.000000 0.000000 0.000000 1.000000 0.000000 0.000000 0.000000 0.000000 1.000000 0.000000 0.000000 0.000000 0.000000 1.000000
1.000000 0.000000 0.000000 0.000000 0.000000 1.000000 0.000000 0.000000 0.000000 0.000000 1.000000 0.000000 0.000000 0.000000 0.000000 1.000000
1.000000 0.000000 0.000000 0.000000 0.000000 1.000000 0.000000 0.000000 0.000000 0.000000 1.000000 0.000000 0.000000 0.000000 0.000000 1.000000
1.000000 0.000000 0.000000 0.000000 0.000000 1.000000 0.000000 0.000000 0.000000 0.000000 1.000000 0.000000 0.000000 0.000000 0.000000 1.000000
1.000000 0.000000 0.000000 0.000000 0.000000 1.000000 0.000000 0.000000 0.000000 0.000000 1.000000 0.000000 0.000000 0.000000 0.000000 1.000000
1.000000 0.000000 0.000000 0.000000 0.000000 1.000000 0.000000 0.000000 0.000000 0.000000 1.000000 0.000000 0.000000 0.000000 0.000000 1.000000
1.000000 0.000000 0.000000 0.000000 0.000000 1.000000 0.000000 0.000000 0.000000 0.000000 1.000000 0.000000 0.000000 0.000000 0.000000 1.000000
1.000000 0.000000 0.000000 0.000000 0.000000 1.000000 0.000000 0.000000 0.000000 0.000000 1.000000 0.000000 0.000000 0.000000 0.000000 1.000000
1.000000 0.000000 0.000000 0.000000 0.000000 1.000000 0.000000 0.000000 0.000000 0.000000 1.000000 0.000000 0.000000 0.000000 0.000000 1.000000
1.000000 0.000000 0.000000 0.000000 0.000000 1.000000 0.000000 0.000000 0.000000 0.000000 1.000000 0.000000 0.000000 0.000000 0.000000 1.000000
1.000000 0.000000 0.000000 0.000000 0.000000 1.000000 0.000000 0.000000 0.000000 0.000000 1.000000 0.000000 0.000000 0.000000 0.000000 1.000000
1.000000 0.000000 0.000000 0.000000 0.000000 1.000000 0.000000 0.000000 0.000000 0.000000 1.000000 0.000000 0.000000 0.000000 0.000000 1.000000
1.000000 0.000000 0.000000 0.000000 0.000000 1.000000 0.000000 0.000000 0.000000 0.000000 1.000000 0.000000 0.000000 0.000000 0.000000 1.000000
1.000000 0.000000 0.000000 0.000000 0.000000 1.000000 0.000000 0.000000 0.000000 0.000000 1.000000 0.000000 0.000000 0.000000 0.000000 1.000000
1.000000 0.000000 0.000000 0.000000 0.000000 1.000000 0.000000 0.000000 0.000000 0.000000 1.000000 0.000000 0.000000 0.000000 0.000000 1.000000
1.000000 0.000000 0.000000 0.000000 0.000000 1.000000 0.000000 0.000000 0.000000 0.000000 1.000000 0.000000 0.000000 0.000000 0.000000 1.000000
1.000000 0.000000 0.000000 0.000000 0.000000 1.000000 0.000000 0.000000 0.000000 0.000000 1.000000 0.000000 0.000000 0.000000 0.000000 1.000000
1.000000 0.000000 0.000000 0.000000 0.000000 1.000000 0.000000 0.000000 0.000000 0.000000 1.000000 0.000000 0.000000 0.000000 0.000000 1.000000
1.000000 0.000000 0.000000 0.000000 0.000000 1.000000 0.000000 0.000000 0.000000 0.000000 1.000000 0.000000 0.000000 0.000000 0.000000 1.000000
1.000000 0.000000 0.000000 0.000000 0.000000 1.000000 0.000000 0.000000 0.000000 0.000000 1.000000 0.000000 0.000000 0.000000 0.000000 1.000000
1.000000 0.000000 0.000000 0.000000 0.000000 1.000000 0.000000 0.000000 0.000000 0.000000 1.000000 0.000000 0.000000 0.000000 0.000000 1.000000
1.000000 0.000000 0.000000 0.000000 0.000000 1.000000 0.000000 0.000000 0.000000 0.000000 1.000000 0.000000 0.000000 0.000000 0.000000 1.000000
1.000000 0.000000 0.000000 0.000000 0.000000 1.000000 0.000000 0.000000 0.000000 0.000000 1.000000 0.000000 0.000000 0.000000 0.000000 1.000000
1.000000 0.000000 0.000000 0.000000 0.000000 1.000000 0.000000 0.000000 0.000000 0.000000 1.000000 0.000000 0.000000 0.000000 0.000000 1.000000
1.000000 0.000000 0.000000 0.000000 0.000000 1.000000 0.000000 0.000000 0.000000 0.000000 1.000000 0.000000 0.000000 0.000000 0.000000 1.000000
1.000000 0.000000 0.000000 0.000000 0.000000 1.000000 0.000000 0.000000 0.000000 0.000000 1.000000 0.000000 0.000000 0.000000 0.000000 1.000000
1.000000 0.000000 0.000000 0.000000 0.000000 1.000000 0.000000 0.000000 0.000000 0.000000 1.000000 0.000000 0.000000 0.000000 0.000000 1.000000
1.000000 0.000000 0.000000 0.000000 0.000000 1.000000 0.000000 0.000000 0.000000 0.000000 1.000000 0.000000 0.000000 0.000000 0.000000 1.000000
1.000000 0.000000 0.000000 0.000000 0.000000 1.000000 0.000000 0.000000 0.000000 0.000000 1.000000 0.000000 0.000000 0.000000 0.000000 1.000000
1.000000 0.000000 0.000000 0.000000 0.000000 1.000000 0.000000 0.000000 0.000000 0.000000 1.000000 0.000000 0.000000 0.000000 0.000000 1.000000
1.000000 0.000000 0.000000 0.000000 0.000000 1.000000 0.000000 0.000000 0.000000 0.000000 1.000000 0.000000 0.000000 0.000000 0.000000 1.000000
1.000000 0.000000 0.000000 0.000000 0.000000 1.000000 0.000000 0.000000 0.000000 0.000000 1.000000 0.000000 0.000000 0.000000 0.000000 1.000000
1.000000 0.000000 0.000000 0.000000 0.000000 1.000000 0.000000 0.000000 0.000000 0.000000 1.000000 0.000000 0.000000 0.000000 0.000000 1.000000
1.000000 0.000000 0.000000 0.000000 0.000000 1.000000 0.000000 0.000000 0.000000 0.000000 1.000000 0.000000 0.000000 0.000000 0.000000 1.000000
1.000000 0.000000 0.000000 0.000000 0.000000 1.000000 0.000000 0.000000 0.000000 0.000000 1.000000 0.000000 0.000000 0.000000 0.000000 1.000000
1.000000 0.000000 0.000000 0.000000 0.000000 1.000000 0.000000 0.000000 0.000000 0.000000 1.000000 0.000000 0.000000 0.000000 0.000000 1.000000
1.000000 0.000000 0.000000 0.000000 0.000000 1.000000 0.000000 0.000000 0.000000 0.000000 1.000000 0.000000 0.000000 0.000000 0.000000 1.000000
1.000000 0.000000 0.000000 0.000000 0.000000 1.000000 0.000000 0.000000 0.000000 0.000000 1.000000 0.000000 0.000000 0.000000 0.000000 1.000000
1.000000 0.000000 0.000000 0.000000 0.000000 1.000000 0.000000 0.000000 0.000000 0.000000 1.000000 0.000000 0.000000 0.000000 0.000000 1.000000
1.000000 0.000000 0.000000 0.000000 0.000000 1.000000 0.000000 0.000000 0.000000 0.000000 1.000000 0.000000 0.000000 0.000000 0.000000 1.000000
1.000000 0.000000 0.000000 0.000000 0.000000 1.000000 0.000000 0.000000 0.000000 0.000000 1.000000 0.000000 0.000000 0.000000 0.000000 1.000000
1.000000 0.000000 0.000000 0.000000 0.000000 1.000000 0.000000 0.000000 0.000000 0.000000 1.000000 0.000000 0.000000 0.000000 0.000000 1.000000
1.000000 0.000000 0.000000 0.000000 0.000000 1.000000 0.000000 0.000000 0.000000 0.000000 1.000000 0.000000 0.000000 0.000000 0.000000 1.000000
1.000000 0.000000 0.000000 0.000000 0.000000 1.000000 0.000000 0.000000 0.000000 0.000000 1.000000 0.000000 0.000000 0.000000 0.000000 1.000000
1.000000 0.000000 0.000000 0.000000 0.000000 1.000000 0.000000 0.000000 0.000000 0.000000 1.000000 0.000000 0.000000 0.000000 0.000000 1.000000
1.000000 0.000000 0.000000 0.000000 0.000000 1.000000 0.000000 0.000000 0.000000 0.000000 1.000000 0.000000 0.000000 0.000000 0.000000 1.000000
1.000000 0.000000 0.000000 0.000000 0.000000 1.000000 0.000000 0.000000 0.000000 0.000000 1.000000 0.000000 0.000000 0.000000 0.000000 1.000000</float_array>
        <technique_common>
          <accessor source="#Armature-Matrix-animation-output-transform-array" count="144" stride="16">
            <param type="float4x4"/>
          </accessor>
        </technique_common>
      </source>
      <source id="Armature-Interpolations">
        <Name_array id="Armature-Interpolations-array" count="144">
 LINEAR LINEAR LINEAR LINEAR LINEAR LINEAR LINEAR LINEAR LINEAR LINEAR LINEAR
LINEAR LINEAR LINEAR LINEAR LINEAR LINEAR LINEAR LINEAR LINEAR LINEAR LINEAR LINEAR
LINEAR LINEAR LINEAR LINEAR LINEAR LINEAR LINEAR LINEAR LINEAR LINEAR LINEAR LINEAR
LINEAR LINEAR LINEAR LINEAR LINEAR LINEAR LINEAR LINEAR LINEAR LINEAR LINEAR LINEAR
LINEAR LINEAR LINEAR LINEAR LINEAR LINEAR LINEAR LINEAR LINEAR LINEAR LINEAR LINEAR
LINEAR LINEAR LINEAR LINEAR LINEAR LINEAR LINEAR LINEAR LINEAR LINEAR LINEAR LINEAR
LINEAR LINEAR LINEAR LINEAR LINEAR LINEAR LINEAR LINEAR LINEAR LINEAR LINEAR LINEAR
LINEAR LINEAR LINEAR LINEAR LINEAR LINEAR LINEAR LINEAR LINEAR LINEAR LINEAR LINEAR
LINEAR LINEAR LINEAR LINEAR LINEAR LINEAR LINEAR LINEAR LINEAR LINEAR LINEAR LINEAR
LINEAR LINEAR LINEAR LINEAR LINEAR LINEAR LINEAR LINEAR LINEAR LINEAR LINEAR LINEAR
LINEAR LINEAR LINEAR LINEAR LINEAR LINEAR LINEAR LINEAR LINEAR LINEAR LINEAR LINEAR
LINEAR LINEAR LINEAR LINEAR LINEAR LINEAR LINEAR LINEAR LINEAR LINEAR LINEAR LINEAR
LINEAR</Name_array>
        <technique_common>
          <accessor source="#Armature-Interpolations-array" count="144">
            <param type="name"/>
          </accessor>
        </technique_common>
      </source>
      <sampler id="Armature-Matrix-animation-transform">
        <input semantic="INPUT" source="#Armature-Matrix-animation-input"/>
        <input semantic="OUTPUT" source="#Armature-Matrix-animation-output-transform"/>
        <input semantic="INTERPOLATION" source="#Armature-Interpolations"/>
      </sampler>
      <channel source="#Armature-Matrix-animation-transform" target="Armature/matrix"/>
    </animation>
    <animation id="mixamorig_Hips-anim" name="mixamorig_Hips">
      <source id="mixamorig_Hips-Matrix-animation-input">
        <float_array id="mixamorig_Hips-Matrix-animation-input-array" count="144">

0.000000 0.033333 0.066667 0.100000 0.133333 0.166667 0.200000 0.233333 0.266667 0.300000 0.333333 0.366667 0.400000 0.433333 0.466667 0.500000
0.533333 0.566667 0.600000 0.633333 0.666667 0.700000 0.733333 0.766667 0.800000 0.833333 0.866667 0.900000 0.933333 0.966667 1.000000 1.033333
1.066667 1.100000 1.133333 1.166667 1.200000 1.233333 1.266667 1.300000 1.333333 1.366667 1.400000 1.433333 1.466667 1.500000 1.533333 1.566667
1.600000 1.633333 1.666667 1.700000 1.733333 1.766667 1.800000 1.833333 1.866667 1.900000 1.933333 1.966667 2.000000 2.033333 2.066667 2.100000
2.133333 2.166667 2.200000 2.233333 2.266667 2.300000 2.333333 2.366667 2.400000 2.433333 2.466667 2.500000 2.533333 2.566667 2.600000 2.633333
2.666667 2.700000 2.733333 2.766667 2.800000 2.833333 2.866667 2.900000 2.933333 2.966667 3.000000 3.033333 3.066667 3.100000 3.133333 3.166667
3.200000 3.233333 3.266667 3.300000 3.333333 3.366667 3.400000 3.433333 3.466667 3.500000 3.533333 3.566667 3.600000 3.633333 3.666667 3.700000
3.733333 3.766667 3.800000 3.833333 3.866667 3.900000 3.933333 3.966667 4.000000 4.033333 4.066667 4.100000 4.133333 4.166667 4.200000 4.233333
4.266667 4.300000 4.333333 4.366667 4.400000 4.433333 4.466667 4.500000 4.533333 4.566667 4.600000 4.633333 4.666667 4.700000 4.733333 4.766667</float_array>
        <technique_common>
          <accessor source="#mixamorig_Hips-Matrix-animation-input-array" count="144">
            <param name="TIME" type="float"/>
          </accessor>
        </technique_common>
      </source>
      <source id="mixamorig_Hips-Matrix-animation-output-transform">
        <float_array id="mixamorig_Hips-Matrix-animation-output-transform-array" count="2304">

0.993667 0.000296 -0.112362 0.253182 -0.012762 0.993823 -0.110243 103.932892 0.111635 0.110979 0.987533 -2.180295 0.000000 0.000000 0.000000 1.000000
0.993685 0.000219 -0.112203 0.227612 -0.012595 0.993896 -0.109601 103.933121 0.111495 0.110322 0.987622 -2.099938 0.000000 0.000000 0.000000 1.000000
0.993761 -0.000012 -0.111529 0.201062 -0.012256 0.993932 -0.109312 103.934082 0.110854 0.109997 0.987731 -2.027179 0.000000 0.000000 0.000000 1.000000
0.993877 -0.000151 -0.110494 0.168412 -0.011982 0.993954 -0.109140 103.934044 0.109842 0.109796 0.987866 -1.958150 0.000000 0.000000 0.000000 1.000000
0.994001 -0.000129 -0.109373 0.128496 -0.011845 0.993990 -0.108824 103.932755 0.108729 0.109467 0.988026 -1.885685 0.000000 0.000000 0.000000 1.000000
0.994102 -0.000231 -0.108449 0.086778 -0.011614 0.994020 -0.108575 103.931099 0.107825 0.109194 0.988155 -1.810189 0.000000 0.000000 0.000000 1.000000
0.994168 -0.000645 -0.107842 0.046113 -0.011138 0.994020 -0.108627 103.929680 0.107267 0.109194 0.988216 -1.737445 0.000000 0.000000 0.000000 1.000000
0.994207 -0.001187 -0.107479 0.004366 -0.010576 0.994007 -0.108805 103.928223 0.106964 0.109311 0.988236 -1.670166 0.000000 0.000000 0.000000 1.000000
0.994233 -0.001537 -0.107231 -0.041069 -0.010198 0.994011 -0.108807 103.925911 0.106756 0.109273 0.988262 -1.604769 0.000000 0.000000 0.000000 1.000000
0.994262 -0.001749 -0.106962 -0.083901 -0.009961 0.994009 -0.108844 103.923248 0.106512 0.109285 0.988287 -1.540590 0.000000 0.000000 0.000000 1.000000
0.994298 -0.002426 -0.106613 -0.106429 -0.009335 0.993923 -0.109680 103.922287 0.106231 0.110050 0.988233 -1.487997 0.000000 0.000000 0.000000 1.000000
0.994297 -0.003895 -0.106571 -0.100901 -0.008048 0.993742 -0.111413 103.923599 0.106338 0.111635 0.988043 -1.454907 0.000000 0.000000 0.000000 1.000000
0.994182 -0.005481 -0.107570 -0.086145 -0.006731 0.993591 -0.112837 103.924149 0.107499 0.112905 0.987773 -1.432671 0.000000 0.000000 0.000000 1.000000
0.993935 -0.006459 -0.109781 -0.081731 -0.006037 0.993563 -0.113119 103.921394 0.109806 0.113096 0.987498 -1.412045 0.000000 0.000000 0.000000 1.000000
0.993615 -0.006964 -0.112609 -0.087098 -0.005807 0.993614 -0.112686 103.916435 0.112675 0.112621 0.987229 -1.393247 0.000000 0.000000 0.000000 1.000000
0.993291 -0.007611 -0.115395 -0.091626 -0.005423 0.993669 -0.112219 103.900497 0.115518 0.112091 0.986960 -1.376497 0.000000 0.000000 0.000000 1.000000
0.992991 -0.008750 -0.117870 -0.089713 -0.004544 0.993692 -0.112050 103.884659 0.118107 0.111800 0.986687 -1.361305 0.000000 0.000000 0.000000 1.000000
0.992736 -0.010118 -0.119885 -0.085058 -0.003445 0.993658 -0.112388 103.869102 0.120262 0.111984 0.986406 -1.349432 0.000000 0.000000 0.000000 1.000000
0.992574 -0.011295 -0.121117 -0.086705 -0.002532 0.993546 -0.113405 103.854355 0.121616 0.112869 0.986139 -1.338691 0.000000 0.000000 0.000000 1.000000
0.992543 -0.012374 -0.121266 -0.100208 -0.001684 0.993348 -0.115143 103.840866 0.121884 0.114488 0.985919 -1.320257 0.000000 0.000000 0.000000 1.000000
0.992658 -0.013771 -0.120165 -0.123920 -0.000442 0.993078 -0.117452 103.828812 0.120950 0.116643 0.985782 -1.284944 0.000000 0.000000 0.000000 1.000000
0.992955 -0.015416 -0.117482 -0.157905 0.001221 0.992779 -0.119952 103.817505 0.118483 0.118963 0.985804 -1.228954 0.000000 0.000000 0.000000 1.000000
0.993468 -0.016735 -0.112875 -0.209880 0.002820 0.992485 -0.122330 103.805954 0.114074 0.121213 0.986050 -1.154602 0.000000 0.000000 0.000000 1.000000
0.994169 -0.017422 -0.106418 -0.283852 0.004053 0.992202 -0.124575 103.794029 0.107759 0.123417 0.986487 -1.068220 0.000000 0.000000 0.000000 1.000000
0.994968 -0.017697 -0.098615 -0.369922 0.005087 0.991930 -0.126683 103.782059 0.100061 0.125544 0.987029 -0.975950 0.000000 0.000000 0.000000 1.000000
0.995763 -0.017813 -0.090219 -0.459643 0.006095 0.991687 -0.128532 103.770035 0.091759 0.127438 0.987593 -0.882004 0.000000 0.000000 0.000000 1.000000
0.996471 -0.017757 -0.082042 -0.557307 0.006952 0.991471 -0.130142 103.757980 0.083653 0.129113 0.988095 -0.790507 0.000000 0.000000 0.000000 1.000000
0.997064 -0.017566 -0.074535 -0.663023 0.007617 0.991257 -0.131727 103.746582 0.076198 0.130772 0.988480 -0.705049 0.000000 0.000000 0.000000 1.000000
0.997560 -0.017341 -0.067621 -0.768502 0.008188 0.991035 -0.133350 103.736259 0.069327 0.132471 0.988759 -0.626594 0.000000 0.000000 0.000000 1.000000
0.997994 -0.016988 -0.060982 -0.869253 0.008623 0.990821 -0.134903 103.726929 0.062714 0.134106 0.988981 -0.556506 0.000000 0.000000 0.000000 1.000000
0.998386 -0.016445 -0.054366 -0.964148 0.008887 0.990607 -0.136447 103.718842 0.056100 0.135744 0.989154 -0.497414 0.000000 0.000000 0.000000 1.000000
0.998739 -0.015807 -0.047642 -1.050782 0.009078 0.990353 -0.138273 103.713036 0.049368 0.137666 0.989248 -0.448662 0.000000 0.000000 0.000000 1.000000
0.999057 -0.015136 -0.040683 -1.126442 0.009274 0.990025 -0.140587 103.710297 0.042405 0.140077 0.989232 -0.403657 0.000000 0.000000 0.000000 1.000000
0.999338 -0.014364 -0.033440 -1.190339 0.009429 0.989631 -0.143322 103.710564 0.035152 0.142912 0.989111 -0.354026 0.000000 0.000000 0.000000 1.000000
0.999568 -0.013367 -0.026168 -1.242550 0.009400 0.989206 -0.146232 103.713432 0.027840 0.145923 0.988904 -0.295236 0.000000 0.000000 0.000000 1.000000
0.999740 -0.012093 -0.019356 -1.284698 0.009075 0.988789 -0.149046 103.718231 0.020941 0.148832 0.988641 -0.226645 0.000000 0.000000 0.000000 1.000000
0.999854 -0.010675 -0.013350 -1.320570 0.008529 0.988407 -0.151590 103.724327 0.014814 0.151454 0.988353 -0.149283 0.000000 0.000000 0.000000 1.000000
0.999922 -0.009365 -0.008273 -1.351952 0.007981 0.988060 -0.153862 103.731644 0.009615 0.153784 0.988058 -0.067344 0.000000 0.000000 0.000000 1.000000
0.999956 -0.008388 -0.004124 -1.376244 0.007643 0.987756 -0.155820 103.740028 0.005380 0.155781 0.987777 0.013728 0.000000 0.000000 0.000000 1.000000
0.999969 -0.007840 -0.000647 -1.387946 0.007640 0.987533 -0.157229 103.748726 0.001872 0.157219 0.987562 0.094317 0.000000 0.000000 0.000000 1.000000
0.999969 -0.007477 0.002634 -1.384666 0.007799 0.987421 -0.157922 103.756767 -0.001420 0.157937 0.987448 0.180544 0.000000 0.000000 0.000000 1.000000
0.999960 -0.006687 0.006003 -1.374288 0.007552 0.987380 -0.158191 103.763916 -0.004870 0.158230 0.987390 0.273282 0.000000 0.000000 0.000000 1.000000
0.999945 -0.004917 0.009296 -1.371281 0.006329 0.987329 -0.158563 103.770683 -0.008398 0.158613 0.987305 0.363456 0.000000 0.000000 0.000000 1.000000
0.999925 -0.002209 0.012079 -1.380641 0.004103 0.987247 -0.159145 103.777237 -0.011573 0.159183 0.987181 0.442488 0.000000 0.000000 0.000000 1.000000
0.999901 0.000871 0.014050 -1.391812 0.001385 0.987157 -0.159745 103.783638 -0.014009 0.159748 0.987058 0.508656 0.000000 0.000000 0.000000 1.000000
0.999877 0.003769 0.015206 -1.390303 -0.001283 0.987071 -0.160278 103.789925 -0.015614 0.160239 0.986955 0.563943 0.000000 0.000000 0.000000 1.000000
0.999856 0.006262 0.015750 -1.368507 -0.003648 0.986975 -0.160834 103.796196 -0.016552 0.160753 0.986856 0.610031 0.000000 0.000000 0.000000 1.000000
0.999837 0.008272 0.016020 -1.324243 -0.005576 0.986849 -0.161551 103.802536 -0.017146 0.161436 0.986734 0.645978 0.000000 0.000000 0.000000 1.000000
0.999821 0.009870 0.016128 -1.262339 -0.007122 0.986709 -0.162338 103.808342 -0.017516 0.162194 0.986603 0.668794 0.000000 0.000000 0.000000 1.000000
0.999811 0.011525 0.015673 -1.199023 -0.008821 0.986619 -0.162803 103.811897 -0.017340 0.162634 0.986534 0.677833 0.000000 0.000000 0.000000 1.000000
0.999804 0.013714 0.014303 -1.147507 -0.011204 0.986594 -0.162811 103.812149 -0.016344 0.162619 0.986554 0.674132 0.000000 0.000000 0.000000 1.000000
0.999790 0.016223 0.012504 -1.099274 -0.013970 0.986532 -0.162968 103.810959 -0.014979 0.162759 0.986552 0.654273 0.000000 0.000000 0.000000 1.000000
0.999768 0.018349 0.011253 -1.038419 -0.016258 0.986339 -0.163925 103.806625 -0.014107 0.163704 0.986409 0.614077 0.000000 0.000000 0.000000 1.000000
0.999743 0.019964 0.010759 -0.963422 -0.017909 0.986041 -0.165534 103.797050 -0.013914 0.165299 0.986145 0.555914 0.000000 0.000000 0.000000 1.000000
0.999714 0.021531 0.010384 -0.881057 -0.019492 0.985724 -0.167237 103.785583 -0.013836 0.166987 0.985862 0.485422 0.000000 0.000000 0.000000 1.000000
0.999682 0.023242 0.009800 -0.799075 -0.021257 0.985435 -0.168717 103.770798 -0.013579 0.168455 0.985616 0.407046 0.000000 0.000000 0.000000 1.000000
0.999642 0.025070 0.009354 -0.723043 -0.023117 0.985180 -0.169959 103.753548 -0.013476 0.169682 0.985407 0.326349 0.000000 0.000000 0.000000 1.000000
0.999595 0.026875 0.009345 -0.652048 -0.024882 0.984954 -0.171019 103.735802 -0.013801 0.170717 0.985223 0.248961 0.000000 0.000000 0.000000 1.000000
0.999544 0.028598 0.009656 -0.582443 -0.026515 0.984764 -0.171864 103.718094 -0.014424 0.171530 0.985073 0.174137 0.000000 0.000000 0.000000 1.000000
0.999487 0.030385 0.010080 -0.516695 -0.028193 0.984612 -0.172465 103.699371 -0.015165 0.172092 0.984964 0.094821 0.000000 0.000000 0.000000 1.000000
0.999419 0.032398 0.010540 -0.459946 -0.030090 0.984474 -0.172931 103.678741 -0.015979 0.172513 0.984878 0.006070 0.000000 0.000000 0.000000 1.000000
0.999339 0.034611 0.011124 -0.411719 -0.032159 0.984306 -0.173515 103.657288 -0.016955 0.173043 0.984768 -0.090306 0.000000 0.000000 0.000000 1.000000
0.999251 0.036821 0.011914 -0.364319 -0.034182 0.984073 -0.174450 103.636932 -0.018147 0.173912 0.984594 -0.191497 0.000000 0.000000 0.000000 1.000000
0.999160 0.038913 0.012872 -0.313382 -0.036050 0.983773 -0.175757 103.618286 -0.019503 0.175145 0.984349 -0.298547 0.000000 0.000000 0.000000 1.000000
0.999063 0.041008 0.013831 -0.262881 -0.037914 0.983445 -0.177199 103.599762 -0.020869 0.176508 0.984078 -0.412072 0.000000 0.000000 0.000000 1.000000
0.998956 0.043278 0.014594 -0.216926 -0.039982 0.983109 -0.178599 103.579254 -0.022077 0.177829 0.983814 -0.529047 0.000000 0.000000 0.000000 1.000000
0.998839 0.045707 0.015215 -0.175144 -0.042223 0.982709 -0.180279 103.557739 -0.023192 0.179427 0.983498 -0.648732 0.000000 0.000000 0.000000 1.000000
0.998715 0.048079 0.015994 -0.134338 -0.044359 0.982185 -0.182607 103.538521 -0.024489 0.181663 0.983056 -0.772132 0.000000 0.000000 0.000000 1.000000
0.998591 0.050263 0.017024 -0.091665 -0.046251 0.981608 -0.185219 103.522049 -0.026020 0.184171 0.982550 -0.895354 0.000000 0.000000 0.000000 1.000000
0.998465 0.052366 0.018017 -0.047633 -0.048075 0.981110 -0.187384 103.504669 -0.027490 0.186230 0.982121 -1.012541 0.000000 0.000000 0.000000 1.000000
0.998335 0.054501 0.018875 -0.003523 -0.049968 0.980724 -0.188904 103.484581 -0.028807 0.187646 0.981814 -1.122465 0.000000 0.000000 0.000000 1.000000
0.998197 0.056658 0.019832 0.041511 -0.051871 0.980394 -0.190100 103.463654 -0.030214 0.188728 0.981565 -1.226386 0.000000 0.000000 0.000000 1.000000
0.998046 0.058867 0.020929 0.089267 -0.053799 0.980080 -0.191178 103.443146 -0.031766 0.189678 0.981332 -1.322516 0.000000 0.000000 0.000000 1.000000
0.997887 0.061151 0.021933 0.140274 -0.055822 0.979799 -0.192036 103.422470 -0.033234 0.190406 0.981143 -1.407054 0.000000 0.000000 0.000000 1.000000
0.997733 0.063384 0.022629 0.193650 -0.057866 0.979594 -0.192477 103.401291 -0.034367 0.190731 0.981041 -1.477741 0.000000 0.000000 0.000000 1.000000
0.997597 0.065375 0.022935 0.248943 -0.059764 0.979489 -0.192433 103.380447 -0.035044 0.190600 0.981042 -1.535727 0.000000 0.000000 0.000000 1.000000
0.997488 0.067019 0.022944 0.306513 -0.061389 0.979458 -0.192076 103.361908 -0.035345 0.190185 0.981112 -1.584497 0.000000 0.000000 0.000000 1.000000
0.997401 0.068313 0.022891 0.365361 -0.062684 0.979451 -0.191696 103.347328 -0.035516 0.189763 0.981187 -1.626286 0.000000 0.000000 0.000000 1.000000
0.997330 0.069315 0.023002 0.423248 -0.063657 0.979441 -0.191422 103.336456 -0.035798 0.189446 0.981238 -1.661341 0.000000 0.000000 0.000000 1.000000
0.997270 0.070087 0.023256 0.479492 -0.064377 0.979450 -0.191137 103.327637 -0.036174 0.189118 0.981288 -1.691116 0.000000 0.000000 0.000000 1.000000
0.997223 0.070693 0.023429 0.534580 -0.064956 0.979498 -0.190697 103.319527 -0.036429 0.188645 0.981369 -1.719385 0.000000 0.000000 0.000000 1.000000
0.997186 0.071193 0.023495 0.587446 -0.065457 0.979577 -0.190116 103.311386 -0.036550 0.188043 0.981480 -1.749593 0.000000 0.000000 0.000000 1.000000
0.997155 0.071584 0.023627 0.636557 -0.065839 0.979673 -0.189491 103.303787 -0.036711 0.187396 0.981598 -1.783107 0.000000 0.000000 0.000000 1.000000
0.997129 0.071849 0.023889 0.681533 -0.066073 0.979773 -0.188888 103.298630 -0.036977 0.186767 0.981708 -1.818914 0.000000 0.000000 0.000000 1.000000
0.997117 0.071964 0.024048 0.721292 -0.066178 0.979876 -0.188316 103.294655 -0.037116 0.186182 0.981814 -1.855191 0.000000 0.000000 0.000000 1.000000
0.997121 0.071990 0.023803 0.755235 -0.066270 0.979975 -0.187768 103.291290 -0.036843 0.185650 0.981925 -1.892206 0.000000 0.000000 0.000000 1.000000
