<?xml version="1.0" encoding="utf-8"?>
<COLLADA xmlns="http://www.collada.org/2005/11/COLLADASchema" version="1.4.1">
  <asset>
    <contributor>
      <author>Mixamo</author>
      <authoring_tool>COLLADA Mixamo exporter</authoring_tool>
      <comments/>
    </contributor>
    <created>2024-03-29T14:15:05Z</created>
    <modified>2024-03-29T14:15:05Z</modified>
    <revision/>
    <title/>
    <unit meter="0.010000"/>
    <up_axis>Y_UP</up_axis>
  </asset>
  <library_animations>
    <animation id="mixamorig_Hips-anim" name="mixamorig_Hips">
      <source id="mixamorig_Hips-Matrix-animation-input">
        <float_array id="mixamorig_Hips-Matrix-animation-input-array" count="161">

0.000000 0.033333 0.066667 0.100000 0.133333 0.166667 0.200000 0.233333 0.266667 0.300000 0.333333 0.366667 0.400000 0.433333 0.466667 0.500000
0.533333 0.566667 0.600000 0.633333 0.666667 0.700000 0.733333 0.766667 0.800000 0.833333 0.866667 0.900000 0.933333 0.966667 1.000000 1.033333
1.066667 1.100000 1.133333 1.166667 1.200000 1.233333 1.266667 1.300000 1.333333 1.366667 1.400000 1.433333 1.466667 1.500000 1.533333 1.566667
1.600000 1.633333 1.666667 1.700000 1.733333 1.766667 1.800000 1.833333 1.866667 1.900000 1.933333 1.966667 2.000000 2.033333 2.066667 2.100000
2.133333 2.166667 2.200000 2.233333 2.266667 2.300000 2.333333 2.366667 2.400000 2.433333 2.466667 2.500000 2.533333 2.566667 2.600000 2.633333
2.666667 2.700000 2.733333 2.766667 2.800000 2.833333 2.866667 2.900000 2.933333 2.966667 3.000000 3.033333 3.066667 3.100000 3.133333 3.166667
3.200000 3.233333 3.266667 3.300000 3.333333 3.366667 3.400000 3.433333 3.466667 3.500000 3.533333 3.566667 3.600000 3.633333 3.666667 3.700000
3.733333 3.766667 3.800000 3.833333 3.866667 3.900000 3.933333 3.966667 4.000000 4.033333 4.066667 4.100000 4.133333 4.166667 4.200000 4.233333
4.266667 4.300000 4.333333 4.366667 4.400000 4.433333 4.466667 4.500000 4.533333 4.566667 4.600000 4.633333 4.666667 4.700000 4.733333 4.766667
4.800000 4.833333 4.866667 4.900000 4.933333 4.966667 5.000000 5.033333 5.066667 5.100000 5.133333 5.166667 5.200000 5.233333 5.266667 5.300000
5.333333</float_array>
        <technique_common>
          <accessor source="#mixamorig_Hips-Matrix-animation-input-array" count="161">
            <param name="TIME" type="float"/>
          </accessor>
        </technique_common>
      </source>
      <source id="mixamorig_Hips-Matrix-animation-output-transform">
        <float_array id="mixamorig_Hips-Matrix-animation-output-transform-array" count="2576">

0.996515 -0.069091 0.046738 -0.677805 0.068990 0.997610 0.003774 64.718826 -0.046887 -0.000536 0.998900 -0.940353 0.000000 0.000000 0.000000 1.000000
0.996515 -0.069091 0.046738 -0.677802 0.068990 0.997610 0.003774 64.718819 -0.046887 -0.000536 0.998900 -0.940359 0.000000 0.000000 0.000000 1.000000
0.996507 -0.069145 0.046821 -0.672443 0.069054 0.997607 0.003568 64.723701 -0.046955 -0.000323 0.998897 -0.934667 0.000000 0.000000 0.000000 1.000000
0.996493 -0.069166 0.047088 -0.670250 0.069068 0.997605 0.003693 64.724396 -0.047231 -0.000428 0.998884 -0.924281 0.000000 0.000000 0.000000 1.000000
0.996470 -0.069178 0.047567 -0.666705 0.069070 0.997604 0.003897 64.722839 -0.047722 -0.000598 0.998860 -0.913100 0.000000 0.000000 0.000000 1.000000
0.996444 -0.069209 0.048067 -0.662165 0.069098 0.997602 0.003980 64.722733 -0.048227 -0.000645 0.998836 -0.902225 0.000000 0.000000 0.000000 1.000000
0.996422 -0.069231 0.048480 -0.656412 0.069125 0.997601 0.003851 64.726120 -0.048631 -0.000487 0.998817 -0.892757 0.000000 0.000000 0.000000 1.000000
0.996411 -0.069187 0.048763 -0.650088 0.069095 0.997604 0.003570 64.732422 -0.048894 -0.000188 0.998804 -0.884718 0.000000 0.000000 0.000000 1.000000
0.996414 -0.069065 0.048871 -0.645112 0.068989 0.997612 0.003243 64.740631 -0.048979 0.000140 0.998800 -0.876221 0.000000 0.000000 0.000000 1.000000
0.996429 -0.068890 0.048819 -0.642558 0.068828 0.997624 0.002949 64.749527 -0.048907 0.000421 0.998803 -0.865656 0.000000 0.000000 0.000000 1.000000
0.996447 -0.068703 0.048712 -0.642012 0.068650 0.997637 0.002758 64.757278 -0.048786 0.000596 0.998809 -0.852826 0.000000 0.000000 0.000000 1.000000
0.996462 -0.068514 0.048676 -0.643076 0.068468 0.997650 0.002620 64.762383 -0.048742 0.000722 0.998811 -0.838738 0.000000 0.000000 0.000000 1.000000
0.996471 -0.068305 0.048792 -0.644944 0.068271 0.997664 0.002372 64.765457 -0.048840 0.000967 0.998806 -0.825254 0.000000 0.000000 0.000000 1.000000
0.996475 -0.068071 0.049024 -0.645639 0.068057 0.997680 0.001947 64.768829 -0.049042 0.001396 0.998796 -0.813194 0.000000 0.000000 0.000000 1.000000
0.996481 -0.067824 0.049241 -0.643619 0.067834 0.997696 0.001459 64.774261 -0.049227 0.001886 0.998786 -0.801383 0.000000 0.000000 0.000000 1.000000
0.996493 -0.067564 0.049370 -0.639383 0.067594 0.997712 0.001066 64.782242 -0.049329 0.002275 0.998780 -0.788798 0.000000 0.000000 0.000000 1.000000
0.996508 -0.067274 0.049449 -0.634701 0.067318 0.997731 0.000787 64.791580 -0.049390 0.002544 0.998776 -0.775918 0.000000 0.000000 0.000000 1.000000
0.996525 -0.066931 0.049581 -0.629518 0.066988 0.997754 0.000504 64.800392 -0.049504 0.002819 0.998770 -0.763868 0.000000 0.000000 0.000000 1.000000
0.996537 -0.066548 0.049852 -0.621683 0.066625 0.997778 0.000122 64.807983 -0.049750 0.003200 0.998757 -0.753777 0.000000 0.000000 0.000000 1.000000
0.996542 -0.066200 0.050209 -0.610798 0.066298 0.997800 -0.000303 64.814346 -0.050078 0.003631 0.998739 -0.745701 0.000000 0.000000 0.000000 1.000000
0.996545 -0.065963 0.050460 -0.600323 0.066077 0.997814 -0.000582 64.819107 -0.050311 0.003914 0.998726 -0.738057 0.000000 0.000000 0.000000 1.000000
0.996551 -0.065838 0.050503 -0.594178 0.065953 0.997823 -0.000606 64.821999 -0.050353 0.003935 0.998724 -0.729948 0.000000 0.000000 0.000000 1.000000
0.996559 -0.065710 0.050524 -0.592470 0.065819 0.997831 -0.000494 64.823112 -0.050382 0.003818 0.998723 -0.722602 0.000000 0.000000 0.000000 1.000000
0.996563 -0.065491 0.050729 -0.592489 0.065598 0.997846 -0.000441 64.822983 -0.050591 0.003768 0.998712 -0.718730 0.000000 0.000000 0.000000 1.000000
0.996565 -0.065265 0.050968 -0.592604 0.065374 0.997861 -0.000472 64.823318 -0.050828 0.003802 0.998700 -0.720126 0.000000 0.000000 0.000000 1.000000
0.996571 -0.065174 0.050975 -0.592734 0.065283 0.997867 -0.000471 64.826050 -0.050835 0.003797 0.998700 -0.724892 0.000000 0.000000 0.000000 1.000000
0.996577 -0.065230 0.050787 -0.592850 0.065333 0.997863 -0.000360 64.830582 -0.050655 0.003677 0.998709 -0.729328 0.000000 0.000000 0.000000 1.000000
0.996580 -0.065324 0.050602 -0.592605 0.065415 0.997858 -0.000138 64.833557 -0.050485 0.003448 0.998719 -0.732634 0.000000 0.000000 0.000000 1.000000
0.996585 -0.065348 0.050482 -0.592235 0.065425 0.997857 0.000117 64.831924 -0.050382 0.003186 0.998725 -0.736677 0.000000 0.000000 0.000000 1.000000
0.996593 -0.065325 0.050351 -0.592488 0.065391 0.997860 0.000348 64.826889 -0.050266 0.002946 0.998732 -0.742605 0.000000 0.000000 0.000000 1.000000
0.996603 -0.065343 0.050122 -0.593457 0.065397 0.997859 0.000550 64.822227 -0.050051 0.002730 0.998743 -0.750146 0.000000 0.000000 0.000000 1.000000
0.996611 -0.065438 0.049840 -0.594913 0.065483 0.997853 0.000732 64.819313 -0.049781 0.002534 0.998757 -0.758002 0.000000 0.000000 0.000000 1.000000
0.996609 -0.065618 0.049644 -0.597551 0.065653 0.997842 0.000943 64.817001 -0.049598 0.002319 0.998767 -0.764399 0.000000 0.000000 0.000000 1.000000
0.996596 -0.065861 0.049578 -0.602132 0.065882 0.997827 0.001209 64.814529 -0.049550 0.002061 0.998770 -0.769174 0.000000 0.000000 0.000000 1.000000
0.996581 -0.066113 0.049552 -0.608225 0.066121 0.997811 0.001466 64.811874 -0.049540 0.001816 0.998770 -0.774170 0.000000 0.000000 0.000000 1.000000
0.996570 -0.066358 0.049454 -0.614887 0.066358 0.997795 0.001656 64.809196 -0.049455 0.001631 0.998775 -0.780190 0.000000 0.000000 0.000000 1.000000
0.996563 -0.066603 0.049261 -0.620709 0.066596 0.997778 0.001780 64.806335 -0.049270 0.001506 0.998784 -0.785635 0.000000 0.000000 0.000000 1.000000
0.996558 -0.066827 0.049050 -0.623874 0.066814 0.997764 0.001901 64.803955 -0.049067 0.001383 0.998795 -0.788476 0.000000 0.000000 0.000000 1.000000
0.996555 -0.067002 0.048875 -0.624625 0.066980 0.997752 0.002094 64.802788 -0.048906 0.001186 0.998803 -0.788234 0.000000 0.000000 0.000000 1.000000
0.996554 -0.067121 0.048736 -0.624846 0.067087 0.997744 0.002341 64.802048 -0.048783 0.000937 0.998809 -0.786665 0.000000 0.000000 0.000000 1.000000
0.996553 -0.067211 0.048631 -0.625093 0.067166 0.997739 0.002574 64.799706 -0.048694 0.000701 0.998814 -0.786375 0.000000 0.000000 0.000000 1.000000
0.996548 -0.067334 0.048554 -0.624804 0.067278 0.997730 0.002793 64.795502 -0.048632 0.000483 0.998817 -0.789487 0.000000 0.000000 0.000000 1.000000
0.996539 -0.067547 0.048455 -0.624345 0.067480 0.997716 0.003028 64.793144 -0.048549 0.000252 0.998821 -0.796440 0.000000 0.000000 0.000000 1.000000
0.996528 -0.067837 0.048275 -0.625228 0.067760 0.997696 0.003232 64.795448 -0.048383 0.000050 0.998829 -0.804804 0.000000 0.000000 0.000000 1.000000
0.996519 -0.068111 0.048070 -0.628487 0.068029 0.997678 0.003359 64.799675 -0.048187 -0.000077 0.998838 -0.811681 0.000000 0.000000 0.000000 1.000000
0.996514 -0.068259 0.047969 -0.633436 0.068171 0.997668 0.003455 64.800705 -0.048093 -0.000173 0.998843 -0.816787 0.000000 0.000000 0.000000 1.000000
0.996513 -0.068276 0.047968 -0.638860 0.068184 0.997666 0.003564 64.797081 -0.048100 -0.000281 0.998843 -0.820629 0.000000 0.000000 0.000000 1.000000
0.996515 -0.068271 0.047935 -0.643179 0.068173 0.997667 0.003688 64.792648 -0.048075 -0.000407 0.998844 -0.821514 0.000000 0.000000 0.000000 1.000000
0.996516 -0.068327 0.047824 -0.644255 0.068223 0.997663 0.003800 64.791840 -0.047972 -0.000525 0.998849 -0.816576 0.000000 0.000000 0.000000 1.000000
0.996514 -0.068404 0.047759 -0.641436 0.068299 0.997658 0.003831 64.794662 -0.047909 -0.000556 0.998852 -0.807093 0.000000 0.000000 0.000000 1.000000
0.996509 -0.068445 0.047810 -0.638134 0.068342 0.997655 0.003782 64.797379 -0.047957 -0.000501 0.998849 -0.799173 0.000000 0.000000 0.000000 1.000000
0.996502 -0.068479 0.047903 -0.638484 0.068376 0.997652 0.003769 64.797455 -0.048049 -0.000480 0.998845 -0.796462 0.000000 0.000000 0.000000 1.000000
0.996495 -0.068509 0.048012 -0.641097 0.068402 0.997650 0.003867 64.796265 -0.048164 -0.000570 0.998839 -0.796824 0.000000 0.000000 0.000000 1.000000
0.996489 -0.068498 0.048147 -0.642195 0.068383 0.997651 0.004029 64.796066 -0.048310 -0.000722 0.998832 -0.798134 0.000000 0.000000 0.000000 1.000000
0.996487 -0.068458 0.048235 -0.641436 0.068336 0.997654 0.004179 64.796303 -0.048408 -0.000868 0.998827 -0.801525 0.000000 0.000000 0.000000 1.000000
0.996492 -0.068404 0.048223 -0.640405 0.068274 0.997657 0.004330 64.794540 -0.048407 -0.001022 0.998827 -0.807869 0.000000 0.000000 0.000000 1.000000
0.996501 -0.068308 0.048172 -0.639731 0.068167 0.997663 0.004555 64.789536 -0.048370 -0.001255 0.998829 -0.814501 0.000000 0.000000 0.000000 1.000000
0.996511 -0.068169 0.048150 -0.639140 0.068011 0.997672 0.004916 64.782539 -0.048373 -0.001624 0.998828 -0.818776 0.000000 0.000000 0.000000 1.000000
0.996516 -0.068063 0.048196 -0.638343 0.067881 0.997679 0.005414 64.774429 -0.048453 -0.002123 0.998823 -0.821829 0.000000 0.000000 0.000000 1.000000
0.996506 -0.068101 0.048351 -0.637178 0.067890 0.997675 0.006008 64.763489 -0.048648 -0.002704 0.998812 -0.826513 0.000000 0.000000 0.000000 1.000000
0.996476 -0.068355 0.048603 -0.636128 0.068108 0.997655 0.006720 64.748444 -0.048949 -0.003386 0.998796 -0.834065 0.000000 0.000000 0.000000 1.000000
0.996428 -0.068841 0.048902 -0.637666 0.068550 0.997619 0.007613 64.730736 -0.049309 -0.004234 0.998775 -0.843767 0.000000 0.000000 0.000000 1.000000
0.996365 -0.069506 0.049243 -0.644571 0.069159 0.997567 0.008726 64.711319 -0.049730 -0.005289 0.998749 -0.856057 0.000000 0.000000 0.000000 1.000000
0.996295 -0.070241 0.049615 -0.657358 0.069827 0.997509 0.010027 64.687096 -0.050196 -0.006525 0.998718 -0.874436 0.000000 0.000000 0.000000 1.000000
0.996230 -0.070938 0.049929 -0.674616 0.070455 0.997450 0.011381 64.655151 -0.050609 -0.007820 0.998688 -0.902285 0.000000 0.000000 0.000000 1.000000
0.996180 -0.071548 0.050068 -0.695104 0.071000 0.997396 0.012649 64.619827 -0.050843 -0.009046 0.998666 -0.937346 0.000000 0.000000 0.000000 1.000000
0.996143 -0.072093 0.050012 -0.718434 0.071488 0.997346 0.013789 64.589096 -0.050873 -0.010161 0.998653 -0.971423 0.000000 0.000000 0.000000 1.000000
0.996111 -0.072610 0.049914 -0.742599 0.071951 0.997297 0.014884 64.563629 -0.050860 -0.011235 0.998643 -0.997493 0.000000 0.000000 0.000000 1.000000
0.996071 -0.073090 0.050003 -0.764178 0.072374 0.997249 0.015987 64.537666 -0.051034 -0.012305 0.998621 -1.014314 0.000000 0.000000 0.000000 1.000000
0.996024 -0.073508 0.050325 -0.782151 0.072736 0.997206 0.017003 64.507034 -0.051434 -0.013275 0.998588 -1.023863 0.000000 0.000000 0.000000 1.000000
0.995971 -0.073905 0.050793 -0.798211 0.073084 0.997166 0.017834 64.469604 -0.051967 -0.014050 0.998550 -1.031352 0.000000 0.000000 0.000000 1.000000
0.995908 -0.074280 0.051478 -0.813477 0.073413 0.997129 0.018534 64.424850 -0.052707 -0.014679 0.998502 -1.043468 0.000000 0.000000 0.000000 1.000000
0.995847 -0.074422 0.052436 -0.828388 0.073507 0.997111 0.019161 64.376770 -0.053710 -0.015227 0.998440 -1.061728 0.000000 0.000000 0.000000 1.000000
0.995815 -0.074153 0.053415 -0.841926 0.073198 0.997124 0.019626 64.331535 -0.054716 -0.015634 0.998380 -1.082519 0.000000 0.000000 0.000000 1.000000
0.995810 -0.073694 0.054151 -0.851097 0.072718 0.997156 0.019774 64.293358 -0.055454 -0.015754 0.998337 -1.102049 0.000000 0.000000 0.000000 1.000000
0.995791 -0.073387 0.054910 -0.853978 0.072408 0.997182 0.019612 64.260132 -0.056195 -0.015553 0.998299 -1.119736 0.000000 0.000000 0.000000 1.000000
0.995736 -0.073202 0.056144 -0.853446 0.072225 0.997203 0.019242 64.224106 -0.057395 -0.015105 0.998237 -1.137001 0.000000 0.000000 0.000000 1.000000
0.995665 -0.072820 0.057873 -0.855870 0.071849 0.997241 0.018674 64.178802 -0.059073 -0.014435 0.998149 -1.154337 0.000000 0.000000 0.000000 1.000000
0.995600 -0.072098 0.059847 -0.865656 0.071153 0.997307 0.017789 64.125389 -0.060968 -0.013452 0.998049 -1.171641 0.000000 0.000000 0.000000 1.000000
0.995540 -0.071228 0.061860 -0.883987 0.070331 0.997386 0.016550 64.069199 -0.062877 -0.012126 0.997948 -1.190329 0.000000 0.000000 0.000000 1.000000
0.995475 -0.070382 0.063848 -0.911727 0.069567 0.997466 0.014899 64.012260 -0.064735 -0.010389 0.997848 -1.214669 0.000000 0.000000 0.000000 1.000000
0.995383 -0.069496 0.066197 -0.946204 0.068828 0.997553 0.012314 63.951118 -0.066891 -0.007701 0.997731 -1.248199 0.000000 0.000000 0.000000 1.000000
0.995237 -0.068441 0.069422 -0.978102 0.068029 0.997649 0.008272 63.882202 -0.069825 -0.003510 0.997553 -1.287201 0.000000 0.000000 0.000000 1.000000
0.995045 -0.067170 0.073307 -1.000772 0.067130 0.997740 0.003018 63.812424 -0.073344 0.001918 0.997305 -1.315576 0.000000 0.000000 0.000000 1.000000
0.994865 -0.065636 0.077039 -1.016851 0.066070 0.997810 -0.003096 63.759300 -0.076667 0.008170 0.997023 -1.307474 0.000000 0.000000 0.000000 1.000000
0.994736 -0.063883 0.080117 -1.030865 0.064874 0.997845 -0.009829 63.734604 -0.079316 0.014975 0.996737 -1.250123 0.000000 0.000000 0.000000 1.000000
0.994640 -0.062063 0.082707 -1.041111 0.063696 0.997820 -0.017262 63.733536 -0.081456 0.022438 0.996424 -1.148880 0.000000 0.000000 0.000000 1.000000
0.994535 -0.060166 0.085326 -1.043417 0.062542 0.997718 -0.025449 63.743786 -0.083600 0.030647 0.996028 -1.023690 0.000000 0.000000 0.000000 1.000000
0.994415 -0.057822 0.088287 -1.038469 0.061052 0.997544 -0.034341 63.760056 -0.086084 0.039539 0.995503 -0.896289 0.000000 0.000000 0.000000 1.000000
0.994312 -0.054689 0.091391 -1.031989 0.058889 0.997299 -0.043902 63.784645 -0.088743 0.049034 0.994847 -0.777278 0.000000 0.000000 0.000000 1.000000
0.994254 -0.050811 0.094218 -1.025218 0.056067 0.996965 -0.054006 63.817818 -0.091188 0.058978 0.994086 -0.663456 0.000000 0.000000 0.000000 1.000000
0.994244 -0.046390 0.096571 -1.010052 0.052750 0.996530 -0.064391 63.852249 -0.093248 0.069114 0.993241 -0.544858 0.000000 0.000000 0.000000 1.000000
0.994268 -0.041493 0.098536 -0.980582 0.048991 0.995984 -0.074936 63.879536 -0.095030 0.079334 0.992308 -0.413419 0.000000 0.000000 0.000000 1.000000
0.994314 -0.036152 0.100165 -0.938749 0.044817 0.995316 -0.085658 63.895611 -0.096599 0.089661 0.991277 -0.267341 0.000000 0.000000 0.000000 1.000000
0.994375 -0.030525 0.101421 -0.887167 0.040361 0.994524 -0.096396 63.899834 -0.097923 0.099948 0.990162 -0.110235 0.000000 0.000000 0.000000 1.000000
0.994425 -0.024778 0.102497 -0.829236 0.035781 0.993620 -0.106952 63.899101 -0.099193 0.110023 0.988967 0.052802 0.000000 0.000000 0.000000 1.000000
0.994443 -0.018832 0.103575 -0.771294 0.031019 0.992607 -0.117340 63.906998 -0.100600 0.119901 0.987676 0.220285 0.000000 0.000000 0.000000 1.000000
0.994448 -0.012600 0.104473 -0.715050 0.025961 0.991494 -0.127535 63.932411 -0.101978 0.129539 0.986316 0.394007 0.000000 0.000000 0.000000 1.000000
0.994436 -0.006368 0.105152 -0.654445 0.020870 0.990295 -0.137403 63.977814 -0.103257 0.138833 0.984918 0.573641 0.000000 0.000000 0.000000 1.000000
0.994358 -0.000527 0.106079 -0.584980 0.016177 0.989044 -0.146730 64.043747 -0.104839 0.147618 0.983472 0.754801 0.000000 0.000000 0.000000 1.000000
0.994176 0.004757 0.107661 -0.510581 0.012049 0.987855 -0.154911 64.125244 -0.107090 0.155306 0.982045 0.927969 0.000000 0.000000 0.000000 1.000000
0.993928 0.009525 0.109617 -0.437931 0.008353 0.986839 -0.161492 64.205078 -0.109712 0.161427 0.980767 1.081782 0.000000 0.000000 0.000000 1.000000
0.993700 0.013863 0.111215 -0.370175 0.004926 0.985959 -0.166914 64.264000 -0.111968 0.166410 0.979679 1.210696 0.000000 0.000000 0.000000 1.000000
0.993566 0.017674 0.111868 -0.308396 0.001826 0.985120 -0.171856 64.298714 -0.113241 0.170955 0.978750 1.317205 0.000000 0.000000 0.000000 1.000000
0.993569 0.020701 0.111324 -0.255923 -0.000759 0.984342 -0.176268 64.323914 -0.113230 0.175049 0.978027 1.406633 0.000000 0.000000 0.000000 1.000000
0.993708 0.022869 0.109640 -0.218723 -0.002824 0.983735 -0.179602 64.356735 -0.111964 0.178163 0.977610 1.481235 0.000000 0.000000 0.000000 1.000000
0.993907 0.024064 0.107560 -0.207810 -0.004421 0.983793 -0.179253 64.401901 -0.110130 0.177685 0.977906 1.498138 0.000000 0.000000 0.000000 1.000000
0.994124 0.024998 0.105326 -0.220659 -0.005840 0.983939 -0.178407 64.442215 -0.108094 0.176744 0.978303 1.497615 0.000000 0.000000 0.000000 1.000000
0.994307 0.025630 0.103421 -0.253240 -0.006905 0.984098 -0.177490 64.463943 -0.106326 0.175765 0.978673 1.483672 0.000000 0.000000 0.000000 1.000000
0.994430 0.025768 0.102205 -0.295917 -0.007344 0.984240 -0.176687 64.464935 -0.105147 0.174952 0.978946 1.464170 0.000000 0.000000 0.000000 1.000000
0.994503 0.025282 0.101607 -0.338774 -0.007034 0.984351 -0.176081 64.454933 -0.104468 0.174398 0.979118 1.443593 0.000000 0.000000 0.000000 1.000000
0.994568 0.024198 0.101235 -0.374842 -0.006052 0.984401 -0.175835 64.445000 -0.103910 0.174267 0.979201 1.425288 0.000000 0.000000 0.000000 1.000000
0.994651 0.022721 0.100759 -0.401258 -0.004658 0.984380 -0.175995 64.439056 -0.103184 0.174584 0.979221 1.415332 0.000000 0.000000 0.000000 1.000000
0.994761 0.021096 0.100026 -0.420121 -0.003144 0.984325 -0.176335 64.434662 -0.102179 0.175097 0.979235 1.418202 0.000000 0.000000 0.000000 1.000000
0.994900 0.019496 0.098968 -0.435883 -0.001711 0.984266 -0.176686 64.428833 -0.100855 0.175616 0.979279 1.433071 0.000000 0.000000 0.000000 1.000000
0.995057 0.018074 0.097651 -0.450447 -0.000487 0.984175 -0.177198 64.420120 -0.099308 0.176275 0.979319 1.456335 0.000000 0.000000 0.000000 1.000000
0.995205 0.016885 0.096338 -0.463149 0.000545 0.984014 -0.178090 64.407623 -0.097805 0.177288 0.979287 1.485875 0.000000 0.000000 0.000000 1.000000
0.995325 0.015814 0.095284 -0.474699 0.001537 0.983787 -0.179334 64.392960 -0.096575 0.178642 0.979163 1.519282 0.000000 0.000000 0.000000 1.000000
0.995418 0.014774 0.094475 -0.488026 0.002552 0.983535 -0.180699 64.380501 -0.095589 0.180113 0.978990 1.550548 0.000000 0.000000 0.000000 1.000000
0.995500 0.013834 0.093746 -0.504588 0.003468 0.983304 -0.181937 64.372391 -0.094697 0.181443 0.978831 1.573239 0.000000 0.000000 0.000000 1.000000
0.995574 0.013072 0.093069 -0.522302 0.004195 0.983112 -0.182956 64.366837 -0.093889 0.182537 0.978706 1.586966 0.000000 0.000000 0.000000 1.000000
0.995630 0.012390 0.092564 -0.538103 0.004862 0.982939 -0.183866 64.361885 -0.093262 0.183512 0.978583 1.596095 0.000000 0.000000 0.000000 1.000000
0.995661 0.011650 0.092326 -0.550657 0.005637 0.982759 -0.184805 64.357224 -0.092887 0.184523 0.978429 1.603472 0.000000 0.000000 0.000000 1.000000
0.995670 0.010890 0.092316 -0.559452 0.006479 0.982569 -0.185784 64.351967 -0.092730 0.185578 0.978244 1.609268 0.000000 0.000000 0.000000 1.000000
0.995668 0.010245 0.092409 -0.563418 0.007221 0.982388 -0.186714 64.344002 -0.092694 0.186572 0.978059 1.613724 0.000000 0.000000 0.000000 1.000000
0.995660 0.009792 0.092548 -0.562298 0.007767 0.982236 -0.187488 64.333344 -0.092740 0.187393 0.977897 1.617843 0.000000 0.000000 0.000000 1.000000
0.995646 0.009489 0.092734 -0.557177 0.008155 0.982125 -0.188055 64.323128 -0.092861 0.187993 0.977771 1.621922 0.000000 0.000000 0.000000 1.000000
0.995630 0.009251 0.092922 -0.548841 0.008470 0.982033 -0.188520 64.316574 -0.092997 0.188484 0.977663 1.625385 0.000000 0.000000 0.000000 1.000000
0.995619 0.009087 0.093062 -0.537955 0.008709 0.981927 -0.189061 64.314430 -0.093098 0.189044 0.977546 1.627584 0.000000 0.000000 0.000000 1.000000
0.995605 0.009095 0.093207 -0.526988 0.008794 0.981796 -0.189736 64.314751 -0.093236 0.189722 0.977401 1.629151 0.000000 0.000000 0.000000 1.000000
0.995583 0.009341 0.093425 -0.519115 0.008664 0.981655 -0.190471 64.315849 -0.093490 0.190439 0.977237 1.632788 0.000000 0.000000 0.000000 1.000000
0.995556 0.009762 0.093659 -0.515770 0.008360 0.981522 -0.191168 64.317635 -0.093795 0.191101 0.977079 1.640745 0.000000 0.000000 0.000000 1.000000
0.995542 0.010219 0.093761 -0.515345 0.007987 0.981409 -0.191763 64.320480 -0.093978 0.191657 0.976952 1.652347 0.000000 0.000000 0.000000 1.000000
0.995548 0.010584 0.093662 -0.515222 0.007652 0.981320 -0.192230 64.323586 -0.093947 0.192091 0.976870 1.665252 0.000000 0.000000 0.000000 1.000000
0.995566 0.010824 0.093437 -0.514189 0.007409 0.981247 -0.192613 64.325577 -0.093770 0.192452 0.976816 1.676834 0.000000 0.000000 0.000000 1.000000
0.995591 0.010981 0.093158 -0.512305 0.007235 0.981177 -0.192975 64.326408 -0.093524 0.192798 0.976771 1.684814 0.000000 0.000000 0.000000 1.000000
0.995614 0.011106 0.092897 -0.509970 0.007093 0.981113 -0.193306 64.326553 -0.093289 0.193117 0.976731 1.687726 0.000000 0.000000 0.000000 1.000000
0.995623 0.011237 0.092780 -0.507694 0.006963 0.981068 -0.193541 64.325272 -0.093198 0.193340 0.976695 1.685096 0.000000 0.000000 0.000000 1.000000
0.995616 0.011424 0.092830 -0.505369 0.006800 0.981044 -0.193667 64.322464 -0.093282 0.193450 0.976666 1.677150 0.000000 0.000000 0.000000 1.000000
0.995611 0.011728 0.092849 -0.502075 0.006514 0.981027 -0.193763 64.322098 -0.093360 0.193517 0.976645 1.663687 0.000000 0.000000 0.000000 1.000000
0.995621 0.012153 0.092692 -0.495756 0.006080 0.980998 -0.193921 64.328232 -0.093288 0.193635 0.976628 1.643337 0.000000 0.000000 0.000000 1.000000
0.995637 0.012548 0.092468 -0.483723 0.005665 0.980962 -0.194116 64.339363 -0.093144 0.193793 0.976611 1.615437 0.000000 0.000000 0.000000 1.000000
0.995647 0.012735 0.092331 -0.465221 0.005455 0.980960 -0.194135 64.349792 -0.093045 0.193793 0.976620 1.581990 0.000000 0.000000 0.000000 1.000000
0.995656 0.012739 0.092228 -0.443253 0.005396 0.981035 -0.193753 64.354408 -0.092947 0.193409 0.976706 1.547636 0.000000 0.000000 0.000000 1.000000
0.995680 0.012725 0.091975 -0.423187 0.005286 0.981190 -0.192974 64.351868 -0.092701 0.192627 0.976884 1.515532 0.000000 0.000000 0.000000 1.000000
0.995713 0.012794 0.091605 -0.409464 0.005054 0.981381 -0.192005 64.345726 -0.092356 0.191645 0.977109 1.483293 0.000000 0.000000 0.000000 1.000000
0.995728 0.012925 0.091423 -0.403188 0.004799 0.981570 -0.191042 64.341492 -0.092208 0.190665 0.977315 1.447448 0.000000 0.000000 0.000000 1.000000
0.995716 0.013039 0.091540 -0.402631 0.004623 0.981749 -0.190127 64.341522 -0.092349 0.189735 0.977483 1.411465 0.000000 0.000000 0.000000 1.000000
0.995700 0.013065 0.091715 -0.405797 0.004547 0.981920 -0.189240 64.344521 -0.092529 0.188843 0.977638 1.382979 0.000000 0.000000 0.000000 1.000000
0.995699 0.012980 0.091739 -0.411367 0.004561 0.982072 -0.188452 64.348732 -0.092540 0.188060 0.977788 1.363228 0.000000 0.000000 0.000000 1.000000
0.995710 0.012857 0.091626 -0.417460 0.004602 0.982190 -0.187834 64.352051 -0.092409 0.187450 0.977918 1.346356 0.000000 0.000000 0.000000 1.000000
0.995725 0.012816 0.091469 -0.422219 0.004562 0.982293 -0.187295 64.351181 -0.092250 0.186912 0.978036 1.329743 0.000000 0.000000 0.000000 1.000000
0.995740 0.012878 0.091305 -0.425013 0.004414 0.982408 -0.186695 64.344833 -0.092103 0.186303 0.978166 1.316587 0.000000 0.000000 0.000000 1.000000
0.995756 0.012927 0.091116 -0.426272 0.004274 0.982522 -0.186099 64.335983 -0.091930 0.185698 0.978297 1.307965 0.000000 0.000000 0.000000 1.000000
0.995782 0.012855 0.090845 -0.427382 0.004258 0.982595 -0.185714 64.329300 -0.091651 0.185318 0.978395 1.302181 0.000000 0.000000 0.000000 1.000000
0.995822 0.012690 0.090431 -0.430036 0.004334 0.982613 -0.185616 64.326996 -0.091214 0.185232 0.978452 1.300438 0.000000 0.000000 0.000000 1.000000
0.995868 0.012559 0.089939 -0.434165 0.004380 0.982597 -0.185697 64.327995 -0.090706 0.185324 0.978482 1.304941 0.000000 0.000000 0.000000 1.000000
0.995902 0.012524 0.089573 -0.437730 0.004356 0.982576 -0.185813 64.329102 -0.090339 0.185441 0.978494 1.313729 0.000000 0.000000 0.000000 1.000000
0.995912 0.012534 0.089457 -0.438995 0.004332 0.982559 -0.185900 64.328400 -0.090227 0.185527 0.978488 1.322780 0.000000 0.000000 0.000000 1.000000
0.995908 0.012519 0.089499 -0.437813 0.004361 0.982545 -0.185975 64.327896 -0.090265 0.185604 0.978470 1.329981 0.000000 0.000000 0.000000 1.000000
0.995907 0.012456 0.089524 -0.435028 0.004436 0.982530 -0.186054 64.330780 -0.090277 0.185690 0.978453 1.334303 0.000000 0.000000 0.000000 1.000000</float_array>
        <technique_common>
          <accessor source="#mixamorig_Hips-Matrix-animation-output-transform-array" count="161" stride="16">
            <param type="float4x4"/>
          </accessor>
        </technique_common>
      </source>
      <source id="mixamorig_Hips-Interpolations">
        <Name_array id="mixamorig_Hips-Interpolations-array" count="161">
 LINEAR LINEAR LINEAR LINEAR LINEAR LINEAR LINEAR LINEAR LINEAR LINEAR LINEAR
LINEAR LINEAR LINEAR LINEAR LINEAR LINEAR LINEAR LINEAR LINEAR LINEAR LINEAR LINEAR
LINEAR LINEAR LINEAR LINEAR LINEAR LINEAR LINEAR LINEAR LINEAR LINEAR LINEAR LINEAR
LINEAR LINEAR LINEAR LINEAR LINEAR LINEAR LINEAR LINEAR LINEAR LINEAR LINEAR LINEAR
LINEAR LINEAR LINEAR LINEAR LINEAR LINEAR LINEAR LINEAR LINEAR LINEAR LINEAR LINEAR
LINEAR LINEAR LINEAR LINEAR LINEAR LINEAR LINEAR LINEAR LINEAR LINEAR LINEAR LINEAR
LINEAR LINEAR LINEAR LINEAR LINEAR LINEAR LINEAR LINEAR LINEAR LINEAR LINEAR LINEAR
LINEAR LINEAR LINEAR LINEAR LINEAR LINEAR LINEAR LINEAR LINEAR LINEAR LINEAR LINEAR
LINEAR LINEAR LINEAR LINEAR LINEAR LINEAR LINEAR LINEAR LINEAR LINEAR LINEAR LINEAR
LINEAR LINEAR LINEAR LINEAR LINEAR LINEAR LINEAR LINEAR LINEAR LINEAR LINEAR LINEAR
LINEAR LINEAR LINEAR LINEAR LINEAR LINEAR LINEAR LINEAR LINEAR LINEAR LINEAR LINEAR
LINEAR LINEAR LINEAR LINEAR LINEAR LINEAR LINEAR LINEAR LINEAR LINEAR LINEAR LINEAR
LINEAR LINEAR LINEAR LINEAR LINEAR LINEAR LINEAR LINEAR LINEAR LINEAR LINEAR LINEAR
LINEAR LINEAR LINEAR LINEAR LINEAR LINEAR</Name_array>
        <technique_common>
          <accessor source="#mixamorig_Hips-Interpolations-array" count="161">
            <param type="name"/>
          </accessor>
        </technique_common>
      </source>
      <sampler id="mixamorig_Hips-Matrix-animation-transform">
        <input semantic="INPUT" source="#mixamorig_Hips-Matrix-animation-input"/>
        <input semantic="OUTPUT" source="#mixamorig_Hips-Matrix-animation-output-transform"/>
        <input semantic="INTERPOLATION" source="#mixamorig_Hips-Interpolations"/>
      </sampler>
      <channel source="#mixamorig_Hips-Matrix-animation-transform" target="mixamorig_Hips/matrix"/>
    </animation>
    <animation id="mixamorig_Spine-anim" name="mixamorig_Spine">
      <source id="mixamorig_Spine-Matrix-animation-input">
        <float_array id="mixamorig_Spine-Matrix-animation-input-array" count="161">

0.000000 0.033333 0.066667 0.100000 0.133333 0.166667 0.200000 0.233333 0.266667 0.300000 0.333333 0.366667 0.400000 0.433333 0.466667 0.500000
0.533333 0.566667 0.600000 0.633333 0.666667 0.700000 0.733333 0.766667 0.800000 0.833333 0.866667 0.900000 0.933333 0.966667 1.000000 1.033333
1.066667 1.100000 1.133333 1.166667 1.200000 1.233333 1.266667 1.300000 1.333333 1.366667 1.400000 1.433333 1.466667 1.500000 1.533333 1.566667
1.600000 1.633333 1.666667 1.700000 1.733333 1.766667 1.800000 1.833333 1.866667 1.900000 1.933333 1.966667 2.000000 2.033333 2.066667 2.100000
2.133333 2.166667 2.200000 2.233333 2.266667 2.300000 2.333333 2.366667 2.400000 2.433333 2.466667 2.500000 2.533333 2.566667 2.600000 2.633333
2.666667 2.700000 2.733333 2.766667 2.800000 2.833333 2.866667 2.900000 2.933333 2.966667 3.000000 3.033333 3.066667 3.100000 3.133333 3.166667
3.200000 3.233333 3.266667 3.300000 3.333333 3.366667 3.400000 3.433333 3.466667 3.500000 3.533333 3.566667 3.600000 3.633333 3.666667 3.700000
3.733333 3.766667 3.800000 3.833333 3.866667 3.900000 3.933333 3.966667 4.000000 4.033333 4.066667 4.100000 4.133333 4.166667 4.200000 4.233333
4.266667 4.300000 4.333333 4.366667 4.400000 4.433333 4.466667 4.500000 4.533333 4.566667 4.600000 4.633333 4.666667 4.700000 4.733333 4.766667
4.800000 4.833333 4.866667 4.900000 4.933333 4.966667 5.000000 5.033333 5.066667 5.100000 5.133333 5.166667 5.200000 5.233333 5.266667 5.300000
5.333333</float_array>
        <technique_common>
          <accessor source="#mixamorig_Spine-Matrix-animation-input-array" count="161">
            <param name="TIME" type="float"/>
          </accessor>
        </technique_common>
      </source>
      <source id="mixamorig_Spine-Matrix-animation-output-transform">
        <float_array id="mixamorig_Spine-Matrix-animation-output-transform-array" count="2576">

0.998541 -0.004633 -0.053801 0.000000 -0.002465 0.991364 -0.131119 7.244500 0.053944 0.131061 0.989906 0.633400 0.000000 0.000000 0.000000 1.000000
0.998541 -0.004651 -0.053799 -0.000000 -0.002446 0.991364 -0.131117 7.244500 0.053944 0.131057 0.989906 0.633400 0.000000 0.000000 0.000000 1.000000
0.998542 -0.004727 -0.053781 0.000000 -0.002353 0.991401 -0.130840 7.244500 0.053937 0.130775 0.989944 0.633400 0.000000 0.000000 0.000000 1.000000
0.998545 -0.004800 -0.053717 -0.000000 -0.002261 0.991430 -0.130622 7.244500 0.053884 0.130553 0.989976 0.633400 0.000000 0.000000 0.000000 1.000000
0.998547 -0.004937 -0.053654 0.000000 -0.002104 0.991461 -0.130385 7.244500 0.053839 0.130309 0.990011 0.633400 0.000000 0.000000 0.000000 1.000000
0.998551 -0.005078 -0.053574 0.000000 -0.001940 0.991495 -0.130129 7.244500 0.053779 0.130044 0.990049 0.633400 0.000000 0.000000 0.000000 1.000000
0.998554 -0.005204 -0.053510 0.000000 -0.001792 0.991530 -0.129869 7.244500 0.053733 0.129777 0.990086 0.633400 0.000000 0.000000 0.000000 1.000000
0.998554 -0.005346 -0.053491 -0.000000 -0.001635 0.991562 -0.129623 7.244500 0.053733 0.129523 0.990120 0.633400 0.000000 0.000000 0.000000 1.000000
0.998553 -0.005494 -0.053501 0.000000 -0.001476 0.991594 -0.129380 7.244500 0.053762 0.129271 0.990151 0.633400 0.000000 0.000000 0.000000 1.000000
0.998552 -0.005615 -0.053498 -0.000000 -0.001342 0.991628 -0.129120 7.244500 0.053775 0.129005 0.990185 0.633400 0.000000 0.000000 0.000000 1.000000
0.998553 -0.005706 -0.053465 0.000000 -0.001233 0.991663 -0.128854 7.244500 0.053755 0.128733 0.990221 0.633400 0.000000 0.000000 0.000000 1.000000
0.998556 -0.005794 -0.053407 -0.000000 -0.001123 0.991697 -0.128592 7.244500 0.053709 0.128466 0.990258 0.633400 0.000000 0.000000 0.000000 1.000000
0.998559 -0.005902 -0.053342 -0.000000 -0.000994 0.991731 -0.128329 7.244500 0.053658 0.128197 0.990296 0.633400 0.000000 0.000000 0.000000 1.000000
0.998561 -0.006029 -0.053289 -0.000000 -0.000845 0.991767 -0.128054 7.244500 0.053623 0.127914 0.990335 0.633400 0.000000 0.000000 0.000000 1.000000
0.998561 -0.006182 -0.053261 -0.000000 -0.000674 0.991805 -0.127762 7.244500 0.053615 0.127614 0.990374 0.633400 0.000000 0.000000 0.000000 1.000000
0.998561 -0.006360 -0.053257 0.000000 -0.000482 0.991842 -0.127469 7.244500 0.053634 0.127311 0.990412 0.633400 0.000000 0.000000 0.000000 1.000000
0.998559 -0.006534 -0.053270 -0.000000 -0.000295 0.991877 -0.127201 7.244500 0.053669 0.127033 0.990446 0.633400 0.000000 0.000000 0.000000 1.000000
0.998556 -0.006705 -0.053295 0.000000 -0.000116 0.991908 -0.126958 7.244500 0.053715 0.126781 0.990475 0.633400 0.000000 0.000000 0.000000 1.000000
0.998553 -0.006913 -0.053331 -0.000000 0.000098 0.991937 -0.126730 7.244500 0.053777 0.126541 0.990503 0.633400 0.000000 0.000000 0.000000 1.000000
0.998549 -0.007155 -0.053374 0.000000 0.000346 0.991965 -0.126509 7.244500 0.053851 0.126307 0.990528 0.633400 0.000000 0.000000 0.000000 1.000000
0.998546 -0.007371 -0.053400 0.000000 0.000569 0.991992 -0.126298 7.244500 0.053904 0.126084 0.990554 0.633400 0.000000 0.000000 0.000000 1.000000
0.998545 -0.007512 -0.053394 -0.000000 0.000720 0.992018 -0.126092 7.244500 0.053915 0.125870 0.990581 0.633400 0.000000 0.000000 0.000000 1.000000
0.998545 -0.007616 -0.053381 0.000000 0.000838 0.992046 -0.125875 7.244500 0.053915 0.125648 0.990609 0.633400 0.000000 0.000000 0.000000 1.000000
0.998543 -0.007752 -0.053393 -0.000000 0.000984 0.992075 -0.125643 7.244500 0.053944 0.125407 0.990638 0.633400 0.000000 0.000000 0.000000 1.000000
0.998541 -0.007909 -0.053420 0.000000 0.001148 0.992102 -0.125425 7.244500 0.053990 0.125181 0.990664 0.633400 0.000000 0.000000 0.000000 1.000000
0.998539 -0.008030 -0.053434 0.000000 0.001277 0.992126 -0.125239 7.244500 0.054019 0.124987 0.990687 0.633400 0.000000 0.000000 0.000000 1.000000
0.998538 -0.008112 -0.053444 0.000000 0.001367 0.992149 -0.125052 7.244500 0.054038 0.124796 0.990710 0.633400 0.000000 0.000000 0.000000 1.000000
0.998536 -0.008203 -0.053472 0.000000 0.001466 0.992176 -0.124840 7.244500 0.054078 0.124579 0.990735 0.633400 0.000000 0.000000 0.000000 1.000000
0.998532 -0.008335 -0.053512 -0.000000 0.001605 0.992204 -0.124611 7.244500 0.054134 0.124342 0.990762 0.633400 0.000000 0.000000 0.000000 1.000000
0.998529 -0.008485 -0.053543 0.000000 0.001762 0.992231 -0.124395 7.244500 0.054182 0.124118 0.990787 0.633400 0.000000 0.000000 0.000000 1.000000
0.998527 -0.008624 -0.053560 0.000000 0.001907 0.992254 -0.124210 7.244500 0.054216 0.123925 0.990809 0.633400 0.000000 0.000000 0.000000 1.000000
0.998525 -0.008750 -0.053582 0.000000 0.002039 0.992277 -0.124029 7.244500 0.054253 0.123736 0.990831 0.633400 0.000000 0.000000 0.000000 1.000000
0.998522 -0.008875 -0.053618 -0.000000 0.002170 0.992301 -0.123832 7.244500 0.054305 0.123532 0.990854 0.633400 0.000000 0.000000 0.000000 1.000000
0.998519 -0.009007 -0.053648 0.000000 0.002309 0.992325 -0.123636 7.244500 0.054350 0.123329 0.990876 0.633400 0.000000 0.000000 0.000000 1.000000
0.998518 -0.009142 -0.053651 -0.000000 0.002452 0.992347 -0.123456 7.244500 0.054369 0.123142 0.990899 0.633400 0.000000 0.000000 0.000000 1.000000
0.998517 -0.009262 -0.053648 0.000000 0.002580 0.992367 -0.123290 7.244500 0.054380 0.122969 0.990919 0.633400 0.000000 0.000000 0.000000 1.000000
0.998515 -0.009357 -0.053673 0.000000 0.002682 0.992389 -0.123112 7.244500 0.054417 0.122785 0.990940 0.633400 0.000000 0.000000 0.000000 1.000000
0.998511 -0.009469 -0.053731 0.000000 0.002797 0.992414 -0.122906 7.244500 0.054488 0.122572 0.990963 0.633400 0.000000 0.000000 0.000000 1.000000
0.998507 -0.009631 -0.053775 0.000000 0.002965 0.992441 -0.122683 7.244500 0.054550 0.122341 0.990988 0.633400 0.000000 0.000000 0.000000 1.000000
0.998505 -0.009825 -0.053763 -0.000000 0.003172 0.992469 -0.122459 7.244500 0.054561 0.122105 0.991016 0.633400 0.000000 0.000000 0.000000 1.000000
0.998506 -0.010006 -0.053723 0.000000 0.003369 0.992495 -0.122243 7.244500 0.054543 0.121879 0.991045 0.633400 0.000000 0.000000 0.000000 1.000000
0.998505 -0.010156 -0.053712 -0.000000 0.003530 0.992517 -0.122059 7.244500 0.054550 0.121686 0.991068 0.633400 0.000000 0.000000 0.000000 1.000000
0.998502 -0.010289 -0.053743 -0.000000 0.003665 0.992533 -0.121925 7.244500 0.054597 0.121545 0.991083 0.633400 0.000000 0.000000 0.000000 1.000000
0.998499 -0.010392 -0.053777 0.000000 0.003769 0.992546 -0.121814 7.244500 0.054642 0.121429 0.991095 0.633400 0.000000 0.000000 0.000000 1.000000
0.998498 -0.010451 -0.053789 -0.000000 0.003833 0.992561 -0.121688 7.244500 0.054660 0.121299 0.991110 0.633400 0.000000 0.000000 0.000000 1.000000
0.998497 -0.010499 -0.053790 0.000000 0.003888 0.992577 -0.121552 7.244500 0.054667 0.121160 0.991127 0.633400 0.000000 0.000000 0.000000 1.000000
0.998497 -0.010563 -0.053785 0.000000 0.003960 0.992593 -0.121426 7.244500 0.054669 0.121030 0.991142 0.633400 0.000000 0.000000 0.000000 1.000000
0.998496 -0.010648 -0.053772 0.000000 0.004053 0.992608 -0.121298 7.244500 0.054666 0.120898 0.991159 0.633400 0.000000 0.000000 0.000000 1.000000
0.998495 -0.010757 -0.053776 0.000000 0.004170 0.992628 -0.121129 7.244500 0.054683 0.120723 0.991179 0.633400 0.000000 0.000000 0.000000 1.000000
0.998492 -0.010890 -0.053814 0.000000 0.004310 0.992655 -0.120907 7.244500 0.054735 0.120492 0.991204 0.633400 0.000000 0.000000 0.000000 1.000000
0.998489 -0.011000 -0.053841 -0.000000 0.004427 0.992679 -0.120705 7.244500 0.054775 0.120284 0.991227 0.633400 0.000000 0.000000 0.000000 1.000000
0.998490 -0.011042 -0.053804 -0.000000 0.004480 0.992693 -0.120587 7.244500 0.054742 0.120164 0.991244 0.633400 0.000000 0.000000 0.000000 1.000000
0.998494 -0.011063 -0.053740 0.000000 0.004512 0.992700 -0.120524 7.244500 0.054681 0.120100 0.991255 0.633400 0.000000 0.000000 0.000000 1.000000
0.998495 -0.011109 -0.053712 0.000000 0.004564 0.992706 -0.120472 7.244500 0.054659 0.120046 0.991263 0.633400 0.000000 0.000000 0.000000 1.000000
0.998494 -0.011148 -0.053714 0.000000 0.004604 0.992710 -0.120436 7.244500 0.054665 0.120008 0.991267 0.633400 0.000000 0.000000 0.000000 1.000000
0.998495 -0.011150 -0.053703 -0.000000 0.004609 0.992712 -0.120427 7.244500 0.054655 0.119998 0.991269 0.633400 0.000000 0.000000 0.000000 1.000000
0.998497 -0.011128 -0.053669 0.000000 0.004591 0.992713 -0.120417 7.244500 0.054618 0.119989 0.991272 0.633400 0.000000 0.000000 0.000000 1.000000
0.998500 -0.011098 -0.053619 0.000000 0.004570 0.992717 -0.120380 7.244500 0.054565 0.119954 0.991279 0.633400 0.000000 0.000000 0.000000 1.000000
0.998504 -0.011051 -0.053548 0.000000 0.004534 0.992725 -0.120322 7.244500 0.054488 0.119899 0.991290 0.633400 0.000000 0.000000 0.000000 1.000000
0.998511 -0.010962 -0.053435 -0.000000 0.004463 0.992733 -0.120259 7.244500 0.054365 0.119842 0.991303 0.633400 0.000000 0.000000 0.000000 1.000000
0.998522 -0.010837 -0.053261 -0.000000 0.004363 0.992740 -0.120198 7.244500 0.054177 0.119788 0.991320 0.633400 0.000000 0.000000 0.000000 1.000000
0.998537 -0.010657 -0.053013 0.000000 0.004218 0.992748 -0.120136 7.244500 0.053909 0.119737 0.991341 0.633400 0.000000 0.000000 0.000000 1.000000
