<?xml version="1.0" encoding="utf-8"?>
<COLLADA xmlns="http://www.collada.org/2005/11/COLLADASchema" version="1.4.1">
  <asset>
    <contributor>
      <author>Mixamo</author>
      <authoring_tool>COLLADA Mixamo exporter</authoring_tool>
      <comments/>
    </contributor>
    <created>2024-05-15T12:28:28Z</created>
    <modified>2024-05-15T12:28:28Z</modified>
    <revision/>
    <title/>
    <unit meter="0.010000"/>
    <up_axis>Y_UP</up_axis>
  </asset>
  <library_animations>
    <animation id="Armature-anim" name="Armature">
      <source id="Armature-Matrix-animation-input">
        <float_array id="Armature-Matrix-animation-input-array" count="17">

0.000000 0.033333 0.066667 0.100000 0.133333 0.166667 0.200000 0.233333 0.266667 0.300000 0.333333 0.366667 0.400000 0.433333 0.466667 0.500000
0.533333</float_array>
        <technique_common>
          <accessor source="#Armature-Matrix-animation-input-array" count="17">
            <param name="TIME" type="float"/>
          </accessor>
        </technique_common>
      </source>
      <source id="Armature-Matrix-animation-output-transform">
        <float_array id="Armature-Matrix-animation-output-transform-array" count="272">

1.000000 0.000000 0.000000 0.000000 0.000000 1.000000 0.000000 0.000000 0.000000 0.000000 1.000000 0.000000 0.000000 0.000000 0.000000 1.000000
1.000000 0.000000 0.000000 0.000000 0.000000 1.000000 0.000000 0.000000 0.000000 0.000000 1.000000 0.000000 0.000000 0.000000 0.000000 1.000000
1.000000 0.000000 0.000000 0.000000 0.000000 1.000000 0.000000 0.000000 0.000000 0.000000 1.000000 0.000000 0.000000 0.000000 0.000000 1.000000
1.000000 0.000000 0.000000 0.000000 0.000000 1.000000 0.000000 0.000000 0.000000 0.000000 1.000000 0.000000 0.000000 0.000000 0.000000 1.000000
1.000000 0.000000 0.000000 0.000000 0.000000 1.000000 0.000000 0.000000 0.000000 0.000000 1.000000 0.000000 0.000000 0.000000 0.000000 1.000000
1.000000 0.000000 0.000000 0.000000 0.000000 1.000000 0.000000 0.000000 0.000000 0.000000 1.000000 0.000000 0.000000 0.000000 0.000000 1.000000
1.000000 0.000000 0.000000 0.000000 0.000000 1.000000 0.000000 0.000000 0.000000 0.000000 1.000000 0.000000 0.000000 0.000000 0.000000 1.000000
1.000000 0.000000 0.000000 0.000000 0.000000 1.000000 0.000000 0.000000 0.000000 0.000000 1.000000 0.000000 0.000000 0.000000 0.000000 1.000000
1.000000 0.000000 0.000000 0.000000 0.000000 1.000000 0.000000 0.000000 0.000000 0.000000 1.000000 0.000000 0.000000 0.000000 0.000000 1.000000
1.000000 0.000000 0.000000 0.000000 0.000000 1.000000 0.000000 0.000000 0.000000 0.000000 1.000000 0.000000 0.000000 0.000000 0.000000 1.000000
1.000000 0.000000 0.000000 0.000000 0.000000 1.000000 0.000000 0.000000 0.000000 0.000000 1.000000 0.000000 0.000000 0.000000 0.000000 1.000000
1.000000 0.000000 0.000000 0.000000 0.000000 1.000000 0.000000 0.000000 0.000000 0.000000 1.000000 0.000000 0.000000 0.000000 0.000000 1.000000
1.000000 0.000000 0.000000 0.000000 0.000000 1.000000 0.000000 0.000000 0.000000 0.000000 1.000000 0.000000 0.000000 0.000000 0.000000 1.000000
1.000000 0.000000 0.000000 0.000000 0.000000 1.000000 0.000000 0.000000 0.000000 0.000000 1.000000 0.000000 0.000000 0.000000 0.000000 1.000000
1.000000 0.000000 0.000000 0.000000 0.000000 1.000000 0.000000 0.000000 0.000000 0.000000 1.000000 0.000000 0.000000 0.000000 0.000000 1.000000
1.000000 0.000000 0.000000 0.000000 0.000000 1.000000 0.000000 0.000000 0.000000 0.000000 1.000000 0.000000 0.000000 0.000000 0.000000 1.000000
1.000000 0.000000 0.000000 0.000000 0.000000 1.000000 0.000000 0.000000 0.000000 0.000000 1.000000 0.000000 0.000000 0.000000 0.000000 1.000000</float_array>
        <technique_common>
          <accessor source="#Armature-Matrix-animation-output-transform-array" count="17" stride="16">
            <param type="float4x4"/>
          </accessor>
        </technique_common>
      </source>
      <source id="Armature-Interpolations">
        <Name_array id="Armature-Interpolations-array" count="17">
 LINEAR LINEAR LINEAR LINEAR LINEAR LINEAR LINEAR LINEAR LINEAR LINEAR LINEAR
LINEAR LINEAR LINEAR LINEAR LINEAR LINEAR</Name_array>
        <technique_common>
          <accessor source="#Armature-Interpolations-array" count="17">
            <param type="name"/>
          </accessor>
        </technique_common>
      </source>
      <sampler id="Armature-Matrix-animation-transform">
        <input semantic="INPUT" source="#Armature-Matrix-animation-input"/>
        <input semantic="OUTPUT" source="#Armature-Matrix-animation-output-transform"/>
        <input semantic="INTERPOLATION" source="#Armature-Interpolations"/>
      </sampler>
      <channel source="#Armature-Matrix-animation-transform" target="Armature/matrix"/>
    </animation>
    <animation id="mixamorig_Hips-anim" name="mixamorig_Hips">
      <source id="mixamorig_Hips-Matrix-animation-input">
        <float_array id="mixamorig_Hips-Matrix-animation-input-array" count="17">

0.000000 0.033333 0.066667 0.100000 0.133333 0.166667 0.200000 0.233333 0.266667 0.300000 0.333333 0.366667 0.400000 0.433333 0.466667 0.500000
0.533333</float_array>
        <technique_common>
          <accessor source="#mixamorig_Hips-Matrix-animation-input-array" count="17">
            <param name="TIME" type="float"/>
          </accessor>
        </technique_common>
      </source>
      <source id="mixamorig_Hips-Matrix-animation-output-transform">
        <float_array id="mixamorig_Hips-Matrix-animation-output-transform-array" count="272">

0.986003 0.032471 -0.163532 0.472159 -0.066142 0.976547 -0.204893 93.036667 0.153044 0.212842 0.965026 -1.785295 0.000000 0.000000 0.000000 1.000000
0.994867 -0.069153 -0.073878 -0.387437 0.052617 0.977120 -0.206076 93.649902 0.086439 0.201130 0.975743 -2.500809 0.000000 0.000000 0.000000 1.000000
0.987730 -0.156081 0.005334 -1.137471 0.153780 0.966076 -0.207482 93.997795 0.027231 0.205757 0.978224 -2.258491 0.000000 0.000000 0.000000 1.000000
0.987730 -0.155758 0.011350 -1.998818 0.154391 0.962945 -0.221134 93.604111 0.023514 0.220173 0.975177 -2.671292 0.000000 0.000000 0.000000 1.000000
0.996481 -0.078551 0.029242 -2.514917 0.082906 0.975018 -0.206072 93.989090 -0.012324 0.207771 0.978100 -2.880940 0.000000 0.000000 0.000000 1.000000
0.995930 -0.043975 0.078679 -2.936921 0.057130 0.983145 -0.173672 93.110069 -0.069716 0.177460 0.981656 -3.169792 0.000000 0.000000 0.000000 1.000000
0.993717 -0.047755 0.101225 -2.961019 0.065300 0.981896 -0.177811 90.974854 -0.090901 0.183303 0.978845 -3.940324 0.000000 0.000000 0.000000 1.000000
0.991257 -0.056494 0.119240 -2.972874 0.081054 0.973807 -0.212437 89.800331 -0.104115 0.220245 0.969872 -5.530740 0.000000 0.000000 0.000000 1.000000
0.991383 -0.036654 0.125766 -3.069547 0.065628 0.969858 -0.234668 89.843430 -0.113373 0.240900 0.963905 -6.235117 0.000000 0.000000 0.000000 1.000000
0.997965 0.011163 0.062775 -2.642855 0.003326 0.974100 -0.226093 91.472084 -0.063673 0.225842 0.972081 -5.114862 0.000000 0.000000 0.000000 1.000000
0.994097 0.105784 -0.024122 -1.747553 -0.108498 0.970221 -0.216562 92.550926 0.000495 0.217900 0.975971 -4.405466 0.000000 0.000000 0.000000 1.000000
0.990071 0.111709 -0.085326 -1.228483 -0.129037 0.963037 -0.236453 94.714119 0.055758 0.245115 0.967889 -3.475517 0.000000 0.000000 0.000000 1.000000
0.993472 0.057629 -0.098452 -0.820976 -0.078987 0.970179 -0.229159 95.952118 0.082310 0.235439 0.968397 -1.954501 0.000000 0.000000 0.000000 1.000000
0.992702 0.047438 -0.110873 -0.266492 -0.066998 0.981387 -0.179974 95.468643 0.100272 0.186089 0.977403 -1.165392 0.000000 0.000000 0.000000 1.000000
0.985137 0.069566 -0.157054 0.157016 -0.096804 0.980141 -0.173071 94.066872 0.141895 0.185702 0.972307 -1.103446 0.000000 0.000000 0.000000 1.000000
0.976787 0.075583 -0.200437 0.540624 -0.114599 0.974907 -0.190848 92.381371 0.180983 0.209388 0.960938 -1.528786 0.000000 0.000000 0.000000 1.000000
0.980359 0.043415 -0.192382 0.608685 -0.082791 0.975952 -0.201650 92.160583 0.179001 0.213617 0.960378 -1.885084 0.000000 0.000000 0.000000 1.000000</float_array>
        <technique_common>
          <accessor source="#mixamorig_Hips-Matrix-animation-output-transform-array" count="17" stride="16">
            <param type="float4x4"/>
          </accessor>
        </technique_common>
      </source>
      <source id="mixamorig_Hips-Interpolations">
        <Name_array id="mixamorig_Hips-Interpolations-array" count="17">
 LINEAR LINEAR LINEAR LINEAR LINEAR LINEAR LINEAR LINEAR LINEAR LINEAR LINEAR
LINEAR LINEAR LINEAR LINEAR LINEAR LINEAR</Name_array>
        <technique_common>
          <accessor source="#mixamorig_Hips-Interpolations-array" count="17">
            <param type="name"/>
          </accessor>
        </technique_common>
      </source>
      <sampler id="mixamorig_Hips-Matrix-animation-transform">
        <input semantic="INPUT" source="#mixamorig_Hips-Matrix-animation-input"/>
        <input semantic="OUTPUT" source="#mixamorig_Hips-Matrix-animation-output-transform"/>
        <input semantic="INTERPOLATION" source="#mixamorig_Hips-Interpolations"/>
      </sampler>
      <channel source="#mixamorig_Hips-Matrix-animation-transform" target="mixamorig_Hips/matrix"/>
    </animation>
    <animation id="mixamorig_Spine-anim" name="mixamorig_Spine">
      <source id="mixamorig_Spine-Matrix-animation-input">
        <float_array id="mixamorig_Spine-Matrix-animation-input-array" count="17">

0.000000 0.033333 0.066667 0.100000 0.133333 0.166667 0.200000 0.233333 0.266667 0.300000 0.333333 0.366667 0.400000 0.433333 0.466667 0.500000
0.533333</float_array>
        <technique_common>
          <accessor source="#mixamorig_Spine-Matrix-animation-input-array" count="17">
            <param name="TIME" type="float"/>
          </accessor>
        </technique_common>
      </source>
      <source id="mixamorig_Spine-Matrix-animation-output-transform">
        <float_array id="mixamorig_Spine-Matrix-animation-output-transform-array" count="272">

0.989764 -0.097539 0.104180 0.000000 0.109915 0.986604 -0.120542 12.246100 -0.091027 0.130759 0.987227 0.234600 0.000000 0.000000 0.000000 1.000000
0.997187 -0.005709 0.074743 -0.000000 0.015482 0.991282 -0.130843 12.246100 -0.073344 0.131632 0.988582 0.234600 0.000000 0.000000 0.000000 1.000000
0.992861 0.090468 0.077730 0.000000 -0.079064 0.987132 -0.138992 12.246100 -0.089305 0.131854 0.987238 0.234600 0.000000 0.000000 0.000000 1.000000
0.987122 0.125797 0.098820 -0.000000 -0.112508 0.985089 -0.130163 12.246100 -0.113720 0.117369 0.986556 0.234600 0.000000 0.000000 0.000000 1.000000
0.994729 0.078401 0.066086 0.000000 -0.070032 0.990225 -0.120626 12.246100 -0.074897 0.115362 0.990496 0.234600 0.000000 0.000000 0.000000 1.000000
0.998081 0.061832 -0.003327 -0.000000 -0.061738 0.989554 -0.130273 12.246100 -0.004763 0.130228 0.991473 0.234600 0.000000 0.000000 0.000000 1.000000
0.996254 0.073774 -0.045111 0.000000 -0.078680 0.989778 -0.118948 12.246100 0.035874 0.122052 0.991875 0.234600 0.000000 0.000000 0.000000 1.000000
0.993013 0.086033 -0.080769 0.000000 -0.094172 0.990208 -0.103054 12.246100 0.071112 0.109940 0.991391 0.234600 0.000000 0.000000 0.000000 1.000000
0.990199 0.070597 -0.120507 -0.000000 -0.082496 0.991881 -0.096785 12.246100 0.112695 0.105778 0.987983 0.234600 0.000000 0.000000 0.000000 1.000000
0.990680 0.016740 -0.135179 0.000000 -0.030870 0.994190 -0.103116 12.246100 0.132667 0.106328 0.985441 0.234600 0.000000 0.000000 0.000000 1.000000
0.985565 -0.101342 -0.135614 0.000000 0.084470 0.988571 -0.124866 12.246100 0.146719 0.111608 0.982862 0.234600 0.000000 0.000000 0.000000 1.000000
0.983238 -0.136387 -0.121006 0.000000 0.123682 0.986541 -0.106959 12.246100 0.133965 0.090200 0.986873 0.234600 0.000000 0.000000 0.000000 1.000000
0.989649 -0.108260 -0.094206 0.000000 0.099232 0.990446 -0.095762 12.246100 0.103673 0.085422 0.990936 0.234600 0.000000 0.000000 0.000000 1.000000
0.991744 -0.116788 -0.052951 -0.000000 0.109477 0.986149 -0.124596 12.246100 0.066769 0.117770 0.990794 0.234600 0.000000 0.000000 0.000000 1.000000
0.990280 -0.138678 0.010712 -0.000000 0.138965 0.983164 -0.118643 12.246100 0.005922 0.118979 0.992879 0.234600 0.000000 0.000000 0.000000 1.000000
0.988230 -0.137859 0.066310 0.000000 0.144512 0.983477 -0.109038 12.246100 -0.050182 0.117337 0.991823 0.234600 0.000000 0.000000 0.000000 1.000000
0.989787 -0.105781 0.095562 0.000000 0.116780 0.986126 -0.117971 12.246100 -0.081757 0.127925 0.988408 0.234600 0.000000 0.000000 0.000000 1.000000</float_array>
        <technique_common>
          <accessor source="#mixamorig_Spine-Matrix-animation-output-transform-array" count="17" stride="16">
            <param type="float4x4"/>
          </accessor>
        </technique_common>
      </source>
      <source id="mixamorig_Spine-Interpolations">
        <Name_array id="mixamorig_Spine-Interpolations-array" count="17">
 LINEAR LINEAR LINEAR LINEAR LINEAR LINEAR LINEAR LINEAR LINEAR LINEAR LINEAR
LINEAR LINEAR LINEAR LINEAR LINEAR LINEAR</Name_array>
        <technique_common>
          <accessor source="#mixamorig_Spine-Interpolations-array" count="17">
            <param type="name"/>
          </accessor>
        </technique_common>
      </source>
      <sampler id="mixamorig_Spine-Matrix-animation-transform">
        <input semantic="INPUT" source="#mixamorig_Spine-Matrix-animation-input"/>
        <input semantic="OUTPUT" source="#mixamorig_Spine-Matrix-animation-output-transform"/>
        <input semantic="INTERPOLATION" source="#mixamorig_Spine-Interpolations"/>
      </sampler>
      <channel source="#mixamorig_Spine-Matrix-animation-transform" target="mixamorig_Spine/matrix"/>
    </animation>
    <animation id="mixamorig_Spine1-anim" name="mixamorig_Spine1">
      <source id="mixamorig_Spine1-Matrix-animation-input">
        <float_array id="mixamorig_Spine1-Matrix-animation-input-array" count="17">

0.000000 0.033333 0.066667 0.100000 0.133333 0.166667 0.200000 0.233333 0.266667 0.300000 0.333333 0.366667 0.400000 0.433333 0.466667 0.500000
0.533333</float_array>
        <technique_common>
          <accessor source="#mixamorig_Spine1-Matrix-animation-input-array" count="17">
            <param name="TIME" type="float"/>
          </accessor>
        </technique_common>
      </source>
      <source id="mixamorig_Spine1-Matrix-animation-output-transform">
        <float_array id="mixamorig_Spine1-Matrix-animation-output-transform-array" count="272">

0.998994 -0.001028 0.044824 -0.000000 0.004484 0.997015 -0.077078 14.289700 -0.044611 0.077202 0.996017 0.000000 0.000000 0.000000 0.000000 1.000000
0.998979 0.020240 0.040391 -0.000000 -0.017106 0.996926 -0.076462 14.289700 -0.041814 0.075693 0.996254 0.000000 0.000000 0.000000 0.000000 1.000000
0.998245 0.038424 0.045059 0.000000 -0.035032 0.996659 -0.073785 14.289700 -0.047743 0.072077 0.996256 0.000000 0.000000 0.000000 0.000000 1.000000
0.998728 0.034548 0.036719 0.000000 -0.032074 0.997307 -0.065950 14.289700 -0.038899 0.064689 0.997147 0.000000 0.000000 0.000000 0.000000 1.000000
0.999535 0.022430 0.020671 0.000000 -0.021151 0.997966 -0.060136 14.289700 -0.021977 0.059671 0.997976 0.000000 0.000000 0.000000 0.000000 1.000000
0.999674 0.023820 0.009225 -0.000000 -0.023174 0.997633 -0.064740 14.289700 -0.010745 0.064505 0.997860 0.000000 0.000000 0.000000 0.000000 1.000000
0.999540 0.030318 -0.000913 0.000000 -0.030315 0.997554 -0.062983 14.289700 -0.000999 0.062982 0.998014 0.000000 0.000000 0.000000 0.000000 1.000000
0.999173 0.030863 -0.026479 0.000000 -0.032460 0.997538 -0.062163 14.289700 0.024496 0.062971 0.997715 0.000000 0.000000 0.000000 0.000000 1.000000
0.998652 0.020928 -0.047505 -0.000000 -0.023818 0.997847 -0.061104 14.289700 0.046124 0.062153 0.997000 0.000000 0.000000 0.000000 0.000000 1.000000
0.998619 0.003644 -0.052410 0.000000 -0.006740 0.998235 -0.059010 14.289700 0.052103 0.059282 0.996881 0.000000 0.000000 0.000000 0.000000 1.000000
0.998728 -0.013587 -0.048554 0.000000 0.010413 0.997829 -0.065031 14.289700 0.049333 0.064442 0.996701 0.000000 0.000000 0.000000 0.000000 1.000000
0.998944 -0.015087 -0.043396 0.000000 0.012592 0.998284 -0.057195 14.289700 0.044184 0.056588 0.997419 0.000000 0.000000 0.000000 0.000000 1.000000
0.999460 -0.007370 -0.032028 -0.000000 0.005763 0.998735 -0.049952 14.289700 0.032355 0.049740 0.998238 0.000000 0.000000 0.000000 0.000000 1.000000
0.999726 -0.004545 -0.022984 0.000000 0.003068 0.997952 -0.063900 14.289700 0.023227 0.063812 0.997692 0.000000 0.000000 0.000000 0.000000 1.000000
0.999940 -0.009161 -0.006027 0.000000 0.008730 0.997649 -0.067968 14.289700 0.006635 0.067911 0.997669 0.000000 0.000000 0.000000 0.000000 1.000000
0.999672 -0.013379 0.021848 -0.000000 0.014877 0.997442 -0.069916 14.289700 -0.020857 0.070218 0.997314 -0.000000 0.000000 0.000000 0.000000 1.000000
0.999164 -0.006647 0.040330 0.000000 0.009678 0.997103 -0.075443 14.289700 -0.039712 0.075771 0.996334 0.000000 0.000000 0.000000 0.000000 1.000000</float_array>
        <technique_common>
          <accessor source="#mixamorig_Spine1-Matrix-animation-output-transform-array" count="17" stride="16">
            <param type="float4x4"/>
          </accessor>
        </technique_common>
      </source>
      <source id="mixamorig_Spine1-Interpolations">
        <Name_array id="mixamorig_Spine1-Interpolations-array" count="17">
 LINEAR LINEAR LINEAR LINEAR LINEAR LINEAR LINEAR LINEAR LINEAR LINEAR LINEAR
LINEAR LINEAR LINEAR LINEAR LINEAR LINEAR</Name_array>
        <technique_common>
          <accessor source="#mixamorig_Spine1-Interpolations-array" count="17">
            <param type="name"/>
          </accessor>
        </technique_common>
      </source>
      <sampler id="mixamorig_Spine1-Matrix-animation-transform">
        <input semantic="INPUT" source="#mixamorig_Spine1-Matrix-animation-input"/>
        <input semantic="OUTPUT" source="#mixamorig_Spine1-Matrix-animation-output-transform"/>
        <input semantic="INTERPOLATION" source="#mixamorig_Spine1-Interpolations"/>
      </sampler>
      <channel source="#mixamorig_Spine1-Matrix-animation-transform" target="mixamorig_Spine1/matrix"/>
    </animation>
    <animation id="mixamorig_Spine2-anim" name="mixamorig_Spine2">
      <source id="mixamorig_Spine2-Matrix-animation-input">
        <float_array id="mixamorig_Spine2-Matrix-animation-input-array" count="17">

0.000000 0.033333 0.066667 0.100000 0.133333 0.166667 0.200000 0.233333 0.266667 0.300000 0.333333 0.366667 0.400000 0.433333 0.466667 0.500000
0.533333</float_array>
        <technique_common>
          <accessor source="#mixamorig_Spine2-Matrix-animation-input-array" count="17">
            <param name="TIME" type="float"/>
          </accessor>
        </technique_common>
      </source>
      <source id="mixamorig_Spine2-Matrix-animation-output-transform">
        <float_array id="mixamorig_Spine2-Matrix-animation-output-transform-array" count="272">

0.998986 -0.002502 0.044960 0.000000 0.005970 0.997001 -0.077157 16.330999 -0.044633 0.077347 0.996005 0.000000 0.000000 0.000000 0.000000 1.000000
0.998968 0.018283 0.041577 0.000000 -0.015060 0.996953 -0.076542 16.330999 -0.042850 0.075837 0.996199 0.000000 0.000000 0.000000 0.000000 1.000000
0.998255 0.036438 0.046472 -0.000000 -0.032940 0.996718 -0.073941 16.330999 -0.049014 0.072281 0.996179 -0.000000 0.000000 0.000000 0.000000 1.000000
0.998781 0.032314 0.037315 0.000000 -0.029785 0.997345 -0.066450 16.330999 -0.039363 0.065257 0.997092 0.000000 0.000000 0.000000 0.000000 1.000000
0.999570 0.020734 0.020725 0.000000 -0.019450 0.997990 -0.060320 16.330999 -0.021934 0.059891 0.997964 0.000000 0.000000 0.000000 0.000000 1.000000
0.999687 0.023307 0.009100 -0.000000 -0.022673 0.997661 -0.064487 16.330999 -0.010582 0.064260 0.997877 0.000000 0.000000 0.000000 0.000000 1.000000
0.999538 0.030384 -0.000585 0.000000 -0.030362 0.997586 -0.062452 16.330999 -0.001314 0.062441 0.998048 0.000000 0.000000 0.000000 0.000000 1.000000
0.999196 0.030910 -0.025532 0.000000 -0.032439 0.997559 -0.061833 16.330999 0.023558 0.062611 0.997760 -0.000000 0.000000 0.000000 0.000000 1.000000
0.998662 0.021709 -0.046946 0.000000 -0.024543 0.997856 -0.060672 16.330999 0.045528 0.061743 0.997053 0.000000 0.000000 0.000000 0.000000 1.000000
0.998609 0.004809 -0.052504 0.000000 -0.007884 0.998256 -0.058507 16.330999 0.052131 0.058839 0.996905 0.000000 0.000000 0.000000 0.000000 1.000000
0.998727 -0.011755 -0.049049 0.000000 0.008563 0.997863 -0.064782 16.330999 0.049706 0.064279 0.996693 0.000000 0.000000 0.000000 0.000000 1.000000
0.998935 -0.013488 -0.044125 -0.000000 0.010978 0.998334 -0.056641 16.330999 0.044816 0.056096 0.997419 0.000000 0.000000 0.000000 0.000000 1.000000
0.999461 -0.006544 -0.032183 0.000000 0.004954 0.998775 -0.049228 16.330999 0.032465 0.049042 0.998269 0.000000 0.000000 0.000000 0.000000 1.000000
0.999732 -0.004012 -0.022817 0.000000 0.002560 0.997991 -0.063303 16.330999 0.023025 0.063227 0.997734 0.000000 0.000000 0.000000 0.000000 1.000000
0.999942 -0.009044 -0.005771 0.000000 0.008633 0.997678 -0.067552 16.330999 0.006369 0.067498 0.997699 -0.000000 0.000000 0.000000 0.000000 1.000000
0.999668 -0.013845 0.021741 0.000000 0.015331 0.997446 -0.069757 16.330999 -0.020719 0.070068 0.997327 0.000000 0.000000 0.000000 0.000000 1.000000
0.999165 -0.007736 0.040114 0.000000 0.010753 0.997084 -0.075552 16.330999 -0.039413 0.075921 0.996335 0.000000 0.000000 0.000000 0.000000 1.000000</float_array>
        <technique_common>
          <accessor source="#mixamorig_Spine2-Matrix-animation-output-transform-array" count="17" stride="16">
            <param type="float4x4"/>
          </accessor>
        </technique_common>
      </source>
      <source id="mixamorig_Spine2-Interpolations">
        <Name_array id="mixamorig_Spine2-Interpolations-array" count="17">
 LINEAR LINEAR LINEAR LINEAR LINEAR LINEAR LINEAR LINEAR LINEAR LINEAR LINEAR
LINEAR LINEAR LINEAR LINEAR LINEAR LINEAR</Name_array>
        <technique_common>
          <accessor source="#mixamorig_Spine2-Interpolations-array" count="17">
            <param type="name"/>
          </accessor>
        </technique_common>
      </source>
      <sampler id="mixamorig_Spine2-Matrix-animation-transform">
        <input semantic="INPUT" source="#mixamorig_Spine2-Matrix-animation-input"/>
        <input semantic="OUTPUT" source="#mixamorig_Spine2-Matrix-animation-output-transform"/>
        <input semantic="INTERPOLATION" source="#mixamorig_Spine2-Interpolations"/>
      </sampler>
      <channel source="#mixamorig_Spine2-Matrix-animation-transform" target="mixamorig_Spine2/matrix"/>
    </animation>
    <animation id="mixamorig_Neck-anim" name="mixamorig_Neck">
      <source id="mixamorig_Neck-Matrix-animation-input">
        <float_array id="mixamorig_Neck-Matrix-animation-input-array" count="17">

0.000000 0.033333 0.066667 0.100000 0.133333 0.166667 0.200000 0.233333 0.266667 0.300000 0.333333 0.366667 0.400000 0.433333 0.466667 0.500000
0.533333</float_array>
        <technique_common>
          <accessor source="#mixamorig_Neck-Matrix-animation-input-array" count="17">
            <param name="TIME" type="float"/>
          </accessor>
        </technique_common>
      </source>
      <source id="mixamorig_Neck-Matrix-animation-output-transform">
        <float_array id="mixamorig_Neck-Matrix-animation-output-transform-array" count="272">

0.999961 0.001341 0.008754 0.000000 -0.003276 0.974363 0.224956 18.372400 -0.008228 -0.224976 0.974330 0.000000 0.000000 0.000000 0.000000 1.000000
0.999710 0.023199 -0.006516 -0.000000 -0.020898 0.969337 0.244845 18.372400 0.011996 -0.244637 0.969540 0.000000 0.000000 0.000000 0.000000 1.000000
0.998982 0.042177 -0.015995 0.000000 -0.036619 0.965338 0.258421 18.372400 0.026340 -0.257572 0.965900 0.000000 0.000000 0.000000 0.000000 1.000000
0.998588 0.051703 -0.012210 -0.000000 -0.046815 0.965061 0.257808 18.372400 0.025112 -0.256872 0.966119 0.000000 0.000000 0.000000 0.000000 1.000000
0.998955 0.045364 -0.005622 0.000000 -0.042743 0.970596 0.236890 18.372400 0.016203 -0.236402 0.971520 0.000000 0.000000 0.000000 0.000000 1.000000
0.999624 0.027011 -0.004749 0.000000 -0.025352 0.976150 0.215612 18.372400 0.010460 -0.215410 0.976468 0.000000 0.000000 0.000000 0.000000 1.000000
0.999941 0.008429 -0.006821 0.000000 -0.006810 0.977723 0.209787 18.372400 0.008438 -0.209729 0.977723 0.000000 0.000000 0.000000 0.000000 1.000000
0.999971 -0.006891 -0.003269 0.000000 0.007454 0.973764 0.227437 18.372400 0.001616 -0.227455 0.973787 0.000000 0.000000 0.000000 0.000000 1.000000
0.999735 -0.022685 0.003818 0.000000 0.021052 0.969127 0.245662 18.372400 -0.009273 -0.245517 0.969348 -0.000000 0.000000 0.000000 0.000000 1.000000
0.999082 -0.040546 0.013819 0.000000 0.035644 0.965819 0.256754 18.372400 -0.023757 -0.256025 0.966378 0.000000 0.000000 0.000000 0.000000 1.000000
0.998055 -0.057328 0.024473 0.000000 0.048744 0.962513 0.266818 18.372400 -0.038852 -0.265106 0.963436 0.000000 0.000000 0.000000 0.000000 1.000000
0.997989 -0.052751 0.035160 -0.000000 0.041860 0.964857 0.259422 18.372400 -0.047609 -0.257428 0.965124 0.000000 0.000000 0.000000 0.000000 1.000000
0.998735 -0.033328 0.037657 0.000000 0.022923 0.968239 0.248974 18.372400 -0.044759 -0.247796 0.967778 0.000000 0.000000 0.000000 0.000000 1.000000
0.999139 -0.021287 0.035617 0.000000 0.012422 0.972456 0.232757 18.372400 -0.039591 -0.232114 0.971883 0.000000 0.000000 0.000000 0.000000 1.000000
0.999369 -0.021751 0.028068 -0.000000 0.015492 0.978316 0.206539 18.372400 -0.031952 -0.205974 0.978036 0.000000 0.000000 0.000000 0.000000 1.000000
0.999651 -0.016556 0.020590 0.000000 0.011867 0.977642 0.209939 18.372400 -0.023605 -0.209622 0.977498 -0.000000 0.000000 0.000000 0.000000 1.000000
0.999890 -0.003065 0.014498 0.000000 -0.000263 0.974547 0.224182 18.372400 -0.014816 -0.224162 0.974439 0.000000 0.000000 0.000000 0.000000 1.000000</float_array>
        <technique_common>
          <accessor source="#mixamorig_Neck-Matrix-animation-output-transform-array" count="17" stride="16">
            <param type="float4x4"/>
          </accessor>
        </technique_common>
      </source>
      <source id="mixamorig_Neck-Interpolations">
        <Name_array id="mixamorig_Neck-Interpolations-array" count="17">
 LINEAR LINEAR LINEAR LINEAR LINEAR LINEAR LINEAR LINEAR LINEAR LINEAR LINEAR
LINEAR LINEAR LINEAR LINEAR LINEAR LINEAR</Name_array>
        <technique_common>
          <accessor source="#mixamorig_Neck-Interpolations-array" count="17">
            <param type="name"/>
          </accessor>
        </technique_common>
      </source>
      <sampler id="mixamorig_Neck-Matrix-animation-transform">
        <input semantic="INPUT" source="#mixamorig_Neck-Matrix-animation-input"/>
        <input semantic="OUTPUT" source="#mixamorig_Neck-Matrix-animation-output-transform"/>
        <input semantic="INTERPOLATION" source="#mixamorig_Neck-Interpolations"/>
      </sampler>
      <channel source="#mixamorig_Neck-Matrix-animation-transform" target="mixamorig_Neck/matrix"/>
    </animation>
    <animation id="mixamorig_Head-anim" name="mixamorig_Head">
      <source id="mixamorig_Head-Matrix-animation-input">
        <float_array id="mixamorig_Head-Matrix-animation-input-array" count="17">

0.000000 0.033333 0.066667 0.100000 0.133333 0.166667 0.200000 0.233333 0.266667 0.300000 0.333333 0.366667 0.400000 0.433333 0.466667 0.500000
0.533333</float_array>
        <technique_common>
          <accessor source="#mixamorig_Head-Matrix-animation-input-array" count="17">
            <param name="TIME" type="float"/>
          </accessor>
        </technique_common>
      </source>
      <source id="mixamorig_Head-Matrix-animation-output-transform">
        <float_array id="mixamorig_Head-Matrix-animation-output-transform-array" count="272">

0.993695 0.108652 0.027670 0.000000 -0.111948 0.975150 0.191182 17.907801 -0.006210 -0.193074 0.981165 1.542600 0.000000 0.000000 0.000000 1.000000
0.994203 0.017744 -0.106045 0.000000 0.002439 0.982313 0.187233 17.907801 0.107492 -0.186406 0.976575 1.542600 0.000000 0.000000 0.000000 1.000000
0.980738 -0.023279 -0.193935 0.000000 0.056145 0.984570 0.165742 17.907801 0.187084 -0.173438 0.966912 1.542600 0.000000 0.000000 0.000000 1.000000
0.978374 -0.029072 -0.204793 0.000000 0.061910 0.985843 0.155823 17.907801 0.197363 -0.165132 0.966322 1.542600 0.000000 0.000000 0.000000 1.000000
0.986536 -0.032250 -0.160334 0.000000 0.059301 0.984186 0.166916 17.907801 0.152415 -0.174177 0.972847 1.542600 0.000000 0.000000 0.000000 1.000000
0.991762 -0.051952 -0.117084 0.000000 0.072240 0.981677 0.176326 17.907801 0.105779 -0.183332 0.977344 1.542600 0.000000 0.000000 0.000000 1.000000
0.993326 -0.068296 -0.092945 0.000000 0.082482 0.983901 0.158542 17.907801 0.080621 -0.165151 0.982968 1.542600 0.000000 0.000000 0.000000 1.000000
0.996397 -0.062340 -0.057508 -0.000000 0.070972 0.984087 0.162896 17.907801 0.046438 -0.166391 0.984966 1.542600 0.000000 0.000000 0.000000 1.000000
0.999336 -0.036325 0.002744 0.000000 0.035217 0.982620 0.182259 17.907801 -0.009317 -0.182042 0.983247 1.542600 0.000000 0.000000 0.000000 1.000000
0.995739 -0.002391 0.092183 0.000000 -0.013127 0.985809 0.167356 17.907801 -0.091275 -0.167853 0.981577 1.542600 0.000000 0.000000 0.000000 1.000000
0.981043 0.053607 0.186230 -0.000000 -0.080137 0.987186 0.137992 17.907801 -0.176447 -0.150300 0.972767 1.542600 0.000000 0.000000 0.000000 1.000000
0.971074 0.083191 0.223817 -0.000000 -0.110304 0.987626 0.111484 17.907801 -0.211773 -0.132947 0.968234 1.542600 0.000000 0.000000 0.000000 1.000000
0.976670 0.081714 0.198592 -0.000000 -0.101400 0.990670 0.091054 17.907801 -0.189298 -0.109067 0.975844 1.542600 0.000000 0.000000 0.000000 1.000000
0.980580 0.096643 0.170654 -0.000000 -0.115998 0.987433 0.107332 17.907801 -0.158136 -0.125043 0.979468 1.542600 0.000000 0.000000 0.000000 1.000000
0.981677 0.121137 0.147096 0.000000 -0.142322 0.979399 0.143259 17.907801 -0.126711 -0.161569 0.978693 1.542600 0.000000 0.000000 0.000000 1.000000
0.985194 0.127512 0.114606 -0.000000 -0.146231 0.973925 0.173457 17.907801 -0.089499 -0.187648 0.978150 1.542600 0.000000 0.000000 0.000000 1.000000
0.990647 0.120046 0.064869 0.000000 -0.130287 0.973447 0.188218 17.907801 -0.040552 -0.194910 0.979983 1.542600 0.000000 0.000000 0.000000 1.000000</float_array>
        <technique_common>
          <accessor source="#mixamorig_Head-Matrix-animation-output-transform-array" count="17" stride="16">
            <param type="float4x4"/>
          </accessor>
        </technique_common>
      </source>
      <source id="mixamorig_Head-Interpolations">
        <Name_array id="mixamorig_Head-Interpolations-array" count="17">
 LINEAR LINEAR LINEAR LINEAR LINEAR LINEAR LINEAR LINEAR LINEAR LINEAR LINEAR
LINEAR LINEAR LINEAR LINEAR LINEAR LINEAR</Name_array>
        <technique_common>
          <accessor source="#mixamorig_Head-Interpolations-array" count="17">
            <param type="name"/>
          </accessor>
        </technique_common>
      </source>
      <sampler id="mixamorig_Head-Matrix-animation-transform">
        <input semantic="INPUT" source="#mixamorig_Head-Matrix-animation-input"/>
        <input semantic="OUTPUT" source="#mixamorig_Head-Matrix-animation-output-transform"/>
        <input semantic="INTERPOLATION" source="#mixamorig_Head-Interpolations"/>
      </sampler>
      <channel source="#mixamorig_Head-Matrix-animation-transform" target="mixamorig_Head/matrix"/>
    </animation>
    <animation id="mixamorig_HeadTop_End-anim" name="mixamorig_HeadTop_End">
      <source id="mixamorig_HeadTop_End-Matrix-animation-input">
        <float_array id="mixamorig_HeadTop_End-Matrix-animation-input-array" count="17">

0.000000 0.033333 0.066667 0.100000 0.133333 0.166667 0.200000 0.233333 0.266667 0.300000 0.333333 0.366667 0.400000 0.433333 0.466667 0.500000
0.533333</float_array>
        <technique_common>
          <accessor source="#mixamorig_HeadTop_End-Matrix-animation-input-array" count="17">
            <param name="TIME" type="float"/>
          </accessor>
        </technique_common>
      </source>
      <source id="mixamorig_HeadTop_End-Matrix-animation-output-transform">
        <float_array id="mixamorig_HeadTop_End-Matrix-animation-output-transform-array" count="272">

1.000000 0.000000 0.000000 -0.000000 -0.000000 1.000000 0.000000 29.625900 0.000000 0.000000 1.000000 2.552100 0.000000 0.000000 0.000000 1.000000
1.000000 0.000000 0.000000 0.000000 0.000000 1.000000 0.000000 29.625900 -0.000000 -0.000000 1.000000 2.552100 0.000000 0.000000 0.000000 1.000000
1.000000 0.000000 0.000000 0.000000 0.000000 1.000000 -0.000000 29.625900 0.000000 0.000000 1.000000 2.552100 0.000000 0.000000 0.000000 1.000000
1.000000 -0.000000 0.000000 0.000000 -0.000000 1.000000 0.000000 29.625900 0.000000 0.000000 1.000000 2.552100 0.000000 0.000000 0.000000 1.000000
1.000000 0.000000 0.000000 0.000000 -0.000000 1.000000 0.000000 29.625900 0.000000 -0.000000 1.000000 2.552100 0.000000 0.000000 0.000000 1.000000
1.000000 0.000000 -0.000000 0.000000 0.000000 1.000000 -0.000000 29.625900 0.000000 0.000000 1.000000 2.552100 0.000000 0.000000 0.000000 1.000000
1.000000 -0.000000 0.000000 0.000000 -0.000000 1.000000 -0.000000 29.625900 0.000000 0.000000 1.000000 2.552100 0.000000 0.000000 0.000000 1.000000
1.000000 0.000000 0.000000 0.000000 -0.000000 1.000000 -0.000000 29.625900 0.000000 0.000000 1.000000 2.552100 0.000000 0.000000 0.000000 1.000000
1.000000 0.000000 -0.000000 0.000000 0.000000 1.000000 -0.000000 29.625900 -0.000000 0.000000 1.000000 2.552100 0.000000 0.000000 0.000000 1.000000
1.000000 -0.000000 0.000000 0.000000 0.000000 1.000000 0.000000 29.625900 -0.000000 -0.000000 1.000000 2.552100 0.000000 0.000000 0.000000 1.000000
1.000000 -0.000000 -0.000000 0.000000 -0.000000 1.000000 -0.000000 29.625900 -0.000000 -0.000000 1.000000 2.552100 0.000000 0.000000 0.000000 1.000000
1.000000 -0.000000 0.000000 0.000000 -0.000000 1.000000 -0.000000 29.625900 -0.000000 -0.000000 1.000000 2.552100 0.000000 0.000000 0.000000 1.000000
1.000000 -0.000000 0.000000 -0.000000 -0.000000 1.000000 0.000000 29.625900 0.000000 0.000000 1.000000 2.552100 0.000000 0.000000 0.000000 1.000000
1.000000 -0.000000 -0.000000 -0.000000 0.000000 1.000000 0.000000 29.625900 0.000000 -0.000000 1.000000 2.552100 0.000000 0.000000 0.000000 1.000000
1.000000 -0.000000 -0.000000 0.000000 0.000000 1.000000 0.000000 29.625900 0.000000 0.000000 1.000000 2.552100 0.000000 0.000000 0.000000 1.000000
1.000000 -0.000000 -0.000000 -0.000000 -0.000000 1.000000 -0.000000 29.625900 -0.000000 0.000000 1.000000 2.552100 0.000000 0.000000 0.000000 1.000000
1.000000 0.000000 0.000000 0.000000 0.000000 1.000000 0.000000 29.625900 0.000000 -0.000000 1.000000 2.552100 0.000000 0.000000 0.000000 1.000000</float_array>
        <technique_common>
          <accessor source="#mixamorig_HeadTop_End-Matrix-animation-output-transform-array" count="17" stride="16">
            <param type="float4x4"/>
          </accessor>
        </technique_common>
      </source>
      <source id="mixamorig_HeadTop_End-Interpolations">
        <Name_array id="mixamorig_HeadTop_End-Interpolations-array" count="17">
 LINEAR LINEAR LINEAR LINEAR LINEAR LINEAR LINEAR LINEAR LINEAR LINEAR LINEAR
LINEAR LINEAR LINEAR LINEAR LINEAR LINEAR</Name_array>
        <technique_common>
          <accessor source="#mixamorig_HeadTop_End-Interpolations-array" count="17">
            <param type="name"/>
          </accessor>
        </technique_common>
      </source>
      <sampler id="mixamorig_HeadTop_End-Matrix-animation-transform">
        <input semantic="INPUT" source="#mixamorig_HeadTop_End-Matrix-animation-input"/>
        <input semantic="OUTPUT" source="#mixamorig_HeadTop_End-Matrix-animation-output-transform"/>
        <input semantic="INTERPOLATION" source="#mixamorig_HeadTop_End-Interpolations"/>
      </sampler>
      <channel source="#mixamorig_HeadTop_End-Matrix-animation-transform" target="mixamorig_HeadTop_End/matrix"/>
    </animation>
    <animation id="mixamorig_HeadTop_End_end-anim" name="mixamorig_HeadTop_End_end">
      <source id="mixamorig_HeadTop_End_end-Matrix-animation-input">
        <float_array id="mixamorig_HeadTop_End_end-Matrix-animation-input-array" count="17">

0.000000 0.033333 0.066667 0.100000 0.133333 0.166667 0.200000 0.233333 0.266667 0.300000 0.333333 0.366667 0.400000 0.433333 0.466667 0.500000
0.533333</float_array>
        <technique_common>
          <accessor source="#mixamorig_HeadTop_End_end-Matrix-animation-input-array" count="17">
            <param name="TIME" type="float"/>
          </accessor>
        </technique_common>
      </source>
      <source id="mixamorig_HeadTop_End_end-Matrix-animation-output-transform">
        <float_array id="mixamorig_HeadTop_End_end-Matrix-animation-output-transform-array" count="272">

1.000000 0.000000 0.000000 0.000000 -0.000000 1.000000 0.000000 29.735600 0.000000 0.000000 1.000000 0.000000 0.000000 0.000000 0.000000 1.000000
1.000000 0.000000 0.000000 -0.000000 0.000000 1.000000 0.000000 29.735600 -0.000000 -0.000000 1.000000 0.000000 0.000000 0.000000 0.000000 1.000000
1.000000 -0.000000 0.000000 -0.000000 0.000000 1.000000 0.000000 29.735600 0.000000 0.000000 1.000000 0.000000 0.000000 0.000000 0.000000 1.000000
1.000000 0.000000 0.000000 0.000000 -0.000000 1.000000 0.000000 29.735600 0.000000 0.000000 1.000000 0.000000 0.000000 0.000000 0.000000 1.000000
1.000000 0.000000 0.000000 0.000000 -0.000000 1.000000 -0.000000 29.735600 0.000000 -0.000000 1.000000 0.000000 0.000000 0.000000 0.000000 1.000000
1.000000 0.000000 -0.000000 0.000000 0.000000 1.000000 -0.000000 29.735600 0.000000 0.000000 1.000000 0.000000 0.000000 0.000000 0.000000 1.000000
1.000000 -0.000000 0.000000 -0.000000 -0.000000 1.000000 -0.000000 29.735600 -0.000000 0.000000 1.000000 0.000000 0.000000 0.000000 0.000000 1.000000
1.000000 0.000000 0.000000 0.000000 -0.000000 1.000000 -0.000000 29.735600 -0.000000 0.000000 1.000000 0.000000 0.000000 0.000000 0.000000 1.000000
1.000000 0.000000 -0.000000 0.000000 0.000000 1.000000 -0.000000 29.735600 0.000000 0.000000 1.000000 0.000000 0.000000 0.000000 0.000000 1.000000
1.000000 0.000000 0.000000 -0.000000 0.000000 1.000000 0.000000 29.735600 -0.000000 -0.000000 1.000000 0.000000 0.000000 0.000000 0.000000 1.000000
1.000000 -0.000000 -0.000000 -0.000000 -0.000000 1.000000 -0.000000 29.735600 -0.000000 -0.000000 1.000000 0.000000 0.000000 0.000000 0.000000 1.000000
1.000000 -0.000000 0.000000 0.000000 -0.000000 1.000000 -0.000000 29.735600 -0.000000 0.000000 1.000000 0.000000 0.000000 0.000000 0.000000 1.000000
1.000000 -0.000000 0.000000 0.000000 -0.000000 1.000000 0.000000 29.735600 0.000000 0.000000 1.000000 0.000000 0.000000 0.000000 0.000000 1.000000
1.000000 -0.000000 0.000000 0.000000 0.000000 1.000000 0.000000 29.735600 0.000000 -0.000000 1.000000 0.000000 0.000000 0.000000 0.000000 1.000000
1.000000 -0.000000 -0.000000 0.000000 -0.000000 1.000000 -0.000000 29.735600 0.000000 0.000000 1.000000 -0.000000 0.000000 0.000000 0.000000 1.000000
1.000000 -0.000000 0.000000 0.000000 -0.000000 1.000000 -0.000000 29.735600 -0.000000 0.000000 1.000000 0.000000 0.000000 0.000000 0.000000 1.000000
1.000000 0.000000 0.000000 0.000000 0.000000 1.000000 0.000000 29.735600 -0.000000 -0.000000 1.000000 -0.000000 0.000000 0.000000 0.000000 1.000000</float_array>
        <technique_common>
          <accessor source="#mixamorig_HeadTop_End_end-Matrix-animation-output-transform-array" count="17" stride="16">
            <param type="float4x4"/>
          </accessor>
        </technique_common>
      </source>
      <source id="mixamorig_HeadTop_End_end-Interpolations">
        <Name_array id="mixamorig_HeadTop_End_end-Interpolations-array" count="17">
 LINEAR LINEAR LINEAR LINEAR LINEAR LINEAR LINEAR LINEAR LINEAR LINEAR LINEAR
