<?xml version="1.0" encoding="utf-8"?>
<COLLADA xmlns="http://www.collada.org/2005/11/COLLADASchema" version="1.4.1">
  <asset>
    <contributor>
      <author>Mixamo</author>
      <authoring_tool>COLLADA Mixamo exporter</authoring_tool>
      <comments/>
    </contributor>
    <created>2024-03-29T14:16:25Z</created>
    <modified>2024-03-29T14:16:25Z</modified>
    <revision/>
    <title/>
    <unit meter="0.010000"/>
    <up_axis>Y_UP</up_axis>
  </asset>
  <library_animations>
    <animation id="mixamorig_Hips-anim" name="mixamorig_Hips">
      <source id="mixamorig_Hips-Matrix-animation-input">
        <float_array id="mixamorig_Hips-Matrix-animation-input-array" count="291">

0.000000 0.033333 0.066667 0.100000 0.133333 0.166667 0.200000 0.233333 0.266667 0.300000 0.333333 0.366667 0.400000 0.433333 0.466667 0.500000
0.533333 0.566667 0.600000 0.633333 0.666667 0.700000 0.733333 0.766667 0.800000 0.833333 0.866667 0.900000 0.933333 0.966667 1.000000 1.033333
1.066667 1.100000 1.133333 1.166667 1.200000 1.233333 1.266667 1.300000 1.333333 1.366667 1.400000 1.433333 1.466667 1.500000 1.533333 1.566667
1.600000 1.633333 1.666667 1.700000 1.733333 1.766667 1.800000 1.833333 1.866667 1.900000 1.933333 1.966667 2.000000 2.033333 2.066667 2.100000
2.133333 2.166667 2.200000 2.233333 2.266667 2.300000 2.333333 2.366667 2.400000 2.433333 2.466667 2.500000 2.533333 2.566667 2.600000 2.633333
2.666667 2.700000 2.733333 2.766667 2.800000 2.833333 2.866667 2.900000 2.933333 2.966667 3.000000 3.033333 3.066667 3.100000 3.133333 3.166667
3.200000 3.233333 3.266667 3.300000 3.333333 3.366667 3.400000 3.433333 3.466667 3.500000 3.533333 3.566667 3.600000 3.633333 3.666667 3.700000
3.733333 3.766667 3.800000 3.833333 3.866667 3.900000 3.933333 3.966667 4.000000 4.033333 4.066667 4.100000 4.133333 4.166667 4.200000 4.233333
4.266667 4.300000 4.333333 4.366667 4.400000 4.433333 4.466667 4.500000 4.533333 4.566667 4.600000 4.633333 4.666667 4.700000 4.733333 4.766667
4.800000 4.833333 4.866667 4.900000 4.933333 4.966667 5.000000 5.033333 5.066667 5.100000 5.133333 5.166667 5.200000 5.233333 5.266667 5.300000
5.333333 5.366667 5.400000 5.433333 5.466667 5.500000 5.533333 5.566667 5.600000 5.633333 5.666667 5.700000 5.733333 5.766667 5.800000 5.833333
5.866667 5.900000 5.933333 5.966667 6.000000 6.033333 6.066667 6.100000 6.133333 6.166667 6.200000 6.233333 6.266667 6.300000 6.333333 6.366667
6.400000 6.433333 6.466667 6.500000 6.533333 6.566667 6.600000 6.633333 6.666667 6.700000 6.733333 6.766667 6.800000 6.833333 6.866667 6.900000
6.933333 6.966667 7.000000 7.033333 7.066667 7.100000 7.133333 7.166667 7.200000 7.233333 7.266667 7.300000 7.333333 7.366667 7.400000 7.433333
7.466667 7.500000 7.533333 7.566667 7.600000 7.633333 7.666667 7.700000 7.733333 7.766667 7.800000 7.833333 7.866667 7.900000 7.933333 7.966667
8.000000 8.033333 8.066667 8.100000 8.133333 8.166667 8.200000 8.233333 8.266667 8.300000 8.333333 8.366667 8.400000 8.433333 8.466667 8.500000
8.533333 8.566667 8.600000 8.633333 8.666667 8.700000 8.733333 8.766667 8.800000 8.833333 8.866667 8.900000 8.933333 8.966667 9.000000 9.033333
9.066667 9.100000 9.133333 9.166667 9.200000 9.233333 9.266667 9.300000 9.333333 9.366667 9.400000 9.433333 9.466667 9.500000 9.533333 9.566667
9.600000 9.633333 9.666667</float_array>
        <technique_common>
          <accessor source="#mixamorig_Hips-Matrix-animation-input-array" count="291">
            <param name="TIME" type="float"/>
          </accessor>
        </technique_common>
      </source>
      <source id="mixamorig_Hips-Matrix-animation-output-transform">
        <float_array id="mixamorig_Hips-Matrix-animation-output-transform-array" count="4656">

0.999411 0.031486 0.013672 0.042289 -0.034324 0.921269 0.387408 64.343506 -0.000398 -0.387649 0.921807 -1.430852 0.000000 0.000000 0.000000 1.000000
0.999403 0.031591 0.013964 0.042504 -0.034534 0.921266 0.387397 64.343544 -0.000626 -0.387648 0.921807 -1.430886 0.000000 0.000000 0.000000 1.000000
0.999394 0.031697 0.014371 0.048670 -0.034789 0.921263 0.387381 64.343605 -0.000961 -0.387646 0.921808 -1.430425 0.000000 0.000000 0.000000 1.000000
0.999382 0.031880 0.014839 0.055854 -0.035139 0.921257 0.387363 64.339432 -0.001322 -0.387645 0.921808 -1.430317 0.000000 0.000000 0.000000 1.000000
0.999366 0.032152 0.015262 0.063300 -0.035555 0.921249 0.387346 64.335281 -0.001606 -0.387643 0.921808 -1.429574 0.000000 0.000000 0.000000 1.000000
0.999351 0.032481 0.015589 0.069552 -0.035984 0.921237 0.387333 64.332092 -0.001780 -0.387643 0.921808 -1.428478 0.000000 0.000000 0.000000 1.000000
0.999334 0.032819 0.015924 0.072652 -0.036426 0.921226 0.387320 64.330818 -0.001958 -0.387642 0.921808 -1.427873 0.000000 0.000000 0.000000 1.000000
0.999314 0.033200 0.016420 0.074676 -0.036969 0.921213 0.387299 64.330215 -0.002268 -0.387640 0.921808 -1.430252 0.000000 0.000000 0.000000 1.000000
0.999287 0.033667 0.017071 0.078332 -0.037652 0.921197 0.387271 64.330200 -0.002688 -0.387638 0.921808 -1.431652 0.000000 0.000000 0.000000 1.000000
0.999259 0.034179 0.017703 0.085642 -0.038369 0.921105 0.387418 64.330673 -0.003065 -0.387810 0.921734 -1.432829 0.000000 0.000000 0.000000 1.000000
0.999231 0.034719 0.018232 0.099129 -0.039073 0.920984 0.387637 64.331665 -0.003333 -0.388051 0.921632 -1.433932 0.000000 0.000000 0.000000 1.000000
0.999197 0.035379 0.018814 0.118029 -0.039908 0.920869 0.387824 64.332695 -0.003604 -0.388263 0.921542 -1.435225 0.000000 0.000000 0.000000 1.000000
0.999152 0.036196 0.019608 0.139541 -0.040970 0.920763 0.387964 64.333977 -0.004012 -0.388439 0.921466 -1.436904 0.000000 0.000000 0.000000 1.000000
0.999100 0.037082 0.020570 0.162025 -0.042161 0.920645 0.388117 64.335976 -0.004546 -0.388636 0.921380 -1.438462 0.000000 0.000000 0.000000 1.000000
0.999047 0.037943 0.021574 0.185341 -0.043345 0.920505 0.388319 64.340500 -0.005125 -0.388884 0.921272 -1.440350 0.000000 0.000000 0.000000 1.000000
0.998994 0.038786 0.022511 0.208654 -0.044489 0.920354 0.388547 64.343468 -0.005648 -0.389158 0.921154 -1.442934 0.000000 0.000000 0.000000 1.000000
0.998943 0.039632 0.023297 0.229578 -0.045575 0.920204 0.388778 64.345917 -0.006030 -0.389429 0.921037 -1.446509 0.000000 0.000000 0.000000 1.000000
0.998895 0.040452 0.023930 0.246353 -0.046579 0.920053 0.389016 64.349258 -0.006281 -0.389701 0.920920 -1.450462 0.000000 0.000000 0.000000 1.000000
0.998851 0.041191 0.024497 0.259311 -0.047482 0.919917 0.389228 64.354767 -0.006503 -0.389944 0.920816 -1.454295 0.000000 0.000000 0.000000 1.000000
0.998810 0.041840 0.025049 0.269586 -0.048296 0.919812 0.389376 64.360222 -0.006749 -0.390122 0.920738 -1.458413 0.000000 0.000000 0.000000 1.000000
0.998773 0.042432 0.025538 0.277706 -0.049033 0.919723 0.389493 64.364563 -0.006961 -0.390268 0.920675 -1.462559 0.000000 0.000000 0.000000 1.000000
0.998741 0.042969 0.025887 0.283931 -0.049664 0.919677 0.389523 64.367210 -0.007070 -0.390319 0.920653 -1.465159 0.000000 0.000000 0.000000 1.000000
0.998715 0.043396 0.026173 0.289424 -0.050168 0.919649 0.389525 64.368828 -0.007166 -0.390337 0.920644 -1.465802 0.000000 0.000000 0.000000 1.000000
0.998695 0.043705 0.026407 0.295098 -0.050544 0.919639 0.389499 64.369232 -0.007261 -0.390326 0.920648 -1.462247 0.000000 0.000000 0.000000 1.000000
0.998679 0.043946 0.026612 0.300542 -0.050846 0.919645 0.389446 64.368607 -0.007359 -0.390285 0.920665 -1.456545 0.000000 0.000000 0.000000 1.000000
0.998666 0.044145 0.026787 0.304891 -0.051096 0.919677 0.389338 64.367310 -0.007449 -0.390187 0.920705 -1.449216 0.000000 0.000000 0.000000 1.000000
0.998654 0.044314 0.026935 0.307925 -0.051308 0.919737 0.389167 64.363739 -0.007528 -0.390026 0.920773 -1.440145 0.000000 0.000000 0.000000 1.000000
0.998644 0.044458 0.027077 0.310204 -0.051495 0.919799 0.388997 64.359451 -0.007611 -0.389864 0.920841 -1.432247 0.000000 0.000000 0.000000 1.000000
0.998634 0.044586 0.027238 0.311792 -0.051675 0.919858 0.388832 64.355240 -0.007719 -0.389708 0.920906 -1.427251 0.000000 0.000000 0.000000 1.000000
0.998621 0.044734 0.027461 0.312951 -0.051896 0.919915 0.388667 64.351120 -0.007875 -0.389557 0.920969 -1.424390 0.000000 0.000000 0.000000 1.000000
0.998609 0.044844 0.027732 0.314455 -0.052102 0.919958 0.388538 64.346909 -0.008089 -0.389443 0.921015 -1.421783 0.000000 0.000000 0.000000 1.000000
0.998596 0.045001 0.027935 0.316292 -0.052325 0.919992 0.388430 64.343674 -0.008221 -0.389346 0.921055 -1.419799 0.000000 0.000000 0.000000 1.000000
0.998582 0.045198 0.028121 0.318674 -0.052578 0.920027 0.388312 64.340309 -0.008321 -0.389240 0.921099 -1.418550 0.000000 0.000000 0.000000 1.000000
0.998566 0.045423 0.028317 0.321626 -0.052860 0.920072 0.388166 64.336777 -0.008422 -0.389106 0.921154 -1.417663 0.000000 0.000000 0.000000 1.000000
0.998546 0.045716 0.028556 0.326208 -0.053221 0.920116 0.388014 64.332039 -0.008536 -0.388969 0.921211 -1.417495 0.000000 0.000000 0.000000 1.000000
0.998521 0.046086 0.028859 0.330467 -0.053678 0.920152 0.387864 64.328384 -0.008680 -0.388839 0.921265 -1.418543 0.000000 0.000000 0.000000 1.000000
0.998492 0.046478 0.029212 0.334641 -0.054176 0.920182 0.387725 64.327126 -0.008859 -0.388723 0.921312 -1.422991 0.000000 0.000000 0.000000 1.000000
0.998463 0.046874 0.029570 0.339029 -0.054679 0.920184 0.387649 64.326492 -0.009040 -0.388670 0.921333 -1.428952 0.000000 0.000000 0.000000 1.000000
0.998433 0.047303 0.029904 0.344012 -0.055204 0.920174 0.387598 64.326233 -0.009182 -0.388641 0.921343 -1.434880 0.000000 0.000000 0.000000 1.000000
0.998402 0.047731 0.030260 0.350601 -0.055737 0.920151 0.387576 64.326256 -0.009345 -0.388643 0.921341 -1.439869 0.000000 0.000000 0.000000 1.000000
0.998371 0.048133 0.030628 0.357376 -0.056250 0.920114 0.387589 64.326645 -0.009525 -0.388681 0.921323 -1.444949 0.000000 0.000000 0.000000 1.000000
0.998340 0.048531 0.031001 0.364848 -0.056764 0.920032 0.387710 64.327545 -0.009706 -0.388826 0.921260 -1.449649 0.000000 0.000000 0.000000 1.000000
0.998308 0.048957 0.031370 0.374334 -0.057302 0.919922 0.387892 64.328461 -0.009868 -0.389033 0.921171 -1.453774 0.000000 0.000000 0.000000 1.000000
0.998275 0.049405 0.031716 0.385227 -0.057851 0.919819 0.388053 64.329247 -0.010001 -0.389219 0.921091 -1.457252 0.000000 0.000000 0.000000 1.000000
0.998244 0.049855 0.031993 0.395173 -0.058374 0.919731 0.388185 64.330170 -0.010072 -0.389371 0.921026 -1.460316 0.000000 0.000000 0.000000 1.000000
0.998217 0.050241 0.032219 0.402932 -0.058821 0.919632 0.388351 64.331291 -0.010118 -0.389554 0.920948 -1.463242 0.000000 0.000000 0.000000 1.000000
0.998196 0.050550 0.032399 0.409141 -0.059178 0.919536 0.388525 64.332001 -0.010152 -0.389742 0.920868 -1.465532 0.000000 0.000000 0.000000 1.000000
0.998181 0.050766 0.032521 0.411885 -0.059425 0.919483 0.388614 64.332237 -0.010174 -0.389839 0.920827 -1.467330 0.000000 0.000000 0.000000 1.000000
0.998177 0.050823 0.032567 0.413109 -0.059495 0.919462 0.388653 64.332436 -0.010191 -0.389881 0.920809 -1.468847 0.000000 0.000000 0.000000 1.000000
0.998181 0.050757 0.032547 0.413310 -0.059428 0.919450 0.388690 64.332581 -0.010197 -0.389917 0.920793 -1.469318 0.000000 0.000000 0.000000 1.000000
0.998194 0.050561 0.032449 0.412600 -0.059209 0.919451 0.388720 64.332230 -0.010181 -0.389940 0.920784 -1.468498 0.000000 0.000000 0.000000 1.000000
0.998214 0.050273 0.032285 0.411042 -0.058880 0.919466 0.388735 64.331429 -0.010142 -0.389942 0.920784 -1.466892 0.000000 0.000000 0.000000 1.000000
0.998239 0.049915 0.032060 0.408522 -0.058462 0.919496 0.388728 64.330383 -0.010075 -0.389917 0.920795 -1.462209 0.000000 0.000000 0.000000 1.000000
0.998269 0.049556 0.031667 0.405098 -0.057978 0.919552 0.388668 64.328575 -0.009858 -0.389831 0.920834 -1.455429 0.000000 0.000000 0.000000 1.000000
0.998306 0.049171 0.031094 0.398216 -0.057398 0.919654 0.388512 64.325783 -0.009492 -0.389639 0.920919 -1.446821 0.000000 0.000000 0.000000 1.000000
0.998352 0.048714 0.030342 0.388452 -0.056681 0.919815 0.388236 64.321747 -0.008997 -0.389316 0.921060 -1.436338 0.000000 0.000000 0.000000 1.000000
0.998403 0.048228 0.029427 0.375731 -0.055874 0.920011 0.387889 64.313904 -0.008366 -0.388913 0.921236 -1.423066 0.000000 0.000000 0.000000 1.000000
0.998459 0.047711 0.028342 0.360490 -0.054973 0.920194 0.387584 64.302643 -0.007588 -0.388545 0.921399 -1.408633 0.000000 0.000000 0.000000 1.000000
0.998524 0.047045 0.027154 0.343527 -0.053896 0.920347 0.387372 64.293732 -0.006768 -0.388264 0.921523 -1.395979 0.000000 0.000000 0.000000 1.000000
0.998595 0.046158 0.026040 0.325244 -0.052645 0.920488 0.387208 64.288681 -0.006097 -0.388035 0.921624 -1.387336 0.000000 0.000000 0.000000 1.000000
0.998668 0.045096 0.025092 0.305317 -0.051296 0.920640 0.387028 64.284256 -0.005647 -0.387799 0.921727 -1.383968 0.000000 0.000000 0.000000 1.000000
0.998739 0.043951 0.024270 0.283943 -0.049921 0.920806 0.386812 64.278809 -0.005347 -0.387536 0.921839 -1.382611 0.000000 0.000000 0.000000 1.000000
0.998804 0.042851 0.023543 0.262403 -0.048624 0.920970 0.386588 64.273308 -0.005117 -0.387271 0.921952 -1.382854 0.000000 0.000000 0.000000 1.000000
0.998859 0.041908 0.022882 0.241846 -0.047497 0.921107 0.386401 64.268402 -0.004884 -0.387047 0.922047 -1.384192 0.000000 0.000000 0.000000 1.000000
0.998908 0.041112 0.022211 0.223267 -0.046503 0.921213 0.386270 64.264038 -0.004581 -0.386881 0.922118 -1.385906 0.000000 0.000000 0.000000 1.000000
0.998952 0.040421 0.021474 0.208242 -0.045580 0.921305 0.386159 64.260612 -0.004175 -0.386734 0.922182 -1.387561 0.000000 0.000000 0.000000 1.000000
0.998995 0.039749 0.020730 0.196779 -0.044672 0.921417 0.386000 64.258904 -0.003758 -0.386538 0.922266 -1.389082 0.000000 0.000000 0.000000 1.000000
0.999037 0.039070 0.019969 0.187118 -0.043751 0.921562 0.385759 64.257538 -0.003331 -0.386261 0.922383 -1.389902 0.000000 0.000000 0.000000 1.000000
0.999078 0.038397 0.019201 0.178683 -0.042833 0.921706 0.385518 64.256424 -0.002895 -0.385985 0.922501 -1.389416 0.000000 0.000000 0.000000 1.000000
0.999119 0.037703 0.018422 0.171609 -0.041891 0.921800 0.385395 64.255760 -0.002451 -0.385827 0.922568 -1.386140 0.000000 0.000000 0.000000 1.000000
0.999161 0.036959 0.017624 0.164745 -0.040897 0.921850 0.385382 64.255501 -0.002003 -0.385780 0.922589 -1.384759 0.000000 0.000000 0.000000 1.000000
0.999203 0.036189 0.016836 0.155684 -0.039882 0.921887 0.385401 64.255775 -0.001573 -0.385765 0.922596 -1.384502 0.000000 0.000000 0.000000 1.000000
0.999243 0.035431 0.016071 0.143217 -0.038888 0.921917 0.385430 64.256531 -0.001159 -0.385763 0.922597 -1.384794 0.000000 0.000000 0.000000 1.000000
0.999280 0.034693 0.015327 0.127726 -0.037920 0.921944 0.385462 64.257874 -0.000758 -0.385766 0.922596 -1.385567 0.000000 0.000000 0.000000 1.000000
0.999315 0.033992 0.014632 0.110546 -0.037006 0.921969 0.385492 64.259888 -0.000387 -0.385769 0.922595 -1.386967 0.000000 0.000000 0.000000 1.000000
0.999345 0.033365 0.013979 0.093395 -0.036175 0.921993 0.385514 64.262337 -0.000025 -0.385767 0.922596 -1.388643 0.000000 0.000000 0.000000 1.000000
0.999374 0.032771 0.013316 0.077826 -0.035371 0.922020 0.385524 64.267227 0.000357 -0.385753 0.922602 -1.389914 0.000000 0.000000 0.000000 1.000000
0.999404 0.032135 0.012633 0.064180 -0.034521 0.922055 0.385516 64.272980 0.000741 -0.385722 0.922615 -1.390131 0.000000 0.000000 0.000000 1.000000
0.999432 0.031493 0.011971 0.052852 -0.033674 0.922100 0.385484 64.278336 0.001102 -0.385669 0.922637 -1.388227 0.000000 0.000000 0.000000 1.000000
0.999457 0.030947 0.011346 0.045458 -0.032929 0.922164 0.385394 64.282318 0.001464 -0.385558 0.922682 -1.384843 0.000000 0.000000 0.000000 1.000000
0.999476 0.030532 0.010748 0.042550 -0.032315 0.922276 0.385178 64.285561 0.001848 -0.385324 0.922780 -1.379243 0.000000 0.000000 0.000000 1.000000
0.999493 0.030170 0.010205 0.041329 -0.031773 0.922376 0.384984 64.288750 0.002202 -0.385113 0.922867 -1.373677 0.000000 0.000000 0.000000 1.000000
0.999508 0.029822 0.009700 0.038555 -0.031258 0.922387 0.384999 64.292046 0.002535 -0.385113 0.922866 -1.371002 0.000000 0.000000 0.000000 1.000000
0.999523 0.029481 0.009191 0.031699 -0.030746 0.922365 0.385095 64.294838 0.002875 -0.385194 0.922831 -1.370615 0.000000 0.000000 0.000000 1.000000
0.999539 0.029108 0.008645 0.022748 -0.030192 0.922335 0.385210 64.297058 0.003239 -0.385294 0.922788 -1.371103 0.000000 0.000000 0.000000 1.000000
0.999556 0.028650 0.008163 0.014539 -0.029583 0.922310 0.385317 64.299805 0.003511 -0.385388 0.922748 -1.372717 0.000000 0.000000 0.000000 1.000000
0.999572 0.028177 0.007862 0.009211 -0.029030 0.922277 0.385439 64.304169 0.003609 -0.385502 0.922700 -1.374807 0.000000 0.000000 0.000000 1.000000
0.999585 0.027751 0.007671 0.005859 -0.028562 0.922229 0.385589 64.309021 0.003626 -0.385648 0.922639 -1.377146 0.000000 0.000000 0.000000 1.000000
0.999598 0.027335 0.007504 0.002546 -0.028113 0.922202 0.385685 64.312210 0.003623 -0.385741 0.922600 -1.379368 0.000000 0.000000 0.000000 1.000000
0.999613 0.026839 0.007306 -0.002982 -0.027580 0.922220 0.385680 64.309654 0.003614 -0.385732 0.922604 -1.381485 0.000000 0.000000 0.000000 1.000000
0.999629 0.026309 0.007065 -0.010189 -0.026999 0.922320 0.385484 64.300774 0.003626 -0.385531 0.922688 -1.382886 0.000000 0.000000 0.000000 1.000000
0.999644 0.025788 0.006809 -0.019129 -0.026420 0.922471 0.385160 64.286514 0.003651 -0.385203 0.922825 -1.384615 0.000000 0.000000 0.000000 1.000000
0.999659 0.025269 0.006549 -0.030259 -0.025843 0.922615 0.384855 64.269180 0.003682 -0.384893 0.922954 -1.387286 0.000000 0.000000 0.000000 1.000000
0.999676 0.024682 0.006235 -0.042944 -0.025181 0.922710 0.384671 64.251709 0.003741 -0.384704 0.923033 -1.389481 0.000000 0.000000 0.000000 1.000000
0.999695 0.023997 0.005785 -0.054846 -0.024376 0.922812 0.384479 64.234695 0.003888 -0.384502 0.923116 -1.388322 0.000000 0.000000 0.000000 1.000000
0.999716 0.023237 0.005201 -0.064568 -0.023453 0.923013 0.384054 64.217194 0.004124 -0.384067 0.923296 -1.380834 0.000000 0.000000 0.000000 1.000000
0.999738 0.022450 0.004536 -0.072517 -0.022473 0.923290 0.383446 64.199303 0.004420 -0.383447 0.923552 -1.369951 0.000000 0.000000 0.000000 1.000000
0.999758 0.021655 0.003835 -0.079957 -0.021472 0.923538 0.382906 64.183105 0.004750 -0.382895 0.923780 -1.360878 0.000000 0.000000 0.000000 1.000000
0.999778 0.020861 0.003027 -0.088428 -0.020432 0.923714 0.382538 64.168808 0.005184 -0.382515 0.923935 -1.354311 0.000000 0.000000 0.000000 1.000000
0.999796 0.020067 0.002127 -0.098718 -0.019356 0.923852 0.382260 64.154297 0.005706 -0.382223 0.924053 -1.348850 0.000000 0.000000 0.000000 1.000000
0.999813 0.019282 0.001341 -0.109649 -0.018332 0.923988 0.381981 64.137764 0.006126 -0.381935 0.924169 -1.343964 0.000000 0.000000 0.000000 1.000000
0.999828 0.018509 0.000801 -0.119120 -0.017414 0.924148 0.381636 64.118568 0.006323 -0.381585 0.924312 -1.339263 0.000000 0.000000 0.000000 1.000000
0.999844 0.017664 0.000462 -0.126447 -0.016507 0.924369 0.381142 64.096718 0.006305 -0.381090 0.924516 -1.334553 0.000000 0.000000 0.000000 1.000000
0.999861 0.016699 0.000202 -0.132344 -0.015520 0.924652 0.380496 64.071915 0.006167 -0.380446 0.924783 -1.329620 0.000000 0.000000 0.000000 1.000000
0.999878 0.015597 -0.000025 -0.139727 -0.014419 0.924976 0.379752 64.044296 0.005947 -0.379705 0.925088 -1.324481 0.000000 0.000000 0.000000 1.000000
0.999896 0.014405 -0.000363 -0.151248 -0.013193 0.925350 0.378884 64.014267 0.005794 -0.378840 0.925444 -1.319259 0.000000 0.000000 0.000000 1.000000
0.999913 0.013147 -0.000791 -0.166521 -0.011873 0.925798 0.377833 63.982605 0.005699 -0.377791 0.925873 -1.314418 0.000000 0.000000 0.000000 1.000000
0.999929 0.011873 -0.001289 -0.185015 -0.010514 0.926314 0.376605 63.951897 0.005666 -0.376564 0.926373 -1.309989 0.000000 0.000000 0.000000 1.000000
0.999941 0.010655 -0.001984 -0.208237 -0.009131 0.926883 0.375239 63.924438 0.005837 -0.375199 0.926926 -1.305691 0.000000 0.000000 0.000000 1.000000
0.999950 0.009534 -0.003064 -0.237273 -0.007698 0.927498 0.373750 63.899651 0.006405 -0.373707 0.927525 -1.300913 0.000000 0.000000 0.000000 1.000000
0.999953 0.008548 -0.004464 -0.270638 -0.006273 0.928150 0.372153 63.876598 0.007325 -0.372107 0.928161 -1.295256 0.000000 0.000000 0.000000 1.000000
0.999954 0.007732 -0.005747 -0.304588 -0.005053 0.928824 0.370488 63.855015 0.008202 -0.370442 0.928820 -1.287674 0.000000 0.000000 0.000000 1.000000
0.999953 0.007056 -0.006600 -0.335277 -0.004125 0.929511 0.368771 63.833546 0.008737 -0.368727 0.929497 -1.279572 0.000000 0.000000 0.000000 1.000000
0.999954 0.006410 -0.007168 -0.360924 -0.003332 0.930209 0.367015 63.811813 0.009020 -0.366974 0.930187 -1.270088 0.000000 0.000000 0.000000 1.000000
0.999954 0.005704 -0.007704 -0.381497 -0.002496 0.930897 0.365274 63.790848 0.009255 -0.365238 0.930868 -1.259356 0.000000 0.000000 0.000000 1.000000
0.999953 0.004946 -0.008299 -0.398562 -0.001590 0.931549 0.363613 63.768517 0.009529 -0.363583 0.931513 -1.249876 0.000000 0.000000 0.000000 1.000000
0.999951 0.004245 -0.008936 -0.413908 -0.000721 0.932149 0.362075 63.740921 0.009866 -0.362051 0.932106 -1.243691 0.000000 0.000000 0.000000 1.000000
0.999948 0.003780 -0.009520 -0.427974 -0.000093 0.932709 0.360629 63.709076 0.010243 -0.360609 0.932661 -1.239594 0.000000 0.000000 0.000000 1.000000
0.999944 0.003629 -0.009891 -0.440544 0.000166 0.933281 0.359148 63.679993 0.010534 -0.359130 0.933228 -1.235565 0.000000 0.000000 0.000000 1.000000
0.999944 0.003606 -0.009950 -0.452319 0.000189 0.933912 0.357504 63.659431 0.010582 -0.357486 0.933859 -1.228902 0.000000 0.000000 0.000000 1.000000
0.999944 0.003586 -0.009912 -0.463531 0.000175 0.934583 0.355744 63.646667 0.010539 -0.355726 0.934531 -1.219691 0.000000 0.000000 0.000000 1.000000
0.999945 0.003505 -0.009874 -0.472933 0.000218 0.935218 0.354072 63.637337 0.010476 -0.354055 0.935166 -1.209368 0.000000 0.000000 0.000000 1.000000
0.999946 0.003407 -0.009830 -0.478140 0.000278 0.935769 0.352614 63.629326 0.010400 -0.352598 0.935717 -1.198801 0.000000 0.000000 0.000000 1.000000
0.999947 0.003361 -0.009782 -0.477262 0.000290 0.936264 0.351296 63.623001 0.010339 -0.351280 0.936213 -1.186961 0.000000 0.000000 0.000000 1.000000
0.999948 0.003437 -0.009620 -0.471351 0.000147 0.936760 0.349973 63.619923 0.010214 -0.349956 0.936711 -1.172607 0.000000 0.000000 0.000000 1.000000
0.999950 0.003871 -0.009212 -0.462006 -0.000416 0.937253 0.348649 63.618008 0.009983 -0.348628 0.937208 -1.156327 0.000000 0.000000 0.000000 1.000000
0.999953 0.004524 -0.008578 -0.449836 -0.001262 0.937720 0.347391 63.617081 0.009615 -0.347363 0.937681 -1.139336 0.000000 0.000000 0.000000 1.000000
0.999956 0.005226 -0.007792 -0.433874 -0.002205 0.938143 0.346241 63.616604 0.009119 -0.346208 0.938113 -1.122846 0.000000 0.000000 0.000000 1.000000
0.999957 0.005990 -0.007064 -0.415289 -0.003183 0.938516 0.345221 63.616215 0.008697 -0.345184 0.938495 -1.108150 0.000000 0.000000 0.000000 1.000000
0.999955 0.006962 -0.006499 -0.397257 -0.004299 0.938854 0.344289 63.615509 0.008498 -0.344246 0.938841 -1.096085 0.000000 0.000000 0.000000 1.000000
0.999948 0.008228 -0.005990 -0.381464 -0.005670 0.939166 0.343416 63.614296 0.008452 -0.343365 0.939164 -1.087785 0.000000 0.000000 0.000000 1.000000
0.999939 0.009656 -0.005453 -0.366534 -0.007203 0.939428 0.342671 63.612446 0.008431 -0.342611 0.939440 -1.086232 0.000000 0.000000 0.000000 1.000000
0.999928 0.010972 -0.004849 -0.350323 -0.008651 0.939608 0.342144 63.608467 0.008311 -0.342077 0.939635 -1.086484 0.000000 0.000000 0.000000 1.000000
0.999919 0.012011 -0.004163 -0.332500 -0.009865 0.939712 0.341824 63.607422 0.008018 -0.341755 0.939755 -1.088564 0.000000 0.000000 0.000000 1.000000
0.999912 0.012827 -0.003374 -0.315180 -0.010903 0.939782 0.341601 63.608009 0.007553 -0.341534 0.939839 -1.092167 0.000000 0.000000 0.000000 1.000000
0.999903 0.013652 -0.002645 -0.301442 -0.011929 0.939861 0.341348 63.608273 0.007146 -0.341283 0.939933 -1.096701 0.000000 0.000000 0.000000 1.000000
0.999892 0.014560 -0.002064 -0.292433 -0.012984 0.939963 0.341029 63.606522 0.006905 -0.340965 0.940051 -1.101486 0.000000 0.000000 0.000000 1.000000
0.999881 0.015370 -0.001612 -0.287771 -0.013901 0.940061 0.340723 63.601372 0.006752 -0.340660 0.940162 -1.105614 0.000000 0.000000 0.000000 1.000000
0.999872 0.015933 -0.001374 -0.285042 -0.014514 0.940137 0.340487 63.593948 0.006717 -0.340423 0.940248 -1.108531 0.000000 0.000000 0.000000 1.000000
0.999867 0.016283 -0.001209 -0.282583 -0.014900 0.940199 0.340301 63.585701 0.006678 -0.340237 0.940316 -1.109779 0.000000 0.000000 0.000000 1.000000
0.999861 0.016675 -0.000927 -0.279770 -0.015366 0.940250 0.340138 63.578995 0.006543 -0.340076 0.940375 -1.109553 0.000000 0.000000 0.000000 1.000000
0.999851 0.017262 -0.000325 -0.275748 -0.016124 0.940304 0.339954 63.575508 0.006174 -0.339898 0.940442 -1.109091 0.000000 0.000000 0.000000 1.000000
0.999836 0.018116 0.000343 -0.269274 -0.017155 0.940367 0.339728 63.574192 0.005832 -0.339678 0.940524 -1.108770 0.000000 0.000000 0.000000 1.000000
0.999816 0.019176 0.000922 -0.254796 -0.018350 0.940430 0.339492 63.573112 0.005643 -0.339446 0.940608 -1.108523 0.000000 0.000000 0.000000 1.000000
0.999796 0.020151 0.001473 -0.231668 -0.019456 0.940486 0.339274 63.572174 0.005451 -0.339234 0.940686 -1.107514 0.000000 0.000000 0.000000 1.000000
0.999784 0.020693 0.001967 -0.204547 -0.020134 0.940557 0.339038 63.571541 0.005166 -0.339005 0.940770 -1.106409 0.000000 0.000000 0.000000 1.000000
0.999782 0.020749 0.002261 -0.180499 -0.020288 0.940675 0.338703 63.571327 0.004900 -0.338675 0.940891 -1.104545 0.000000 0.000000 0.000000 1.000000
0.999787 0.020520 0.002274 -0.164808 -0.020079 0.940834 0.338272 63.571404 0.004801 -0.338246 0.941046 -1.101479 0.000000 0.000000 0.000000 1.000000
0.999796 0.020123 0.002001 -0.160230 -0.019616 0.940988 0.337870 63.571770 0.004916 -0.337840 0.941191 -1.096491 0.000000 0.000000 0.000000 1.000000
0.999808 0.019557 0.001366 -0.169075 -0.018870 0.941104 0.337591 63.572395 0.005317 -0.337552 0.941292 -1.090025 0.000000 0.000000 0.000000 1.000000
0.999823 0.018829 0.000324 -0.192683 -0.017834 0.941194 0.337397 63.573250 0.006048 -0.337343 0.941362 -1.082486 0.000000 0.000000 0.000000 1.000000
0.999838 0.017961 -0.001046 -0.228173 -0.016556 0.941295 0.337180 63.574303 0.007041 -0.337108 0.941440 -1.073783 0.000000 0.000000 0.000000 1.000000
0.999854 0.016911 -0.002569 -0.269274 -0.015057 0.941412 0.336923 63.577206 0.008116 -0.336835 0.941529 -1.064826 0.000000 0.000000 0.000000 1.000000
0.999869 0.015670 -0.004091 -0.310386 -0.013378 0.941518 0.336697 63.581451 0.009127 -0.336598 0.941604 -1.057391 0.000000 0.000000 0.000000 1.000000
0.999882 0.014348 -0.005465 -0.347920 -0.011673 0.941610 0.336504 63.584827 0.009974 -0.336401 0.941666 -1.052758 0.000000 0.000000 0.000000 1.000000
0.999894 0.013009 -0.006592 -0.379620 -0.010034 0.941700 0.336303 63.586044 0.010582 -0.336201 0.941731 -1.051440 0.000000 0.000000 0.000000 1.000000
0.999904 0.011635 -0.007534 -0.404517 -0.008425 0.941758 0.336186 63.586628 0.011006 -0.336090 0.941766 -1.052322 0.000000 0.000000 0.000000 1.000000
0.999909 0.010423 -0.008507 -0.423202 -0.006957 0.941749 0.336245 63.586571 0.011516 -0.336155 0.941736 -1.052697 0.000000 0.000000 0.000000 1.000000
0.999905 0.009741 -0.009714 -0.437686 -0.005904 0.941662 0.336509 63.585506 0.012425 -0.336420 0.941630 -1.052696 0.000000 0.000000 0.000000 1.000000
0.999892 0.009517 -0.011182 -0.451132 -0.005194 0.941530 0.336889 63.583469 0.013735 -0.336794 0.941478 -1.053065 0.000000 0.000000 0.000000 1.000000
0.999877 0.009184 -0.012708 -0.465694 -0.004360 0.941375 0.337333 63.581390 0.015061 -0.337236 0.941300 -1.054596 0.000000 0.000000 0.000000 1.000000
0.999865 0.008350 -0.014122 -0.481487 -0.003088 0.941188 0.337870 63.579826 0.016113 -0.337781 0.941087 -1.057266 0.000000 0.000000 0.000000 1.000000
0.999855 0.007138 -0.015444 -0.498385 -0.001488 0.940939 0.338574 63.579052 0.016948 -0.338502 0.940813 -1.060779 0.000000 0.000000 0.000000 1.000000
0.999843 0.005859 -0.016700 -0.517983 0.000158 0.940616 0.339472 63.578766 0.017697 -0.339422 0.940468 -1.066858 0.000000 0.000000 0.000000 1.000000
0.999829 0.004671 -0.017865 -0.542472 0.001692 0.940232 0.340530 63.577454 0.018388 -0.340502 0.940064 -1.076301 0.000000 0.000000 0.000000 1.000000
0.999814 0.003488 -0.018952 -0.572433 0.003198 0.939816 0.341665 63.575352 0.019003 -0.341662 0.939631 -1.089929 0.000000 0.000000 0.000000 1.000000
0.999797 0.002109 -0.020051 -0.605734 0.004893 0.939396 0.342798 63.574863 0.019559 -0.342827 0.939195 -1.106107 0.000000 0.000000 0.000000 1.000000
0.999775 0.000544 -0.021188 -0.638553 0.006779 0.938955 0.343974 63.579239 0.020082 -0.344040 0.938740 -1.122491 0.000000 0.000000 0.000000 1.000000
0.999754 -0.000900 -0.022147 -0.667089 0.008494 0.938453 0.345304 63.588852 0.020473 -0.345407 0.938230 -1.138977 0.000000 0.000000 0.000000 1.000000
0.999742 -0.001930 -0.022641 -0.688812 0.009663 0.937914 0.346733 63.599823 0.020566 -0.346862 0.937691 -1.155328 0.000000 0.000000 0.000000 1.000000
0.999736 -0.002450 -0.022862 -0.702586 0.010257 0.937412 0.348070 63.606865 0.020578 -0.348212 0.937190 -1.169434 0.000000 0.000000 0.000000 1.000000
0.999734 -0.002644 -0.022931 -0.708464 0.010489 0.936972 0.349247 63.609093 0.020562 -0.349394 0.936750 -1.179893 0.000000 0.000000 0.000000 1.000000
0.999734 -0.002641 -0.022905 -0.707465 0.010502 0.936535 0.350417 63.611923 0.020526 -0.350564 0.936314 -1.188311 0.000000 0.000000 0.000000 1.000000
0.999736 -0.002518 -0.022825 -0.701122 0.010388 0.936030 0.351766 63.620422 0.020479 -0.351911 0.935810 -1.197484 0.000000 0.000000 0.000000 1.000000
0.999740 -0.002273 -0.022697 -0.689694 0.010147 0.935471 0.353259 63.632492 0.020429 -0.353397 0.935250 -1.207032 0.000000 0.000000 0.000000 1.000000
0.999744 -0.001935 -0.022527 -0.673021 0.009803 0.934920 0.354722 63.644554 0.020375 -0.354852 0.934700 -1.218442 0.000000 0.000000 0.000000 1.000000
0.999752 -0.001499 -0.022227 -0.652189 0.009320 0.934372 0.356177 63.658943 0.020235 -0.356296 0.934154 -1.231995 0.000000 0.000000 0.000000 1.000000
0.999763 -0.000885 -0.021758 -0.629369 0.008613 0.933775 0.357757 63.679771 0.020000 -0.357859 0.933561 -1.248352 0.000000 0.000000 0.000000 1.000000
0.999778 -0.000023 -0.021068 -0.607294 0.007594 0.933160 0.359380 63.705639 0.019652 -0.359461 0.932953 -1.266748 0.000000 0.000000 0.000000 1.000000
0.999796 0.001040 -0.020164 -0.588912 0.006307 0.932611 0.360828 63.732330 0.019180 -0.360881 0.932415 -1.284088 0.000000 0.000000 0.000000 1.000000
0.999813 0.002067 -0.019244 -0.575445 0.005041 0.932156 0.362022 63.758751 0.018686 -0.362051 0.931971 -1.297139 0.000000 0.000000 0.000000 1.000000
0.999826 0.002866 -0.018435 -0.564601 0.004024 0.931750 0.363078 63.787315 0.018217 -0.363089 0.931577 -1.309019 0.000000 0.000000 0.000000 1.000000
0.999839 0.003528 -0.017612 -0.552178 0.003128 0.931347 0.364120 63.821777 0.017687 -0.364116 0.931186 -1.319643 0.000000 0.000000 0.000000 1.000000
0.999852 0.004242 -0.016645 -0.535195 0.002130 0.930922 0.365213 63.865059 0.017044 -0.365195 0.930775 -1.329126 0.000000 0.000000 0.000000 1.000000
0.999866 0.005044 -0.015549 -0.512045 0.001004 0.930469 0.366370 63.915337 0.016316 -0.366337 0.930339 -1.337533 0.000000 0.000000 0.000000 1.000000
0.999879 0.005864 -0.014411 -0.482398 -0.000157 0.930008 0.367540 63.966537 0.015558 -0.367494 0.929896 -1.345154 0.000000 0.000000 0.000000 1.000000
0.999889 0.006706 -0.013341 -0.448144 -0.001316 0.929577 0.368627 64.013168 0.014873 -0.368568 0.929482 -1.350760 0.000000 0.000000 0.000000 1.000000
0.999894 0.007650 -0.012394 -0.413045 -0.002528 0.929196 0.369579 64.053375 0.014344 -0.369508 0.929117 -1.354939 0.000000 0.000000 0.000000 1.000000
0.999895 0.008710 -0.011558 -0.380507 -0.003809 0.928851 0.370435 64.089317 0.013962 -0.370352 0.928786 -1.358537 0.000000 0.000000 0.000000 1.000000
0.999894 0.009707 -0.010850 -0.353052 -0.004985 0.928515 0.371262 64.126068 0.013678 -0.371169 0.928465 -1.361553 0.000000 0.000000 0.000000 1.000000
0.999893 0.010435 -0.010274 -0.331933 -0.005864 0.928200 0.372035 64.169029 0.013418 -0.371935 0.928162 -1.363898 0.000000 0.000000 0.000000 1.000000
0.999892 0.011006 -0.009771 -0.315855 -0.006572 0.927929 0.372699 64.217621 0.013169 -0.372594 0.927901 -1.367335 0.000000 0.000000 0.000000 1.000000
0.999889 0.011663 -0.009305 -0.302156 -0.007346 0.927669 0.373332 64.263618 0.012986 -0.373222 0.927651 -1.373507 0.000000 0.000000 0.000000 1.000000
0.999884 0.012397 -0.008876 -0.289942 -0.008177 0.927365 0.374068 64.302467 0.012868 -0.373952 0.927359 -1.382767 0.000000 0.000000 0.000000 1.000000
0.999879 0.013053 -0.008466 -0.282963 -0.008928 0.927027 0.374888 64.338379 0.012742 -0.374767 0.927031 -1.394081 0.000000 0.000000 0.000000 1.000000
0.999876 0.013587 -0.008013 -0.278228 -0.009582 0.926721 0.375628 64.376396 0.012529 -0.375505 0.926736 -1.408894 0.000000 0.000000 0.000000 1.000000
0.999873 0.014070 -0.007432 -0.275568 -0.010241 0.926489 0.376183 64.416641 0.012179 -0.376059 0.926516 -1.423951 0.000000 0.000000 0.000000 1.000000
0.999871 0.014550 -0.006737 -0.274444 -0.010942 0.926319 0.376580 64.456131 0.011720 -0.376458 0.926360 -1.437573 0.000000 0.000000 0.000000 1.000000
0.999869 0.014960 -0.006111 -0.274292 -0.011555 0.926202 0.376851 64.492241 0.011298 -0.376731 0.926254 -1.449636 0.000000 0.000000 0.000000 1.000000
0.999867 0.015266 -0.005783 -0.277122 -0.011959 0.926131 0.377013 64.525681 0.011112 -0.376893 0.926190 -1.460939 0.000000 0.000000 0.000000 1.000000
0.999862 0.015544 -0.005787 -0.281083 -0.012213 0.926054 0.377193 64.558716 0.011222 -0.377070 0.926117 -1.471293 0.000000 0.000000 0.000000 1.000000
0.999855 0.015925 -0.005981 -0.285058 -0.012488 0.925894 0.377577 64.592270 0.011551 -0.377448 0.925959 -1.480221 0.000000 0.000000 0.000000 1.000000
0.999848 0.016292 -0.006193 -0.289180 -0.012741 0.925666 0.378127 64.625961 0.011893 -0.377991 0.925733 -1.487940 0.000000 0.000000 0.000000 1.000000
0.999845 0.016500 -0.006203 -0.295393 -0.012924 0.925503 0.378521 64.659775 0.011987 -0.378382 0.925572 -1.495899 0.000000 0.000000 0.000000 1.000000
0.999843 0.016578 -0.006220 -0.304953 -0.012989 0.925463 0.378615 64.693535 0.012033 -0.378475 0.925533 -1.504855 0.000000 0.000000 0.000000 1.000000
0.999845 0.016461 -0.006297 -0.315356 -0.012852 0.925470 0.378602 64.726212 0.012060 -0.378462 0.925538 -1.514124 0.000000 0.000000 0.000000 1.000000
0.999847 0.016263 -0.006395 -0.325460 -0.012632 0.925466 0.378621 64.756866 0.012076 -0.378482 0.925530 -1.522537 0.000000 0.000000 0.000000 1.000000
0.999848 0.016207 -0.006423 -0.334815 -0.012567 0.925400 0.378783 64.785072 0.012083 -0.378644 0.925463 -1.530057 0.000000 0.000000 0.000000 1.000000
0.999846 0.016382 -0.006344 -0.341131 -0.012757 0.925327 0.378955 64.811180 0.012078 -0.378816 0.925393 -1.536839 0.000000 0.000000 0.000000 1.000000
0.999841 0.016699 -0.006184 -0.341724 -0.013109 0.925253 0.379124 64.835373 0.012053 -0.378983 0.925325 -1.543371 0.000000 0.000000 0.000000 1.000000
0.999838 0.016965 -0.006005 -0.336405 -0.013419 0.925142 0.379384 64.857574 0.011992 -0.379242 0.925220 -1.549839 0.000000 0.000000 0.000000 1.000000
0.999836 0.017208 -0.005682 -0.326503 -0.013762 0.924991 0.379739 64.878159 0.011790 -0.379599 0.925076 -1.557003 0.000000 0.000000 0.000000 1.000000
0.999833 0.017527 -0.005171 -0.313437 -0.014247 0.924855 0.380052 64.897217 0.011444 -0.379915 0.924951 -1.567470 0.000000 0.000000 0.000000 1.000000
0.999830 0.017912 -0.004450 -0.300024 -0.014873 0.924714 0.380371 64.915329 0.010928 -0.380240 0.924823 -1.574937 0.000000 0.000000 0.000000 1.000000
0.999827 0.018249 -0.003583 -0.288013 -0.015510 0.924555 0.380734 64.933464 0.010261 -0.380612 0.924678 -1.581094 0.000000 0.000000 0.000000 1.000000
0.999824 0.018558 -0.002656 -0.275442 -0.016145 0.924368 0.381160 64.952942 0.009529 -0.381051 0.924505 -1.587584 0.000000 0.000000 0.000000 1.000000
0.999818 0.018982 -0.001759 -0.261229 -0.016873 0.924105 0.381766 64.974403 0.008872 -0.381667 0.924257 -1.595260 0.000000 0.000000 0.000000 1.000000
0.999808 0.019584 -0.000978 -0.247886 -0.017721 0.923802 0.382460 64.995506 0.008393 -0.382369 0.923972 -1.605682 0.000000 0.000000 0.000000 1.000000
0.999794 0.020274 -0.000324 -0.236942 -0.018603 0.923521 0.383097 65.012100 0.008066 -0.383012 0.923708 -1.615788 0.000000 0.000000 0.000000 1.000000
0.999780 0.020958 0.000253 -0.227013 -0.019452 0.923288 0.383616 65.021820 0.007806 -0.383536 0.923493 -1.626051 0.000000 0.000000 0.000000 1.000000
0.999766 0.021611 0.000844 -0.216839 -0.020278 0.923078 0.384078 65.026192 0.007521 -0.384005 0.923300 -1.637892 0.000000 0.000000 0.000000 1.000000
0.999752 0.022213 0.001562 -0.206261 -0.021106 0.922859 0.384560 65.029480 0.007101 -0.384498 0.923099 -1.651409 0.000000 0.000000 0.000000 1.000000
0.999737 0.022783 0.002457 -0.194668 -0.021972 0.922626 0.385068 65.032257 0.006506 -0.385021 0.922885 -1.664643 0.000000 0.000000 0.000000 1.000000
0.999721 0.023374 0.003476 -0.180760 -0.022907 0.922395 0.385568 65.033752 0.005806 -0.385540 0.922673 -1.675425 0.000000 0.000000 0.000000 1.000000
0.999703 0.023929 0.004506 -0.164400 -0.023813 0.922170 0.386052 65.033600 0.005083 -0.386045 0.922466 -1.683473 0.000000 0.000000 0.000000 1.000000
0.999688 0.024367 0.005441 -0.146895 -0.024576 0.921942 0.386546 65.028999 0.004403 -0.386560 0.922254 -1.689326 0.000000 0.000000 0.000000 1.000000
0.999674 0.024754 0.006275 -0.131124 -0.025253 0.921720 0.387033 65.020859 0.003797 -0.387065 0.922045 -1.692807 0.000000 0.000000 0.000000 1.000000
0.999657 0.025204 0.007099 -0.121625 -0.025986 0.921528 0.387441 65.013153 0.003223 -0.387492 0.921867 -1.696937 0.000000 0.000000 0.000000 1.000000
0.999636 0.025788 0.007975 -0.120515 -0.026863 0.921388 0.387714 65.009056 0.002650 -0.387786 0.921745 -1.702124 0.000000 0.000000 0.000000 1.000000
0.999607 0.026595 0.008842 -0.123740 -0.027942 0.921264 0.387934 65.007935 0.002171 -0.388029 0.921645 -1.707421 0.000000 0.000000 0.000000 1.000000
0.999570 0.027679 0.009677 -0.122969 -0.029265 0.921059 0.388321 65.007172 0.001835 -0.388437 0.921473 -1.711429 0.000000 0.000000 0.000000 1.000000
0.999526 0.028896 0.010607 -0.110922 -0.030746 0.920744 0.388955 65.003693 0.001473 -0.389097 0.921196 -1.713443 0.000000 0.000000 0.000000 1.000000
0.999482 0.029969 0.011730 -0.084865 -0.032170 0.920446 0.389543 64.998024 0.000877 -0.389718 0.920934 -1.713806 0.000000 0.000000 0.000000 1.000000
0.999437 0.030925 0.013024 -0.046142 -0.033556 0.920327 0.389707 64.993912 0.000066 -0.389924 0.920847 -1.710870 0.000000 0.000000 0.000000 1.000000
0.999382 0.032040 0.014448 0.002002 -0.035138 0.920321 0.389582 64.992393 -0.000815 -0.389849 0.920879 -1.702234 0.000000 0.000000 0.000000 1.000000
0.999314 0.033411 0.015982 0.055537 -0.036998 0.920311 0.389435 64.991676 -0.001697 -0.389759 0.920915 -1.691367 0.000000 0.000000 0.000000 1.000000
0.999236 0.034927 0.017543 0.108875 -0.039002 0.920261 0.389357 64.989403 -0.002545 -0.389744 0.920920 -1.681302 0.000000 0.000000 0.000000 1.000000
0.999155 0.036464 0.018965 0.155578 -0.040972 0.920201 0.389297 64.983376 -0.003257 -0.389745 0.920917 -1.672763 0.000000 0.000000 0.000000 1.000000
0.999077 0.037911 0.020174 0.191466 -0.042776 0.920138 0.389251 64.972458 -0.003806 -0.389755 0.920911 -1.665851 0.000000 0.000000 0.000000 1.000000
0.999006 0.039186 0.021246 0.216079 -0.044367 0.920080 0.389210 64.956924 -0.004296 -0.389766 0.920904 -1.660615 0.000000 0.000000 0.000000 1.000000
0.998939 0.040295 0.022285 0.232125 -0.045794 0.920022 0.389183 64.938736 -0.004821 -0.389790 0.920891 -1.656963 0.000000 0.000000 0.000000 1.000000
0.998876 0.041277 0.023318 0.243992 -0.047100 0.919962 0.389167 64.919327 -0.005388 -0.389828 0.920872 -1.654197 0.000000 0.000000 0.000000 1.000000
0.998817 0.042106 0.024323 0.255875 -0.048256 0.919917 0.389133 64.898621 -0.005990 -0.389846 0.920860 -1.650671 0.000000 0.000000 0.000000 1.000000
