<?xml version="1.0" encoding="utf-8"?>
<COLLADA xmlns="http://www.collada.org/2005/11/COLLADASchema" version="1.4.1">
  <asset>
    <contributor>
      <author>Mixamo</author>
      <authoring_tool>COLLADA Mixamo exporter</authoring_tool>
      <comments/>
    </contributor>
    <created>2024-03-29T12:41:37Z</created>
    <modified>2024-03-29T12:41:37Z</modified>
    <revision/>
    <title/>
    <unit meter="0.010000"/>
    <up_axis>Y_UP</up_axis>
  </asset>
  <library_animations>
    <animation id="mixamorig_Hips-anim" name="mixamorig_Hips">
      <source id="mixamorig_Hips-Matrix-animation-input">
        <float_array id="mixamorig_Hips-Matrix-animation-input-array" count="207">

0.000000 0.033333 0.066667 0.100000 0.133333 0.166667 0.200000 0.233333 0.266667 0.300000 0.333333 0.366667 0.400000 0.433333 0.466667 0.500000
0.533333 0.566667 0.600000 0.633333 0.666667 0.700000 0.733333 0.766667 0.800000 0.833333 0.866667 0.900000 0.933333 0.966667 1.000000 1.033333
1.066667 1.100000 1.133333 1.166667 1.200000 1.233333 1.266667 1.300000 1.333333 1.366667 1.400000 1.433333 1.466667 1.500000 1.533333 1.566667
1.600000 1.633333 1.666667 1.700000 1.733333 1.766667 1.800000 1.833333 1.866667 1.900000 1.933333 1.966667 2.000000 2.033333 2.066667 2.100000
2.133333 2.166667 2.200000 2.233333 2.266667 2.300000 2.333333 2.366667 2.400000 2.433333 2.466667 2.500000 2.533333 2.566667 2.600000 2.633333
2.666667 2.700000 2.733333 2.766667 2.800000 2.833333 2.866667 2.900000 2.933333 2.966667 3.000000 3.033333 3.066667 3.100000 3.133333 3.166667
3.200000 3.233333 3.266667 3.300000 3.333333 3.366667 3.400000 3.433333 3.466667 3.500000 3.533333 3.566667 3.600000 3.633333 3.666667 3.700000
3.733333 3.766667 3.800000 3.833333 3.866667 3.900000 3.933333 3.966667 4.000000 4.033333 4.066667 4.100000 4.133333 4.166667 4.200000 4.233333
4.266667 4.300000 4.333333 4.366667 4.400000 4.433333 4.466667 4.500000 4.533333 4.566667 4.600000 4.633333 4.666667 4.700000 4.733333 4.766667
4.800000 4.833333 4.866667 4.900000 4.933333 4.966667 5.000000 5.033333 5.066667 5.100000 5.133333 5.166667 5.200000 5.233333 5.266667 5.300000
5.333333 5.366667 5.400000 5.433333 5.466667 5.500000 5.533333 5.566667 5.600000 5.633333 5.666667 5.700000 5.733333 5.766667 5.800000 5.833333
5.866667 5.900000 5.933333 5.966667 6.000000 6.033333 6.066667 6.100000 6.133333 6.166667 6.200000 6.233333 6.266667 6.300000 6.333333 6.366667
6.400000 6.433333 6.466667 6.500000 6.533333 6.566667 6.600000 6.633333 6.666667 6.700000 6.733333 6.766667 6.800000 6.833333 6.866667</float_array>
        <technique_common>
          <accessor source="#mixamorig_Hips-Matrix-animation-input-array" count="207">
            <param name="TIME" type="float"/>
          </accessor>
        </technique_common>
      </source>
      <source id="mixamorig_Hips-Matrix-animation-output-transform">
        <float_array id="mixamorig_Hips-Matrix-animation-output-transform-array" count="3312">

0.998656 -0.007546 0.051277 4.968764 0.008354 0.999844 -0.015564 50.331284 -0.051151 0.015971 0.998563 14.492151 0.000000 0.000000 0.000000 1.000000
0.998402 -0.007943 0.055957 4.976626 0.008741 0.999863 -0.014032 50.320522 -0.055838 0.014499 0.998335 14.495619 0.000000 0.000000 0.000000 1.000000
0.998216 -0.007677 0.059207 4.982692 0.008397 0.999894 -0.011918 50.313900 -0.059109 0.012394 0.998175 14.516641 0.000000 0.000000 0.000000 1.000000
0.998160 -0.006876 0.060238 4.988752 0.007468 0.999926 -0.009612 50.309052 -0.060168 0.010044 0.998138 14.530367 0.000000 0.000000 0.000000 1.000000
0.998216 -0.006046 0.059391 4.999247 0.006511 0.999950 -0.007637 50.301373 -0.059342 0.008010 0.998206 14.514868 0.000000 0.000000 0.000000 1.000000
0.998309 -0.005660 0.057855 5.014635 0.006029 0.999963 -0.006206 50.291294 -0.057818 0.006544 0.998306 14.466320 0.000000 0.000000 0.000000 1.000000
0.998368 -0.005816 0.056803 5.028534 0.006113 0.999968 -0.005065 50.278488 -0.056771 0.005404 0.998373 14.394501 0.000000 0.000000 0.000000 1.000000
0.998372 -0.006307 0.056694 5.031242 0.006537 0.999971 -0.003870 50.258636 -0.056668 0.004235 0.998384 14.309051 0.000000 0.000000 0.000000 1.000000
0.998327 -0.006875 0.057402 5.017159 0.007036 0.999972 -0.002592 50.232956 -0.057382 0.002992 0.998348 14.217211 0.000000 0.000000 0.000000 1.000000
0.998240 -0.007374 0.058838 4.988225 0.007472 0.999971 -0.001456 50.209404 -0.058825 0.001893 0.998267 14.127524 0.000000 0.000000 0.000000 1.000000
0.998095 -0.007715 0.061212 4.951713 0.007767 0.999970 -0.000613 50.195133 -0.061205 0.001088 0.998125 14.050928 0.000000 0.000000 0.000000 1.000000
0.997883 -0.007706 0.064569 4.917736 0.007717 0.999970 0.000079 50.192348 -0.064568 0.000419 0.997913 13.997437 0.000000 0.000000 0.000000 1.000000
0.997652 -0.007115 0.068120 4.894078 0.007068 0.999975 0.000929 50.192997 -0.068125 -0.000445 0.997677 13.966772 0.000000 0.000000 0.000000 1.000000
0.997506 -0.005986 0.070330 4.880033 0.005863 0.999981 0.001948 50.184429 -0.070340 -0.001531 0.997522 13.945783 0.000000 0.000000 0.000000 1.000000
0.997532 -0.004714 0.070061 4.868639 0.004537 0.999986 0.002683 50.168682 -0.070073 -0.002359 0.997539 13.922817 0.000000 0.000000 0.000000 1.000000
0.997696 -0.003727 0.067736 4.856193 0.003548 0.999990 0.002760 50.159431 -0.067745 -0.002513 0.997699 13.898728 0.000000 0.000000 0.000000 1.000000
0.997870 -0.003170 0.065157 4.847254 0.003014 0.999992 0.002485 50.157787 -0.065164 -0.002283 0.997872 13.881506 0.000000 0.000000 0.000000 1.000000
0.997933 -0.002849 0.064194 4.847457 0.002675 0.999993 0.002797 50.158199 -0.064202 -0.002620 0.997934 13.883909 0.000000 0.000000 0.000000 1.000000
0.997857 -0.002513 0.065382 4.852570 0.002216 0.999987 0.004621 50.167953 -0.065393 -0.004466 0.997850 13.917309 0.000000 0.000000 0.000000 1.000000
0.997697 -0.001989 0.067802 4.851582 0.001447 0.999967 0.008038 50.192741 -0.067815 -0.007921 0.997666 13.972850 0.000000 0.000000 0.000000 1.000000
0.997535 -0.001190 0.070167 4.838243 0.000367 0.999931 0.011739 50.216278 -0.070177 -0.011684 0.997466 14.015364 0.000000 0.000000 0.000000 1.000000
0.997411 -0.000200 0.071909 4.814815 -0.000781 0.999907 0.013620 50.221699 -0.071905 -0.013641 0.997318 14.015400 0.000000 0.000000 0.000000 1.000000
0.997299 0.000708 0.073449 4.787248 -0.001640 0.999919 0.012632 50.214630 -0.073434 -0.012718 0.997219 13.982353 0.000000 0.000000 0.000000 1.000000
0.997123 0.001330 0.075795 4.760433 -0.002100 0.999947 0.010070 50.208755 -0.075778 -0.010200 0.997073 13.954094 0.000000 0.000000 0.000000 1.000000
0.996837 0.001621 0.079451 4.735723 -0.002302 0.999961 0.008475 50.201370 -0.079434 -0.008631 0.996803 13.949982 0.000000 0.000000 0.000000 1.000000
0.996473 0.001859 0.083894 4.715121 -0.002642 0.999954 0.009220 50.190876 -0.083873 -0.009409 0.996432 13.961399 0.000000 0.000000 0.000000 1.000000
0.996167 0.002332 0.087446 4.701198 -0.003340 0.999930 0.011386 50.185402 -0.087413 -0.011635 0.996104 13.967237 0.000000 0.000000 0.000000 1.000000
0.996079 0.003108 0.088410 4.692686 -0.004272 0.999907 0.012980 50.190666 -0.088362 -0.013306 0.996000 13.958526 0.000000 0.000000 0.000000 1.000000
0.996247 0.003934 0.086464 4.681846 -0.005063 0.999905 0.012840 50.199173 -0.086405 -0.013229 0.996172 13.945722 0.000000 0.000000 0.000000 1.000000
0.996538 0.004421 0.083022 4.661651 -0.005382 0.999921 0.011359 50.199711 -0.082966 -0.011767 0.996483 13.948774 0.000000 0.000000 0.000000 1.000000
0.996760 0.004515 0.080303 4.636185 -0.005319 0.999938 0.009801 50.198116 -0.080254 -0.010197 0.996722 13.990106 0.000000 0.000000 0.000000 1.000000
0.996835 0.004345 0.079384 4.613560 -0.005085 0.999946 0.009111 50.204147 -0.079340 -0.009486 0.996803 14.069521 0.000000 0.000000 0.000000 1.000000
0.996797 0.004160 0.079862 4.600278 -0.004920 0.999944 0.009321 50.222656 -0.079819 -0.009684 0.996762 14.168101 0.000000 0.000000 0.000000 1.000000
0.996734 0.004075 0.080647 4.599047 -0.004874 0.999941 0.009705 50.245316 -0.080603 -0.010066 0.996695 14.255444 0.000000 0.000000 0.000000 1.000000
0.996701 0.004062 0.081056 4.607931 -0.004842 0.999944 0.009427 50.259804 -0.081013 -0.009789 0.996665 14.306472 0.000000 0.000000 0.000000 1.000000
0.996694 0.004099 0.081146 4.618205 -0.004779 0.999955 0.008189 50.265648 -0.081109 -0.008550 0.996669 14.318035 0.000000 0.000000 0.000000 1.000000
0.996681 0.004264 0.081298 4.618018 -0.004802 0.999968 0.006419 50.271599 -0.081268 -0.006788 0.996669 14.307053 0.000000 0.000000 0.000000 1.000000
0.996662 0.004505 0.081512 4.600770 -0.004909 0.999977 0.004759 50.274887 -0.081489 -0.005144 0.996661 14.286145 0.000000 0.000000 0.000000 1.000000
0.996652 0.004716 0.081629 4.570722 -0.005014 0.999981 0.003448 50.272438 -0.081611 -0.003846 0.996657 14.265287 0.000000 0.000000 0.000000 1.000000
0.996661 0.004799 0.081505 4.535443 -0.004995 0.999985 0.002202 50.269665 -0.081494 -0.002602 0.996670 14.252290 0.000000 0.000000 0.000000 1.000000
0.996681 0.004872 0.081255 4.500371 -0.004938 0.999988 0.000612 50.270504 -0.081251 -0.001011 0.996693 14.248545 0.000000 0.000000 0.000000 1.000000
0.996688 0.005242 0.081150 4.471278 -0.005134 0.999986 -0.001547 50.269901 -0.081157 0.001125 0.996701 14.248659 0.000000 0.000000 0.000000 1.000000
0.996675 0.006078 0.081249 4.456808 -0.005760 0.999975 -0.004153 50.264416 -0.081272 0.003671 0.996685 14.251069 0.000000 0.000000 0.000000 1.000000
0.996669 0.007165 0.081236 4.464348 -0.006644 0.999956 -0.006679 50.256943 -0.081280 0.006117 0.996673 14.261609 0.000000 0.000000 0.000000 1.000000
0.996704 0.007999 0.080731 4.493419 -0.007332 0.999937 -0.008557 50.249680 -0.080795 0.007937 0.996699 14.283637 0.000000 0.000000 0.000000 1.000000
0.996789 0.008105 0.079657 4.534876 -0.007350 0.999925 -0.009767 50.243607 -0.079731 0.009150 0.996774 14.311138 0.000000 0.000000 0.000000 1.000000
0.996900 0.007314 0.078344 4.577521 -0.006478 0.999919 -0.010924 50.240623 -0.078418 0.010383 0.996866 14.335150 0.000000 0.000000 0.000000 1.000000
0.996988 0.005836 0.077341 4.614936 -0.004867 0.999907 -0.012707 50.240025 -0.077408 0.012292 0.996924 14.351217 0.000000 0.000000 0.000000 1.000000
0.997020 0.004161 0.077032 4.645644 -0.003001 0.999881 -0.015164 50.239914 -0.077085 0.014887 0.996913 14.358974 0.000000 0.000000 0.000000 1.000000
0.996995 0.002842 0.077417 4.669662 -0.001487 0.999845 -0.017558 50.239819 -0.077455 0.017390 0.996844 14.357410 0.000000 0.000000 0.000000 1.000000
0.996918 0.002171 0.078422 4.687031 -0.000683 0.999819 -0.018998 50.236320 -0.078449 0.018886 0.996739 14.344275 0.000000 0.000000 0.000000 1.000000
0.996763 0.002012 0.080375 4.701880 -0.000468 0.999815 -0.019229 50.230968 -0.080399 0.019129 0.996579 14.327242 0.000000 0.000000 0.000000 1.000000
0.996486 0.001982 0.083741 4.723130 -0.000419 0.999825 -0.018678 50.238903 -0.083764 0.018577 0.996312 14.328651 0.000000 0.000000 0.000000 1.000000
0.996100 0.001787 0.088209 4.756952 -0.000210 0.999840 -0.017883 50.267941 -0.088227 0.017794 0.995941 14.365404 0.000000 0.000000 0.000000 1.000000
0.995725 0.001400 0.092361 4.800472 0.000180 0.999854 -0.017091 50.302830 -0.092371 0.017034 0.995579 14.433561 0.000000 0.000000 0.000000 1.000000
0.995533 0.000904 0.094408 4.842801 0.000642 0.999866 -0.016349 50.326447 -0.094411 0.016336 0.995399 14.519761 0.000000 0.000000 0.000000 1.000000
0.995634 0.000359 0.093337 4.873354 0.001108 0.999877 -0.015656 50.339645 -0.093331 0.015691 0.995511 14.617308 0.000000 0.000000 0.000000 1.000000
0.995990 -0.000176 0.089462 4.888528 0.001515 0.999888 -0.014900 50.352577 -0.089450 0.014976 0.995879 14.725351 0.000000 0.000000 0.000000 1.000000
0.996458 -0.000595 0.084088 4.890926 0.001760 0.999903 -0.013787 50.372375 -0.084072 0.013886 0.996363 14.840761 0.000000 0.000000 0.000000 1.000000
0.996893 -0.000753 0.078769 4.884671 0.001704 0.999926 -0.012017 50.400181 -0.078754 0.012114 0.996821 14.952009 0.000000 0.000000 0.000000 1.000000
0.997196 -0.000430 0.074835 4.872195 0.001148 0.999954 -0.009546 50.436180 -0.074827 0.009605 0.997150 15.046266 0.000000 0.000000 0.000000 1.000000
0.997351 0.000316 0.072741 4.851013 0.000177 0.999977 -0.006770 50.471642 -0.072741 0.006765 0.997328 15.107737 0.000000 0.000000 0.000000 1.000000
0.997394 0.001190 0.072144 4.820958 -0.000876 0.999990 -0.004379 50.495972 -0.072148 0.004304 0.997385 15.130371 0.000000 0.000000 0.000000 1.000000
0.997385 0.001812 0.072254 4.788744 -0.001602 0.999994 -0.002958 50.502396 -0.072259 0.002835 0.997382 15.118979 0.000000 0.000000 0.000000 1.000000
0.997374 0.001952 0.072401 4.763825 -0.001768 0.999995 -0.002605 50.492981 -0.072406 0.002470 0.997372 15.085566 0.000000 0.000000 0.000000 1.000000
0.997378 0.001650 0.072344 4.752554 -0.001443 0.999995 -0.002910 50.477482 -0.072348 0.002798 0.997376 15.044807 0.000000 0.000000 0.000000 1.000000
0.997397 0.001132 0.072101 4.757743 -0.000893 0.999994 -0.003337 50.464161 -0.072104 0.003264 0.997392 15.008979 0.000000 0.000000 0.000000 1.000000
0.997434 0.000594 0.071587 4.778507 -0.000333 0.999993 -0.003663 50.453384 -0.071589 0.003630 0.997428 14.984935 0.000000 0.000000 0.000000 1.000000
0.997509 0.000086 0.070534 4.806931 0.000206 0.999991 -0.004134 50.442024 -0.070534 0.004139 0.997501 14.975868 0.000000 0.000000 0.000000 1.000000
0.997628 -0.000343 0.068842 4.830398 0.000702 0.999986 -0.005184 50.430355 -0.068839 0.005220 0.997614 14.982911 0.000000 0.000000 0.000000 1.000000
0.997761 -0.000482 0.066875 4.840359 0.000946 0.999976 -0.006916 50.422592 -0.066870 0.006964 0.997737 15.002926 0.000000 0.000000 0.000000 1.000000
0.997874 -0.000151 0.065165 4.835883 0.000732 0.999960 -0.008896 50.422432 -0.065161 0.008925 0.997835 15.027537 0.000000 0.000000 0.000000 1.000000
0.997964 0.000495 0.063777 4.821909 0.000173 0.999945 -0.010466 50.429268 -0.063779 0.010456 0.997909 15.046815 0.000000 0.000000 0.000000 1.000000
0.998073 0.001016 0.062042 4.807143 -0.000323 0.999937 -0.011178 50.439209 -0.062049 0.011137 0.998011 15.055227 0.000000 0.000000 0.000000 1.000000
0.998256 0.001065 0.059019 4.801871 -0.000419 0.999940 -0.010967 50.446205 -0.059027 0.010923 0.998197 15.052618 0.000000 0.000000 0.000000 1.000000
0.998520 0.000641 0.054375 4.814154 -0.000088 0.999948 -0.010170 50.443497 -0.054379 0.010150 0.998469 15.041244 0.000000 0.000000 0.000000 1.000000
0.998803 -0.000080 0.048904 4.842912 0.000543 0.999955 -0.009439 50.432003 -0.048901 0.009455 0.998759 15.026831 0.000000 0.000000 0.000000 1.000000
0.999019 -0.000984 0.044281 4.876000 0.001403 0.999954 -0.009445 50.424854 -0.044270 0.009498 0.998974 15.018755 0.000000 0.000000 0.000000 1.000000
0.999104 -0.001999 0.042277 4.898765 0.002443 0.999942 -0.010469 50.438557 -0.042254 0.010563 0.999051 15.028135 0.000000 0.000000 0.000000 1.000000
0.999029 -0.002910 0.043950 4.906093 0.003453 0.999919 -0.012284 50.473328 -0.043911 0.012424 0.998958 15.059858 0.000000 0.000000 0.000000 1.000000
0.998801 -0.003521 0.048825 4.902239 0.004227 0.999888 -0.014370 50.513557 -0.048768 0.014559 0.998704 15.109500 0.000000 0.000000 0.000000 1.000000
0.998498 -0.003811 0.054656 4.894224 0.004700 0.999858 -0.016154 50.539177 -0.054587 0.016386 0.998375 15.161337 0.000000 0.000000 0.000000 1.000000
0.998301 -0.004077 0.058117 4.884349 0.005081 0.999840 -0.017152 50.544907 -0.058038 0.017418 0.998162 15.205871 0.000000 0.000000 0.000000 1.000000
0.998366 -0.004628 0.056950 4.872143 0.005620 0.999835 -0.017266 50.537590 -0.056861 0.017557 0.998228 15.244845 0.000000 0.000000 0.000000 1.000000
0.998646 -0.005527 0.051735 4.859187 0.006411 0.999836 -0.016934 50.528423 -0.051633 0.017243 0.998517 15.286417 0.000000 0.000000 0.000000 1.000000
0.998941 -0.006489 0.045557 4.850444 0.007259 0.999833 -0.016747 50.526558 -0.045441 0.017060 0.998821 15.336946 0.000000 0.000000 0.000000 1.000000
0.999106 -0.007117 0.041662 4.850673 0.007825 0.999827 -0.016865 50.534752 -0.041535 0.017176 0.998989 15.397528 0.000000 0.000000 0.000000 1.000000
0.999121 -0.007286 0.041292 4.860310 0.007991 0.999825 -0.016932 50.549545 -0.041161 0.017247 0.999004 15.465139 0.000000 0.000000 0.000000 1.000000
0.999025 -0.007192 0.043558 4.875299 0.007916 0.999833 -0.016467 50.566315 -0.043432 0.016796 0.998915 15.535843 0.000000 0.000000 0.000000 1.000000
0.998879 -0.007038 0.046812 4.887817 0.007764 0.999852 -0.015336 50.584091 -0.046697 0.015682 0.998786 15.606636 0.000000 0.000000 0.000000 1.000000
0.998732 -0.006808 0.049890 4.887851 0.007512 0.999875 -0.013938 50.605301 -0.049788 0.014295 0.998657 15.674162 0.000000 0.000000 0.000000 1.000000
0.998609 -0.006421 0.052325 4.870965 0.007107 0.999891 -0.012953 50.628288 -0.052236 0.013306 0.998546 15.730600 0.000000 0.000000 0.000000 1.000000
0.998522 -0.005951 0.054026 4.846826 0.006652 0.999896 -0.012811 50.644913 -0.053944 0.013151 0.998457 15.767574 0.000000 0.000000 0.000000 1.000000
0.998455 -0.005360 0.055299 4.834853 0.006108 0.999892 -0.013363 50.653393 -0.055222 0.013680 0.998380 15.790487 0.000000 0.000000 0.000000 1.000000
0.998384 -0.004472 0.056653 4.843748 0.005274 0.999888 -0.014014 50.658272 -0.056584 0.014291 0.998296 15.807122 0.000000 0.000000 0.000000 1.000000
0.998299 -0.003331 0.058206 4.863457 0.004164 0.999891 -0.014193 50.657368 -0.058153 0.014411 0.998204 15.809432 0.000000 0.000000 0.000000 1.000000
0.998225 -0.002223 0.059522 4.881774 0.003047 0.999901 -0.013752 50.644402 -0.059486 0.013909 0.998132 15.788799 0.000000 0.000000 0.000000 1.000000
0.998198 -0.001423 0.059985 4.893952 0.002209 0.999912 -0.013046 50.620178 -0.059961 0.013155 0.998114 15.752420 0.000000 0.000000 0.000000 1.000000
0.998239 -0.001011 0.059320 4.897295 0.001768 0.999918 -0.012699 50.595367 -0.059302 0.012781 0.998158 15.718728 0.000000 0.000000 0.000000 1.000000
0.998330 -0.000914 0.057766 4.887054 0.001681 0.999911 -0.013233 50.579227 -0.057748 0.013308 0.998242 15.699296 0.000000 0.000000 0.000000 1.000000
0.998436 -0.000979 0.055907 4.860273 0.001804 0.999890 -0.014710 50.569183 -0.055886 0.014788 0.998328 15.687954 0.000000 0.000000 0.000000 1.000000
0.998518 -0.000967 0.054414 4.821764 0.001878 0.999859 -0.016685 50.557461 -0.054390 0.016763 0.998379 15.671131 0.000000 0.000000 0.000000 1.000000
0.998555 -0.000635 0.053739 4.784049 0.001636 0.999826 -0.018568 50.542503 -0.053717 0.018629 0.998382 15.643159 0.000000 0.000000 0.000000 1.000000
0.998549 0.000059 0.053846 4.759527 0.001022 0.999798 -0.020060 50.528278 -0.053836 0.020086 0.998348 15.607472 0.000000 0.000000 0.000000 1.000000
0.998528 0.000897 0.054228 4.752815 0.000258 0.999773 -0.021287 50.516617 -0.054234 0.021270 0.998302 15.571089 0.000000 0.000000 0.000000 1.000000
0.998524 0.001638 0.054284 4.761446 -0.000410 0.999744 -0.022608 50.506794 -0.054307 0.022552 0.998270 15.543350 0.000000 0.000000 0.000000 1.000000
0.998553 0.002249 0.053733 4.779089 -0.000939 0.999702 -0.024383 50.497635 -0.053772 0.024297 0.998258 15.530578 0.000000 0.000000 0.000000 1.000000
0.998736 0.002099 0.050224 4.794840 -0.000535 0.999515 -0.031135 50.509186 -0.050265 0.031068 0.998253 15.576437 0.000000 0.000000 0.000000 1.000000
0.998948 0.001498 0.045831 4.795198 0.000319 0.999215 -0.039613 50.525753 -0.045854 0.039586 0.998163 15.646456 0.000000 0.000000 0.000000 1.000000
0.999126 0.000717 0.041796 4.782721 0.001282 0.998857 -0.047789 50.541668 -0.041783 0.047801 0.997983 15.727235 0.000000 0.000000 0.000000 1.000000
0.999274 -0.000247 0.038093 4.771017 0.002353 0.998471 -0.055236 50.555420 -0.038021 0.055285 0.997746 15.810794 0.000000 0.000000 0.000000 1.000000
0.999409 -0.001532 0.034335 4.767787 0.003659 0.998070 -0.061988 50.566696 -0.034174 0.062077 0.997486 15.884528 0.000000 0.000000 0.000000 1.000000
0.999541 -0.003282 0.030109 4.770005 0.005338 0.997638 -0.068478 50.574600 -0.029813 0.068608 0.997198 15.937139 0.000000 0.000000 0.000000 1.000000
0.999654 -0.005252 0.025769 4.771615 0.007153 0.997214 -0.074248 50.579044 -0.025307 0.074407 0.996907 15.961498 0.000000 0.000000 0.000000 1.000000
0.999720 -0.006878 0.022621 4.776881 0.008617 0.996937 -0.077730 50.580399 -0.022017 0.077903 0.996718 15.950669 0.000000 0.000000 0.000000 1.000000
0.999770 -0.008474 0.019677 4.790134 0.010045 0.996650 -0.081169 50.582405 -0.018923 0.081348 0.996506 15.941870 0.000000 0.000000 0.000000 1.000000
0.999807 -0.010213 0.016785 4.809285 0.011597 0.996352 -0.084550 50.589207 -0.015861 0.084729 0.996278 15.931239 0.000000 0.000000 0.000000 1.000000
0.999832 -0.012199 0.013645 4.831377 0.013357 0.996010 -0.088240 50.588120 -0.012514 0.088407 0.996006 15.903489 0.000000 0.000000 0.000000 1.000000
0.999855 -0.013888 0.009814 4.856550 0.014730 0.995676 -0.091715 50.574081 -0.008498 0.091846 0.995737 15.840884 0.000000 0.000000 0.000000 1.000000
0.999854 -0.015995 0.006021 4.873639 0.016500 0.995239 -0.096061 50.549328 -0.004456 0.096146 0.995357 15.766505 0.000000 0.000000 0.000000 1.000000
0.999809 -0.018796 0.005327 4.855812 0.019238 0.994674 -0.101255 50.502174 -0.003395 0.101338 0.994846 15.698272 0.000000 0.000000 0.000000 1.000000
0.999766 -0.021184 0.004435 4.828731 0.021534 0.994136 -0.105970 50.440048 -0.002164 0.106041 0.994359 15.560494 0.000000 0.000000 0.000000 1.000000
0.999742 -0.022718 -0.000407 4.796621 0.022540 0.993872 -0.108217 50.366623 0.002863 0.108180 0.994127 15.322433 0.000000 0.000000 0.000000 1.000000
0.999653 -0.025190 -0.007724 4.712806 0.024173 0.993477 -0.111437 50.272072 0.010480 0.111211 0.993742 15.042019 0.000000 0.000000 0.000000 1.000000
0.999543 -0.027370 -0.012856 4.585771 0.025730 0.993153 -0.113954 50.188137 0.015887 0.113571 0.993403 14.769425 0.000000 0.000000 0.000000 1.000000
0.999492 -0.028089 -0.015037 4.459712 0.026244 0.993441 -0.111289 50.140610 0.018064 0.110838 0.993674 14.484034 0.000000 0.000000 0.000000 1.000000
0.999404 -0.030563 -0.016048 4.313225 0.028641 0.993661 -0.108713 50.086071 0.019269 0.108188 0.993944 14.193565 0.000000 0.000000 0.000000 1.000000
0.999226 -0.035637 -0.016633 4.111739 0.033609 0.993429 -0.109400 49.996391 0.020422 0.108756 0.993859 13.904108 0.000000 0.000000 0.000000 1.000000
0.998999 -0.040231 -0.019544 3.920232 0.037823 0.993107 -0.110938 49.918217 0.023873 0.110088 0.993635 13.580396 0.000000 0.000000 0.000000 1.000000
0.998640 -0.044152 -0.027731 3.773487 0.040715 0.992624 -0.114191 49.800507 0.032568 0.112907 0.993072 13.177868 0.000000 0.000000 0.000000 1.000000
0.997927 -0.049708 -0.040874 3.604463 0.044451 0.991687 -0.120752 49.655254 0.046537 0.118685 0.991841 12.674621 0.000000 0.000000 0.000000 1.000000
0.996758 -0.055571 -0.058187 3.354773 0.047671 0.990458 -0.129309 49.515766 0.064818 0.126116 0.989896 12.088551 0.000000 0.000000 0.000000 1.000000
0.995126 -0.059555 -0.078599 2.974744 0.048264 0.989191 -0.138463 49.390846 0.085995 0.133994 0.987244 11.437730 0.000000 0.000000 0.000000 1.000000
0.993205 -0.064448 -0.096899 2.413670 0.049728 0.987839 -0.147314 49.282829 0.105214 0.141494 0.984332 10.733758 0.000000 0.000000 0.000000 1.000000
0.991944 -0.070602 -0.105178 1.674266 0.053916 0.986630 -0.153799 49.194130 0.114630 0.146890 0.982488 10.055615 0.000000 0.000000 0.000000 1.000000
0.991948 -0.076812 -0.100689 0.823043 0.060467 0.985846 -0.156371 49.123718 0.111275 0.149024 0.982553 9.491888 0.000000 0.000000 0.000000 1.000000
0.992504 -0.085372 -0.087454 -0.077530 0.071153 0.985432 -0.154468 49.070045 0.099368 0.147087 0.984120 9.052275 0.000000 0.000000 0.000000 1.000000
0.992794 -0.097421 -0.069784 -1.005677 0.085984 0.984719 -0.151443 49.082386 0.083471 0.144351 0.986000 8.732911 0.000000 0.000000 0.000000 1.000000
0.992571 -0.109958 -0.052085 -1.911791 0.100917 0.983153 -0.152398 49.231598 0.067964 0.146010 0.986946 8.547643 0.000000 0.000000 0.000000 1.000000
0.991861 -0.121535 -0.037959 -2.756309 0.114248 0.981124 -0.156026 49.461655 0.056205 0.150419 0.987023 8.396477 0.000000 0.000000 0.000000 1.000000
0.990662 -0.134511 -0.022256 -3.542756 0.129401 0.979047 -0.157233 49.582390 0.042939 0.152885 0.987311 8.212834 0.000000 0.000000 0.000000 1.000000
0.988526 -0.151040 0.001972 -4.226068 0.149549 0.976759 -0.153546 49.478188 0.021265 0.152079 0.988140 8.108587 0.000000 0.000000 0.000000 1.000000
0.984827 -0.170034 0.034715 -4.922261 0.173307 0.974016 -0.145801 49.544243 -0.009022 0.149605 0.988705 8.209715 0.000000 0.000000 0.000000 1.000000
0.979540 -0.187622 0.072793 -5.858685 0.196382 0.970196 -0.141966 50.022388 -0.043987 0.153357 0.987191 8.453006 0.000000 0.000000 0.000000 1.000000
0.972101 -0.204850 0.114262 -6.985532 0.219734 0.965747 -0.138021 50.637039 -0.082075 0.159278 0.983816 8.723327 0.000000 0.000000 0.000000 1.000000
0.959992 -0.228596 0.161740 -8.062996 0.249265 0.960774 -0.121572 51.217636 -0.127605 0.157024 0.979316 8.886460 0.000000 0.000000 0.000000 1.000000
0.944232 -0.251845 0.212134 -8.856798 0.277378 0.955516 -0.100250 51.656258 -0.177450 0.153501 0.972085 8.900122 0.000000 0.000000 0.000000 1.000000
0.928487 -0.268566 0.256486 -9.409575 0.299165 0.950124 -0.088114 51.824440 -0.220029 0.158544 0.962523 8.820822 0.000000 0.000000 0.000000 1.000000
0.915764 -0.281650 0.286443 -9.820283 0.317079 0.944590 -0.084921 51.729603 -0.246653 0.168592 0.954326 8.597401 0.000000 0.000000 0.000000 1.000000
0.907004 -0.291778 0.303659 -10.016475 0.330078 0.940354 -0.082356 51.547470 -0.261517 0.174928 0.949215 8.244974 0.000000 0.000000 0.000000 1.000000
0.901882 -0.295550 0.315054 -9.929197 0.334914 0.939028 -0.077839 51.394104 -0.272839 0.175717 0.945876 7.902310 0.000000 0.000000 0.000000 1.000000
0.900343 -0.294233 0.320641 -9.643568 0.332963 0.940171 -0.072206 51.239723 -0.280212 0.171771 0.944445 7.612284 0.000000 0.000000 0.000000 1.000000
0.902261 -0.291685 0.317560 -9.247882 0.328391 0.942114 -0.067686 51.062542 -0.279435 0.165354 0.945819 7.289584 0.000000 0.000000 0.000000 1.000000
0.907705 -0.286239 0.306821 -8.639437 0.321146 0.944518 -0.068929 50.872032 -0.270068 0.161101 0.949268 6.938153 0.000000 0.000000 0.000000 1.000000
0.916049 -0.275789 0.291194 -7.818646 0.310420 0.947280 -0.079366 50.686558 -0.253954 0.163096 0.953366 6.567018 0.000000 0.000000 0.000000 1.000000
0.923783 -0.267268 0.274211 -7.016926 0.301897 0.948871 -0.092205 50.780090 -0.235548 0.167961 0.957239 6.022015 0.000000 0.000000 0.000000 1.000000
0.931213 -0.262142 0.253228 -6.023887 0.294121 0.950801 -0.097320 50.932636 -0.215258 0.165105 0.962499 5.603206 0.000000 0.000000 0.000000 1.000000
0.938638 -0.258810 0.227982 -4.893307 0.285794 0.953665 -0.094042 51.016846 -0.193080 0.153427 0.969113 5.387090 0.000000 0.000000 0.000000 1.000000
0.944137 -0.254794 0.209010 -3.850598 0.277719 0.956589 -0.088372 51.257126 -0.177420 0.141481 0.973912 5.308931 0.000000 0.000000 0.000000 1.000000
0.947557 -0.243975 0.206424 -2.782350 0.265582 0.960424 -0.083975 51.794731 -0.177767 0.134394 0.974852 5.458151 0.000000 0.000000 0.000000 1.000000
0.950387 -0.228209 0.211390 -1.726953 0.250192 0.964589 -0.083500 52.635452 -0.184849 0.132245 0.973829 5.827563 0.000000 0.000000 0.000000 1.000000
0.955472 -0.213125 0.204084 -0.855353 0.233705 0.968808 -0.082424 53.705505 -0.180152 0.126450 0.975477 6.273942 0.000000 0.000000 0.000000 1.000000
0.962163 -0.199707 0.185365 -0.108519 0.216835 0.973163 -0.077054 54.901470 -0.165002 0.114332 0.979644 6.705379 0.000000 0.000000 0.000000 1.000000
0.966775 -0.188340 0.172844 0.739862 0.203257 0.976405 -0.072941 56.249710 -0.155028 0.105649 0.982245 7.130555 0.000000 0.000000 0.000000 1.000000
0.969432 -0.181074 0.165574 1.738517 0.195264 0.977975 -0.073739 57.902859 -0.148576 0.103815 0.983437 7.509967 0.000000 0.000000 0.000000 1.000000
0.973491 -0.173327 0.149243 2.777346 0.186899 0.978933 -0.082211 59.913712 -0.131850 0.107925 0.985377 7.851710 0.000000 0.000000 0.000000 1.000000
0.978541 -0.162154 0.127135 3.797426 0.174811 0.979948 -0.095621 62.235710 -0.109081 0.115793 0.987266 8.253802 0.000000 0.000000 0.000000 1.000000
0.982996 -0.147568 0.109285 4.752911 0.159490 0.981071 -0.109833 64.847313 -0.091008 0.125395 0.987924 8.810047 0.000000 0.000000 0.000000 1.000000
0.986896 -0.130030 0.095546 5.616853 0.141515 0.981970 -0.125333 67.700294 -0.077527 0.137212 0.987503 9.522338 0.000000 0.000000 0.000000 1.000000
0.990125 -0.112650 0.083443 6.363054 0.123514 0.982537 -0.139160 70.588158 -0.066309 0.148092 0.986748 10.298577 0.000000 0.000000 0.000000 1.000000
0.992669 -0.094036 0.075932 6.964745 0.104636 0.983061 -0.150472 73.400742 -0.060496 0.157314 0.985694 11.205075 0.000000 0.000000 0.000000 1.000000
0.994647 -0.075309 0.070751 7.443784 0.086052 0.982751 -0.163696 76.198326 -0.057203 0.168908 0.983971 12.123201 0.000000 0.000000 0.000000 1.000000
0.996010 -0.060994 0.065150 7.874854 0.071630 0.981797 -0.175906 78.912956 -0.053235 0.179871 0.982249 12.899972 0.000000 0.000000 0.000000 1.000000
0.997170 -0.048189 0.057706 8.284119 0.058031 0.981345 -0.183287 81.465813 -0.047797 0.186117 0.981364 13.553837 0.000000 0.000000 0.000000 1.000000
0.998393 -0.034343 0.045074 8.689150 0.042221 0.981363 -0.187469 83.905128 -0.037796 0.189071 0.981236 14.159523 0.000000 0.000000 0.000000 1.000000
0.999412 -0.021892 0.026376 9.111695 0.026519 0.981363 -0.190326 86.230591 -0.021718 0.190913 0.981367 14.743057 0.000000 0.000000 0.000000 1.000000
0.999922 -0.011898 0.003742 9.520257 0.012394 0.981512 -0.190998 88.297668 -0.001400 0.191029 0.981583 15.257174 0.000000 0.000000 0.000000 1.000000
0.999762 -0.004157 -0.021439 9.897987 0.000041 0.982073 -0.188499 90.105385 0.021839 0.188453 0.981839 15.754244 0.000000 0.000000 0.000000 1.000000
0.998906 0.003458 -0.046635 10.252209 -0.011878 0.983317 -0.181515 91.675171 0.045229 0.181870 0.982282 16.285618 0.000000 0.000000 0.000000 1.000000
0.997546 0.012388 -0.068913 10.556305 -0.023966 0.985184 -0.169817 93.039001 0.065788 0.171052 0.983063 16.814423 0.000000 0.000000 0.000000 1.000000
0.995918 0.019457 -0.088139 10.751247 -0.033235 0.986933 -0.157667 94.209785 0.083920 0.159952 0.983551 17.276737 0.000000 0.000000 0.000000 1.000000
0.994405 0.023234 -0.103051 10.819829 -0.038255 0.988504 -0.146276 95.092995 0.098468 0.149400 0.983862 17.666054 0.000000 0.000000 0.000000 1.000000
0.993447 0.026378 -0.111209 10.770992 -0.041442 0.989923 -0.135407 95.747948 0.106516 0.139129 0.984529 18.083899 0.000000 0.000000 0.000000 1.000000
0.993529 0.029600 -0.109651 10.631060 -0.043396 0.991125 -0.125651 96.276009 0.104959 0.129597 0.985996 18.542173 0.000000 0.000000 0.000000 1.000000
0.994941 0.028849 -0.096228 10.373141 -0.040005 0.992432 -0.116095 96.507156 0.092151 0.119357 0.988566 18.952627 0.000000 0.000000 0.000000 1.000000
0.996790 0.023503 -0.076529 9.978709 -0.031544 0.993906 -0.105618 96.493355 0.073580 0.107693 0.991458 19.338615 0.000000 0.000000 0.000000 1.000000
0.997792 0.019844 -0.063385 9.506720 -0.025816 0.995159 -0.094827 96.557556 0.061197 0.096254 0.993474 19.741974 0.000000 0.000000 0.000000 1.000000
0.998078 0.017098 -0.059561 8.959595 -0.022072 0.996232 -0.083874 96.684006 0.057902 0.085027 0.994695 20.160563 0.000000 0.000000 0.000000 1.000000
0.998201 0.012411 -0.058658 8.317994 -0.016652 0.997238 -0.072385 96.747177 0.057598 0.073232 0.995650 20.595192 0.000000 0.000000 0.000000 1.000000
0.998309 0.004838 -0.057934 7.582815 -0.008493 0.997977 -0.063010 96.748535 0.057512 0.063395 0.996330 21.015589 0.000000 0.000000 0.000000 1.000000
0.998307 -0.004132 -0.058010 6.793989 0.000684 0.998238 -0.059335 96.747688 0.058153 0.059195 0.996551 21.387400 0.000000 0.000000 0.000000 1.000000
0.998146 -0.010958 -0.059876 6.040726 0.007455 0.998265 -0.058415 96.758629 0.060412 0.057861 0.996495 21.695997 0.000000 0.000000 0.000000 1.000000
0.997908 -0.014666 -0.062961 5.369065 0.011165 0.998391 -0.055589 96.742920 0.063675 0.054769 0.996467 21.923000 0.000000 0.000000 0.000000 1.000000
0.997775 -0.017726 -0.064269 4.714061 0.014355 0.998516 -0.052542 96.704086 0.065105 0.051502 0.996548 22.081444 0.000000 0.000000 0.000000 1.000000
0.997709 -0.020904 -0.064346 4.081087 0.017665 0.998568 -0.050505 96.671791 0.065309 0.049252 0.996649 22.194693 0.000000 0.000000 0.000000 1.000000
0.997659 -0.023216 -0.064328 3.534874 0.020127 0.998632 -0.048263 96.641647 0.065361 0.046855 0.996761 22.269964 0.000000 0.000000 0.000000 1.000000
0.997735 -0.024749 -0.062544 3.085989 0.021895 0.998706 -0.045912 96.614334 0.063599 0.044438 0.996986 22.324186 0.000000 0.000000 0.000000 1.000000
0.997911 -0.025178 -0.059496 2.710956 0.022548 0.998756 -0.044467 96.573830 0.060542 0.043033 0.997238 22.376776 0.000000 0.000000 0.000000 1.000000
0.998113 -0.024366 -0.056355 2.394009 0.021931 0.998815 -0.043441 96.511482 0.057347 0.042123 0.997465 22.436670 0.000000 0.000000 0.000000 1.000000
0.998354 -0.023157 -0.052478 2.134677 0.020952 0.998890 -0.042195 96.454605 0.053397 0.041026 0.997730 22.498606 0.000000 0.000000 0.000000 1.000000
0.998573 -0.022095 -0.048615 1.946298 0.020060 0.998918 -0.041959 96.394623 0.049490 0.040924 0.997936 22.557211 0.000000 0.000000 0.000000 1.000000
0.998734 -0.021087 -0.045667 1.827430 0.019139 0.998905 -0.042682 96.338097 0.046517 0.041754 0.998044 22.617193 0.000000 0.000000 0.000000 1.000000
0.998853 -0.019836 -0.043577 1.760330 0.017970 0.998922 -0.042800 96.296936 0.044379 0.041967 0.998133 22.688251 0.000000 0.000000 0.000000 1.000000
0.998937 -0.018697 -0.042123 1.726715 0.016914 0.998962 -0.042296 96.241814 0.042870 0.041539 0.998217 22.779575 0.000000 0.000000 0.000000 1.000000
0.999019 -0.017498 -0.040680 1.721702 0.015774 0.998979 -0.042324 96.185181 0.041379 0.041641 0.998275 22.902763 0.000000 0.000000 0.000000 1.000000
0.999104 -0.016144 -0.039128 1.739662 0.014475 0.998989 -0.042550 96.142441 0.039776 0.041946 0.998328 23.056095 0.000000 0.000000 0.000000 1.000000
0.999142 -0.015276 -0.038499 1.769600 0.013651 0.999019 -0.042127 96.101685 0.039105 0.041565 0.998370 23.221636 0.000000 0.000000 0.000000 1.000000</float_array>
        <technique_common>
          <accessor source="#mixamorig_Hips-Matrix-animation-output-transform-array" count="207" stride="16">
            <param type="float4x4"/>
          </accessor>
        </technique_common>
      </source>
      <source id="mixamorig_Hips-Interpolations">
        <Name_array id="mixamorig_Hips-Interpolations-array" count="207">
 LINEAR LINEAR LINEAR LINEAR LINEAR LINEAR LINEAR LINEAR LINEAR LINEAR LINEAR
LINEAR LINEAR LINEAR LINEAR LINEAR LINEAR LINEAR LINEAR LINEAR LINEAR LINEAR LINEAR
LINEAR LINEAR LINEAR LINEAR LINEAR LINEAR LINEAR LINEAR LINEAR LINEAR LINEAR LINEAR
LINEAR LINEAR LINEAR LINEAR LINEAR LINEAR LINEAR LINEAR LINEAR LINEAR LINEAR LINEAR
LINEAR LINEAR LINEAR LINEAR LINEAR LINEAR LINEAR LINEAR LINEAR LINEAR LINEAR LINEAR
LINEAR LINEAR LINEAR LINEAR LINEAR LINEAR LINEAR LINEAR LINEAR LINEAR LINEAR LINEAR
LINEAR LINEAR LINEAR LINEAR LINEAR LINEAR LINEAR LINEAR LINEAR LINEAR LINEAR LINEAR
LINEAR LINEAR LINEAR LINEAR LINEAR LINEAR LINEAR LINEAR LINEAR LINEAR LINEAR LINEAR
LINEAR LINEAR LINEAR LINEAR LINEAR LINEAR LINEAR LINEAR LINEAR LINEAR LINEAR LINEAR
LINEAR LINEAR LINEAR LINEAR LINEAR LINEAR LINEAR LINEAR LINEAR LINEAR LINEAR LINEAR
LINEAR LINEAR LINEAR LINEAR LINEAR LINEAR LINEAR LINEAR LINEAR LINEAR LINEAR LINEAR
LINEAR LINEAR LINEAR LINEAR LINEAR LINEAR LINEAR LINEAR LINEAR LINEAR LINEAR LINEAR
LINEAR LINEAR LINEAR LINEAR LINEAR LINEAR LINEAR LINEAR LINEAR LINEAR LINEAR LINEAR
LINEAR LINEAR LINEAR LINEAR LINEAR LINEAR LINEAR LINEAR LINEAR LINEAR LINEAR LINEAR
LINEAR LINEAR LINEAR LINEAR LINEAR LINEAR LINEAR LINEAR LINEAR LINEAR LINEAR LINEAR
LINEAR LINEAR LINEAR LINEAR LINEAR LINEAR LINEAR LINEAR LINEAR LINEAR LINEAR LINEAR
LINEAR LINEAR LINEAR LINEAR LINEAR LINEAR LINEAR LINEAR LINEAR LINEAR LINEAR LINEAR
LINEAR LINEAR LINEAR LINEAR</Name_array>
        <technique_common>
          <accessor source="#mixamorig_Hips-Interpolations-array" count="207">
            <param type="name"/>
          </accessor>
        </technique_common>
      </source>
      <sampler id="mixamorig_Hips-Matrix-animation-transform">
        <input semantic="INPUT" source="#mixamorig_Hips-Matrix-animation-input"/>
        <input semantic="OUTPUT" source="#mixamorig_Hips-Matrix-animation-output-transform"/>
        <input semantic="INTERPOLATION" source="#mixamorig_Hips-Interpolations"/>
      </sampler>
      <channel source="#mixamorig_Hips-Matrix-animation-transform" target="mixamorig_Hips/matrix"/>
    </animation>
    <animation id="mixamorig_Spine-anim" name="mixamorig_Spine">
      <source id="mixamorig_Spine-Matrix-animation-input">
        <float_array id="mixamorig_Spine-Matrix-animation-input-array" count="207">

0.000000 0.033333 0.066667 0.100000 0.133333 0.166667 0.200000 0.233333 0.266667 0.300000 0.333333 0.366667 0.400000 0.433333 0.466667 0.500000
0.533333 0.566667 0.600000 0.633333 0.666667 0.700000 0.733333 0.766667 0.800000 0.833333 0.866667 0.900000 0.933333 0.966667 1.000000 1.033333
1.066667 1.100000 1.133333 1.166667 1.200000 1.233333 1.266667 1.300000 1.333333 1.366667 1.400000 1.433333 1.466667 1.500000 1.533333 1.566667
1.600000 1.633333 1.666667 1.700000 1.733333 1.766667 1.800000 1.833333 1.866667 1.900000 1.933333 1.966667 2.000000 2.033333 2.066667 2.100000
2.133333 2.166667 2.200000 2.233333 2.266667 2.300000 2.333333 2.366667 2.400000 2.433333 2.466667 2.500000 2.533333 2.566667 2.600000 2.633333
2.666667 2.700000 2.733333 2.766667 2.800000 2.833333 2.866667 2.900000 2.933333 2.966667 3.000000 3.033333 3.066667 3.100000 3.133333 3.166667
3.200000 3.233333 3.266667 3.300000 3.333333 3.366667 3.400000 3.433333 3.466667 3.500000 3.533333 3.566667 3.600000 3.633333 3.666667 3.700000
3.733333 3.766667 3.800000 3.833333 3.866667 3.900000 3.933333 3.966667 4.000000 4.033333 4.066667 4.100000 4.133333 4.166667 4.200000 4.233333
4.266667 4.300000 4.333333 4.366667 4.400000 4.433333 4.466667 4.500000 4.533333 4.566667 4.600000 4.633333 4.666667 4.700000 4.733333 4.766667
4.800000 4.833333 4.866667 4.900000 4.933333 4.966667 5.000000 5.033333 5.066667 5.100000 5.133333 5.166667 5.200000 5.233333 5.266667 5.300000
5.333333 5.366667 5.400000 5.433333 5.466667 5.500000 5.533333 5.566667 5.600000 5.633333 5.666667 5.700000 5.733333 5.766667 5.800000 5.833333
5.866667 5.900000 5.933333 5.966667 6.000000 6.033333 6.066667 6.100000 6.133333 6.166667 6.200000 6.233333 6.266667 6.300000 6.333333 6.366667
6.400000 6.433333 6.466667 6.500000 6.533333 6.566667 6.600000 6.633333 6.666667 6.700000 6.733333 6.766667 6.800000 6.833333 6.866667</float_array>
        <technique_common>
          <accessor source="#mixamorig_Spine-Matrix-animation-input-array" count="207">
            <param name="TIME" type="float"/>
          </accessor>
        </technique_common>
      </source>
      <source id="mixamorig_Spine-Matrix-animation-output-transform">
        <float_array id="mixamorig_Spine-Matrix-animation-output-transform-array" count="3312">

0.999942 0.003895 -0.010007 0.000000 -0.003903 0.999992 -0.000783 14.652500 0.010004 0.000822 0.999950 0.432500 0.000000 0.000000 0.000000 1.000000
0.999928 0.003665 -0.011414 -0.000000 -0.003665 0.999993 -0.000021 14.652500 0.011413 0.000063 0.999935 0.432500 0.000000 0.000000 0.000000 1.000000
0.999917 0.002819 -0.012560 -0.000000 -0.002816 0.999996 0.000210 14.652500 0.012561 -0.000175 0.999921 0.432500 0.000000 0.000000 0.000000 1.000000
0.999915 0.001761 -0.012881 -0.000000 -0.001755 0.999998 0.000470 14.652500 0.012882 -0.000448 0.999917 0.432500 0.000000 0.000000 0.000000 1.000000
0.999929 0.001097 -0.011854 0.000000 -0.001082 0.999999 0.001263 14.652500 0.011855 -0.001250 0.999929 0.432500 0.000000 0.000000 0.000000 1.000000
0.999954 0.001151 -0.009529 0.000000 -0.001127 0.999996 0.002531 14.652500 0.009532 -0.002520 0.999951 0.432500 0.000000 0.000000 0.000000 1.000000
0.999976 0.001565 -0.006704 0.000000 -0.001541 0.999993 0.003499 14.652500 0.006709 -0.003489 0.999971 0.432500 0.000000 0.000000 0.000000 1.000000
0.999989 0.001619 -0.004509 -0.000000 -0.001604 0.999993 0.003326 14.652500 0.004514 -0.003318 0.999984 0.432500 0.000000 0.000000 0.000000 1.000000
