<?xml version="1.0" encoding="utf-8"?>
<COLLADA xmlns="http://www.collada.org/2005/11/COLLADASchema" version="1.4.1">
  <asset>
    <contributor>
      <author>Mixamo</author>
      <authoring_tool>COLLADA Mixamo exporter</authoring_tool>
      <comments/>
    </contributor>
    <created>2024-04-05T10:41:05Z</created>
    <modified>2024-04-05T10:41:05Z</modified>
    <revision/>
    <title/>
    <unit meter="0.010000"/>
    <up_axis>Y_UP</up_axis>
  </asset>
  <library_animations>
    <animation id="Armature-anim" name="Armature">
      <source id="Armature-Matrix-animation-input">
        <float_array id="Armature-Matrix-animation-input-array" count="31">

0.000000 0.033333 0.066667 0.100000 0.133333 0.166667 0.200000 0.233333 0.266667 0.300000 0.333333 0.366667 0.400000 0.433333 0.466667 0.500000
0.533333 0.566667 0.600000 0.633333 0.666667 0.700000 0.733333 0.766667 0.800000 0.833333 0.866667 0.900000 0.933333 0.966667 1.000000</float_array>
        <technique_common>
          <accessor source="#Armature-Matrix-animation-input-array" count="31">
            <param name="TIME" type="float"/>
          </accessor>
        </technique_common>
      </source>
      <source id="Armature-Matrix-animation-output-transform">
        <float_array id="Armature-Matrix-animation-output-transform-array" count="496">

1.000000 0.000000 0.000000 0.000000 0.000000 1.000000 0.000000 0.000000 0.000000 0.000000 1.000000 0.000000 0.000000 0.000000 0.000000 1.000000
1.000000 0.000000 0.000000 0.000000 0.000000 1.000000 0.000000 0.000000 0.000000 0.000000 1.000000 0.000000 0.000000 0.000000 0.000000 1.000000
1.000000 0.000000 0.000000 0.000000 0.000000 1.000000 0.000000 0.000000 0.000000 0.000000 1.000000 0.000000 0.000000 0.000000 0.000000 1.000000
1.000000 0.000000 0.000000 0.000000 0.000000 1.000000 0.000000 0.000000 0.000000 0.000000 1.000000 0.000000 0.000000 0.000000 0.000000 1.000000
1.000000 0.000000 0.000000 0.000000 0.000000 1.000000 0.000000 0.000000 0.000000 0.000000 1.000000 0.000000 0.000000 0.000000 0.000000 1.000000
1.000000 0.000000 0.000000 0.000000 0.000000 1.000000 0.000000 0.000000 0.000000 0.000000 1.000000 0.000000 0.000000 0.000000 0.000000 1.000000
1.000000 0.000000 0.000000 0.000000 0.000000 1.000000 0.000000 0.000000 0.000000 0.000000 1.000000 0.000000 0.000000 0.000000 0.000000 1.000000
1.000000 0.000000 0.000000 0.000000 0.000000 1.000000 0.000000 0.000000 0.000000 0.000000 1.000000 0.000000 0.000000 0.000000 0.000000 1.000000
1.000000 0.000000 0.000000 0.000000 0.000000 1.000000 0.000000 0.000000 0.000000 0.000000 1.000000 0.000000 0.000000 0.000000 0.000000 1.000000
1.000000 0.000000 0.000000 0.000000 0.000000 1.000000 0.000000 0.000000 0.000000 0.000000 1.000000 0.000000 0.000000 0.000000 0.000000 1.000000
1.000000 0.000000 0.000000 0.000000 0.000000 1.000000 0.000000 0.000000 0.000000 0.000000 1.000000 0.000000 0.000000 0.000000 0.000000 1.000000
1.000000 0.000000 0.000000 0.000000 0.000000 1.000000 0.000000 0.000000 0.000000 0.000000 1.000000 0.000000 0.000000 0.000000 0.000000 1.000000
1.000000 0.000000 0.000000 0.000000 0.000000 1.000000 0.000000 0.000000 0.000000 0.000000 1.000000 0.000000 0.000000 0.000000 0.000000 1.000000
1.000000 0.000000 0.000000 0.000000 0.000000 1.000000 0.000000 0.000000 0.000000 0.000000 1.000000 0.000000 0.000000 0.000000 0.000000 1.000000
1.000000 0.000000 0.000000 0.000000 0.000000 1.000000 0.000000 0.000000 0.000000 0.000000 1.000000 0.000000 0.000000 0.000000 0.000000 1.000000
1.000000 0.000000 0.000000 0.000000 0.000000 1.000000 0.000000 0.000000 0.000000 0.000000 1.000000 0.000000 0.000000 0.000000 0.000000 1.000000
1.000000 0.000000 0.000000 0.000000 0.000000 1.000000 0.000000 0.000000 0.000000 0.000000 1.000000 0.000000 0.000000 0.000000 0.000000 1.000000
1.000000 0.000000 0.000000 0.000000 0.000000 1.000000 0.000000 0.000000 0.000000 0.000000 1.000000 0.000000 0.000000 0.000000 0.000000 1.000000
1.000000 0.000000 0.000000 0.000000 0.000000 1.000000 0.000000 0.000000 0.000000 0.000000 1.000000 0.000000 0.000000 0.000000 0.000000 1.000000
1.000000 0.000000 0.000000 0.000000 0.000000 1.000000 0.000000 0.000000 0.000000 0.000000 1.000000 0.000000 0.000000 0.000000 0.000000 1.000000
1.000000 0.000000 0.000000 0.000000 0.000000 1.000000 0.000000 0.000000 0.000000 0.000000 1.000000 0.000000 0.000000 0.000000 0.000000 1.000000
1.000000 0.000000 0.000000 0.000000 0.000000 1.000000 0.000000 0.000000 0.000000 0.000000 1.000000 0.000000 0.000000 0.000000 0.000000 1.000000
1.000000 0.000000 0.000000 0.000000 0.000000 1.000000 0.000000 0.000000 0.000000 0.000000 1.000000 0.000000 0.000000 0.000000 0.000000 1.000000
1.000000 0.000000 0.000000 0.000000 0.000000 1.000000 0.000000 0.000000 0.000000 0.000000 1.000000 0.000000 0.000000 0.000000 0.000000 1.000000
1.000000 0.000000 0.000000 0.000000 0.000000 1.000000 0.000000 0.000000 0.000000 0.000000 1.000000 0.000000 0.000000 0.000000 0.000000 1.000000
1.000000 0.000000 0.000000 0.000000 0.000000 1.000000 0.000000 0.000000 0.000000 0.000000 1.000000 0.000000 0.000000 0.000000 0.000000 1.000000
1.000000 0.000000 0.000000 0.000000 0.000000 1.000000 0.000000 0.000000 0.000000 0.000000 1.000000 0.000000 0.000000 0.000000 0.000000 1.000000
1.000000 0.000000 0.000000 0.000000 0.000000 1.000000 0.000000 0.000000 0.000000 0.000000 1.000000 0.000000 0.000000 0.000000 0.000000 1.000000
1.000000 0.000000 0.000000 0.000000 0.000000 1.000000 0.000000 0.000000 0.000000 0.000000 1.000000 0.000000 0.000000 0.000000 0.000000 1.000000
1.000000 0.000000 0.000000 0.000000 0.000000 1.000000 0.000000 0.000000 0.000000 0.000000 1.000000 0.000000 0.000000 0.000000 0.000000 1.000000
1.000000 0.000000 0.000000 0.000000 0.000000 1.000000 0.000000 0.000000 0.000000 0.000000 1.000000 0.000000 0.000000 0.000000 0.000000 1.000000</float_array>
        <technique_common>
          <accessor source="#Armature-Matrix-animation-output-transform-array" count="31" stride="16">
            <param type="float4x4"/>
          </accessor>
        </technique_common>
      </source>
      <source id="Armature-Interpolations">
        <Name_array id="Armature-Interpolations-array" count="31">
 LINEAR LINEAR LINEAR LINEAR LINEAR LINEAR LINEAR LINEAR LINEAR LINEAR LINEAR
LINEAR LINEAR LINEAR LINEAR LINEAR LINEAR LINEAR LINEAR LINEAR LINEAR LINEAR LINEAR
LINEAR LINEAR LINEAR LINEAR LINEAR LINEAR LINEAR LINEAR</Name_array>
        <technique_common>
          <accessor source="#Armature-Interpolations-array" count="31">
            <param type="name"/>
          </accessor>
        </technique_common>
      </source>
      <sampler id="Armature-Matrix-animation-transform">
        <input semantic="INPUT" source="#Armature-Matrix-animation-input"/>
        <input semantic="OUTPUT" source="#Armature-Matrix-animation-output-transform"/>
        <input semantic="INTERPOLATION" source="#Armature-Interpolations"/>
      </sampler>
      <channel source="#Armature-Matrix-animation-transform" target="Armature/matrix"/>
    </animation>
    <animation id="mixamorig_Hips-anim" name="mixamorig_Hips">
      <source id="mixamorig_Hips-Matrix-animation-input">
        <float_array id="mixamorig_Hips-Matrix-animation-input-array" count="31">

0.000000 0.033333 0.066667 0.100000 0.133333 0.166667 0.200000 0.233333 0.266667 0.300000 0.333333 0.366667 0.400000 0.433333 0.466667 0.500000
0.533333 0.566667 0.600000 0.633333 0.666667 0.700000 0.733333 0.766667 0.800000 0.833333 0.866667 0.900000 0.933333 0.966667 1.000000</float_array>
        <technique_common>
          <accessor source="#mixamorig_Hips-Matrix-animation-input-array" count="31">
            <param name="TIME" type="float"/>
          </accessor>
        </technique_common>
      </source>
      <source id="mixamorig_Hips-Matrix-animation-output-transform">
        <float_array id="mixamorig_Hips-Matrix-animation-output-transform-array" count="496">

0.994340 -0.034065 0.100634 -0.274901 0.024704 0.995374 0.092843 102.345413 -0.103331 -0.089831 0.990582 -2.430826 0.000000 0.000000 0.000000 1.000000
0.999492 -0.025051 0.019706 0.961823 0.023182 0.995677 0.089946 102.489182 -0.021874 -0.089443 0.995752 -2.230947 0.000000 0.000000 0.000000 1.000000
0.998444 -0.013494 -0.054098 2.067321 0.017793 0.996653 0.079792 102.583076 0.052840 -0.080631 0.995342 -2.132287 0.000000 0.000000 0.000000 1.000000
0.993911 -0.006218 -0.110007 3.029465 0.013919 0.997493 0.069377 102.589066 0.109300 -0.070486 0.991507 -2.159607 0.000000 0.000000 0.000000 1.000000
0.988142 -0.003709 -0.153495 3.886573 0.014062 0.997693 0.066420 102.572350 0.152895 -0.067791 0.985915 -2.235860 0.000000 0.000000 0.000000 1.000000
0.979707 0.000257 -0.200436 4.626098 0.013790 0.997543 0.068681 102.617249 0.199961 -0.070051 0.977297 -2.327112 0.000000 0.000000 0.000000 1.000000
0.966897 0.005550 -0.255108 5.216503 0.012334 0.997578 0.068448 102.689262 0.254870 -0.069328 0.964487 -2.393598 0.000000 0.000000 0.000000 1.000000
0.949772 0.007264 -0.312858 5.654048 0.013718 0.997803 0.064811 102.768097 0.312641 -0.065848 0.947586 -2.388533 0.000000 0.000000 0.000000 1.000000
0.931111 0.006983 -0.364668 5.920827 0.016906 0.997916 0.062277 102.858109 0.364343 -0.064152 0.929053 -2.328101 0.000000 0.000000 0.000000 1.000000
0.914265 0.008875 -0.405019 5.994795 0.017743 0.997923 0.061919 102.933304 0.404728 -0.063797 0.912209 -2.255159 0.000000 0.000000 0.000000 1.000000
0.899028 0.010788 -0.437758 5.863176 0.017829 0.997966 0.061208 103.047417 0.437528 -0.062833 0.897007 -2.202412 0.000000 0.000000 0.000000 1.000000
0.883389 0.011275 -0.468505 5.517507 0.018946 0.998034 0.059742 103.139679 0.468258 -0.061651 0.881438 -2.179273 0.000000 0.000000 0.000000 1.000000
0.865993 0.011078 -0.499934 4.952056 0.020338 0.998147 0.057348 103.168427 0.499643 -0.059831 0.864163 -2.207487 0.000000 0.000000 0.000000 1.000000
0.845600 0.010840 -0.533706 4.205563 0.021282 0.998314 0.053996 103.182693 0.533392 -0.057018 0.843944 -2.346591 0.000000 0.000000 0.000000 1.000000
0.820503 0.012817 -0.571499 3.317240 0.021924 0.998307 0.053865 103.171448 0.571222 -0.056727 0.818833 -2.646185 0.000000 0.000000 0.000000 1.000000
0.791601 0.022373 -0.610628 2.345004 0.018324 0.998011 0.060321 102.953514 0.610763 -0.058939 0.789617 -3.051296 0.000000 0.000000 0.000000 1.000000
0.764498 0.035294 -0.643659 1.340874 0.010944 0.997646 0.067702 102.608521 0.644533 -0.058802 0.762312 -3.493575 0.000000 0.000000 0.000000 1.000000
0.739546 0.042343 -0.671773 0.431474 0.008086 0.997389 0.071768 102.170105 0.673058 -0.058508 0.737272 -3.884175 0.000000 0.000000 0.000000 1.000000
0.710418 0.048139 -0.702131 -0.340612 0.007351 0.997096 0.075800 101.692276 0.703741 -0.059011 0.708001 -4.113760 0.000000 0.000000 0.000000 1.000000
0.672773 0.058117 -0.737562 -1.072492 0.003757 0.996629 0.081957 101.330841 0.739839 -0.057909 0.670287 -4.137340 0.000000 0.000000 0.000000 1.000000
0.625668 0.068374 -0.777087 -1.822287 0.002897 0.995941 0.089963 101.161079 0.780084 -0.058538 0.622930 -3.993773 0.000000 0.000000 0.000000 1.000000
0.573341 0.075420 -0.815838 -2.559142 0.005360 0.995388 0.095786 101.135963 0.819300 -0.059291 0.570292 -3.719193 0.000000 0.000000 0.000000 1.000000
0.518785 0.079277 -0.851221 -3.301337 0.008246 0.995181 0.097710 101.218918 0.854865 -0.057710 0.515631 -3.329098 0.000000 0.000000 0.000000 1.000000
0.459032 0.083316 -0.884504 -4.089338 0.012121 0.994913 0.100007 101.352386 0.888337 -0.056628 0.455687 -2.833150 0.000000 0.000000 0.000000 1.000000
0.394275 0.089284 -0.914645 -4.940282 0.015893 0.994458 0.103926 101.482178 0.918855 -0.055512 0.390671 -2.230951 0.000000 0.000000 0.000000 1.000000
0.329029 0.094329 -0.939597 -5.819058 0.018443 0.994167 0.106265 101.632378 0.944140 -0.052293 0.325370 -1.544616 0.000000 0.000000 0.000000 1.000000
0.265014 0.098362 -0.959214 -6.688389 0.021709 0.993923 0.107919 101.781120 0.964000 -0.049424 0.261268 -0.777671 0.000000 0.000000 0.000000 1.000000
0.202611 0.103775 -0.973745 -7.571218 0.024045 0.993542 0.110888 101.907608 0.978964 -0.045881 0.198807 0.038376 0.000000 0.000000 0.000000 1.000000
0.139239 0.106755 -0.984488 -8.498067 0.023436 0.993538 0.111051 102.009209 0.989981 -0.038535 0.135838 0.869187 0.000000 0.000000 0.000000 1.000000
0.071356 0.103217 -0.992096 -9.411952 0.022747 0.994204 0.105073 102.143723 0.997191 -0.030065 0.068595 1.732206 0.000000 0.000000 0.000000 1.000000
0.006641 0.092706 -0.995671 -10.183357 0.024704 0.995374 0.092843 102.345398 0.999673 -0.025214 0.004320 2.568717 0.000000 0.000000 0.000000 1.000000</float_array>
        <technique_common>
          <accessor source="#mixamorig_Hips-Matrix-animation-output-transform-array" count="31" stride="16">
            <param type="float4x4"/>
          </accessor>
        </technique_common>
      </source>
      <source id="mixamorig_Hips-Interpolations">
        <Name_array id="mixamorig_Hips-Interpolations-array" count="31">
 LINEAR LINEAR LINEAR LINEAR LINEAR LINEAR LINEAR LINEAR LINEAR LINEAR LINEAR
LINEAR LINEAR LINEAR LINEAR LINEAR LINEAR LINEAR LINEAR LINEAR LINEAR LINEAR LINEAR
LINEAR LINEAR LINEAR LINEAR LINEAR LINEAR LINEAR LINEAR</Name_array>
        <technique_common>
          <accessor source="#mixamorig_Hips-Interpolations-array" count="31">
            <param type="name"/>
          </accessor>
        </technique_common>
      </source>
      <sampler id="mixamorig_Hips-Matrix-animation-transform">
        <input semantic="INPUT" source="#mixamorig_Hips-Matrix-animation-input"/>
        <input semantic="OUTPUT" source="#mixamorig_Hips-Matrix-animation-output-transform"/>
        <input semantic="INTERPOLATION" source="#mixamorig_Hips-Interpolations"/>
      </sampler>
      <channel source="#mixamorig_Hips-Matrix-animation-transform" target="mixamorig_Hips/matrix"/>
    </animation>
    <animation id="mixamorig_Spine-anim" name="mixamorig_Spine">
      <source id="mixamorig_Spine-Matrix-animation-input">
        <float_array id="mixamorig_Spine-Matrix-animation-input-array" count="31">

0.000000 0.033333 0.066667 0.100000 0.133333 0.166667 0.200000 0.233333 0.266667 0.300000 0.333333 0.366667 0.400000 0.433333 0.466667 0.500000
0.533333 0.566667 0.600000 0.633333 0.666667 0.700000 0.733333 0.766667 0.800000 0.833333 0.866667 0.900000 0.933333 0.966667 1.000000</float_array>
        <technique_common>
          <accessor source="#mixamorig_Spine-Matrix-animation-input-array" count="31">
            <param name="TIME" type="float"/>
          </accessor>
        </technique_common>
      </source>
      <source id="mixamorig_Spine-Matrix-animation-output-transform">
        <float_array id="mixamorig_Spine-Matrix-animation-output-transform-array" count="496">

0.999708 0.004440 -0.023760 0.000000 -0.007667 0.990474 -0.137486 12.246100 0.022924 0.137628 0.990219 0.234600 0.000000 0.000000 0.000000 1.000000
0.999611 0.002869 -0.027741 -0.000000 -0.006583 0.990859 -0.134738 12.246100 0.027101 0.134868 0.990493 0.234600 0.000000 0.000000 0.000000 1.000000
0.999273 -0.000841 -0.038125 0.000000 -0.004071 0.991693 -0.128561 12.246100 0.037916 0.128622 0.990969 0.234600 0.000000 0.000000 0.000000 1.000000
0.998469 -0.003852 -0.055178 0.000000 -0.003106 0.992093 -0.125467 12.246100 0.055225 0.125446 0.990562 0.234600 0.000000 0.000000 0.000000 1.000000
0.997464 -0.006339 -0.070893 -0.000000 -0.002865 0.991642 -0.128989 12.246100 0.071118 0.128865 0.989109 0.234600 0.000000 0.000000 0.000000 1.000000
0.996927 -0.010240 -0.077659 0.000000 -0.000348 0.990829 -0.135120 12.246100 0.078331 0.134732 0.987781 0.234600 0.000000 0.000000 0.000000 1.000000
0.996980 -0.013234 -0.076517 0.000000 0.002698 0.990678 -0.136195 12.246100 0.077606 0.135577 0.987723 0.234600 0.000000 0.000000 0.000000 1.000000
0.997472 -0.012068 -0.070034 0.000000 0.002706 0.991211 -0.132260 12.246100 0.071015 0.131736 0.988738 0.234600 0.000000 0.000000 0.000000 1.000000
0.997986 -0.010019 -0.062641 -0.000000 0.001891 0.991709 -0.128488 12.246100 0.063409 0.128111 0.989731 0.234600 0.000000 0.000000 0.000000 1.000000
0.998048 -0.011166 -0.061447 0.000000 0.003314 0.991969 -0.126437 12.246100 0.062365 0.125986 0.990070 0.234600 0.000000 0.000000 0.000000 1.000000
0.997969 -0.012155 -0.062525 0.000000 0.004344 0.992327 -0.123565 12.246100 0.063547 0.123042 0.990365 0.234600 0.000000 0.000000 0.000000 1.000000
0.997873 -0.010994 -0.064249 0.000000 0.003218 0.992781 -0.119901 12.246100 0.065103 0.119439 0.990705 0.234600 0.000000 0.000000 0.000000 1.000000
0.997900 -0.007375 -0.064347 0.000000 -0.000076 0.993362 -0.115028 12.246100 0.064768 0.114791 0.991276 0.234600 0.000000 0.000000 0.000000 1.000000
0.998171 -0.002196 -0.060416 0.000000 -0.004438 0.993983 -0.109447 12.246100 0.060292 0.109515 0.992155 0.234600 0.000000 0.000000 0.000000 1.000000
0.998559 0.003464 -0.053561 -0.000000 -0.009259 0.994071 -0.108337 12.246100 0.052868 0.108677 0.992670 0.234600 0.000000 0.000000 0.000000 1.000000
0.998868 0.004773 -0.047330 0.000000 -0.010120 0.993500 -0.113378 12.246100 0.046481 0.113728 0.992424 0.234600 0.000000 0.000000 0.000000 1.000000
0.998834 0.002250 -0.048227 0.000000 -0.007963 0.992911 -0.118590 12.246100 0.047618 0.118835 0.991771 0.234600 0.000000 0.000000 0.000000 1.000000
0.998611 0.003107 -0.052591 -0.000000 -0.009514 0.992482 -0.122023 12.246100 0.051816 0.122354 0.991133 0.234600 0.000000 0.000000 0.000000 1.000000
0.998514 0.003451 -0.054392 0.000000 -0.010282 0.992002 -0.125803 12.246100 0.053523 0.126176 0.990563 0.234600 0.000000 0.000000 0.000000 1.000000
0.998519 -0.001097 -0.054386 0.000000 -0.005977 0.991532 -0.129727 12.246100 0.054068 0.129860 0.990057 0.234600 0.000000 0.000000 0.000000 1.000000
0.998683 -0.003323 -0.051198 0.000000 -0.003595 0.990914 -0.134451 12.246100 0.051180 0.134458 0.989597 0.234600 0.000000 0.000000 0.000000 1.000000
0.998980 -0.002231 -0.045101 -0.000000 -0.004034 0.990379 -0.138324 12.246100 0.044976 0.138365 0.989360 0.234600 0.000000 0.000000 0.000000 1.000000
0.999284 -0.000769 -0.037818 0.000000 -0.004522 0.990195 -0.139621 12.246100 0.037555 0.139693 0.989483 0.234600 0.000000 0.000000 0.000000 1.000000
0.999562 0.001884 -0.029543 0.000000 -0.006054 0.989891 -0.141702 12.246100 0.028977 0.141819 0.989468 0.234600 0.000000 0.000000 0.000000 1.000000
0.999768 0.004485 -0.021067 0.000000 -0.007498 0.989379 -0.145166 12.246100 0.020192 0.145291 0.989183 0.234600 0.000000 0.000000 0.000000 1.000000
0.999880 0.005664 -0.014443 -0.000000 -0.007727 0.989105 -0.147011 12.246100 0.013452 0.147105 0.989029 0.234600 0.000000 0.000000 0.000000 1.000000
0.999924 0.006399 -0.010519 0.000000 -0.007887 0.988931 -0.148163 12.246100 0.009454 0.148235 0.988907 0.234600 0.000000 0.000000 0.000000 1.000000
0.999934 0.005691 -0.009951 -0.000000 -0.007125 0.988566 -0.150617 12.246100 0.008981 0.150678 0.988542 0.234600 0.000000 0.000000 0.000000 1.000000
0.999934 0.003816 -0.010838 -0.000000 -0.005403 0.988614 -0.150378 12.246100 0.010141 0.150426 0.988569 0.234600 0.000000 0.000000 0.000000 1.000000
0.999899 0.002849 -0.013904 0.000000 -0.004837 0.989409 -0.145076 12.246100 0.013344 0.145129 0.989323 0.234600 0.000000 0.000000 0.000000 1.000000
0.999708 0.004441 -0.023760 0.000000 -0.007667 0.990474 -0.137486 12.246100 0.022923 0.137628 0.990219 0.234600 0.000000 0.000000 0.000000 1.000000</float_array>
        <technique_common>
          <accessor source="#mixamorig_Spine-Matrix-animation-output-transform-array" count="31" stride="16">
            <param type="float4x4"/>
          </accessor>
        </technique_common>
      </source>
      <source id="mixamorig_Spine-Interpolations">
        <Name_array id="mixamorig_Spine-Interpolations-array" count="31">
 LINEAR LINEAR LINEAR LINEAR LINEAR LINEAR LINEAR LINEAR LINEAR LINEAR LINEAR
LINEAR LINEAR LINEAR LINEAR LINEAR LINEAR LINEAR LINEAR LINEAR LINEAR LINEAR LINEAR
LINEAR LINEAR LINEAR LINEAR LINEAR LINEAR LINEAR LINEAR</Name_array>
        <technique_common>
          <accessor source="#mixamorig_Spine-Interpolations-array" count="31">
            <param type="name"/>
          </accessor>
        </technique_common>
      </source>
      <sampler id="mixamorig_Spine-Matrix-animation-transform">
        <input semantic="INPUT" source="#mixamorig_Spine-Matrix-animation-input"/>
        <input semantic="OUTPUT" source="#mixamorig_Spine-Matrix-animation-output-transform"/>
        <input semantic="INTERPOLATION" source="#mixamorig_Spine-Interpolations"/>
      </sampler>
      <channel source="#mixamorig_Spine-Matrix-animation-transform" target="mixamorig_Spine/matrix"/>
    </animation>
    <animation id="mixamorig_Spine1-anim" name="mixamorig_Spine1">
      <source id="mixamorig_Spine1-Matrix-animation-input">
        <float_array id="mixamorig_Spine1-Matrix-animation-input-array" count="31">

0.000000 0.033333 0.066667 0.100000 0.133333 0.166667 0.200000 0.233333 0.266667 0.300000 0.333333 0.366667 0.400000 0.433333 0.466667 0.500000
0.533333 0.566667 0.600000 0.633333 0.666667 0.700000 0.733333 0.766667 0.800000 0.833333 0.866667 0.900000 0.933333 0.966667 1.000000</float_array>
        <technique_common>
          <accessor source="#mixamorig_Spine1-Matrix-animation-input-array" count="31">
            <param name="TIME" type="float"/>
          </accessor>
        </technique_common>
      </source>
      <source id="mixamorig_Spine1-Matrix-animation-output-transform">
        <float_array id="mixamorig_Spine1-Matrix-animation-output-transform-array" count="496">

0.999978 -0.002487 -0.006141 0.000000 0.002452 0.999981 -0.005725 14.289700 0.006155 0.005710 0.999965 0.000000 0.000000 0.000000 0.000000 1.000000
0.999969 -0.003106 -0.007258 -0.000000 0.003072 0.999985 -0.004633 14.289700 0.007272 0.004611 0.999963 0.000000 0.000000 0.000000 0.000000 1.000000
0.999940 -0.003981 -0.010200 -0.000000 0.003958 0.999990 -0.002239 14.289700 0.010208 0.002199 0.999945 0.000000 0.000000 0.000000 0.000000 1.000000
0.999877 -0.004807 -0.014961 0.000000 0.004795 0.999988 -0.000838 14.289700 0.014965 0.000766 0.999888 0.000000 0.000000 0.000000 0.000000 1.000000
0.999798 -0.005235 -0.019384 0.000000 0.005208 0.999985 -0.001430 14.289700 0.019391 0.001329 0.999811 0.000000 0.000000 0.000000 0.000000 1.000000
0.999754 -0.005661 -0.021436 0.000000 0.005608 0.999981 -0.002541 14.289700 0.021450 0.002420 0.999767 0.000000 0.000000 0.000000 0.000000 1.000000
0.999754 -0.006413 -0.021255 0.000000 0.006355 0.999976 -0.002812 14.289700 0.021273 0.002676 0.999770 0.000000 0.000000 0.000000 0.000000 1.000000
0.999790 -0.006539 -0.019414 0.000000 0.006493 0.999976 -0.002415 14.289700 0.019429 0.002289 0.999809 0.000000 0.000000 0.000000 0.000000 1.000000
0.999832 -0.006095 -0.017314 0.000000 0.006062 0.999980 -0.001911 14.289700 0.017326 0.001806 0.999848 0.000000 0.000000 0.000000 0.000000 1.000000
0.999835 -0.006236 -0.017045 0.000000 0.006214 0.999980 -0.001336 14.289700 0.017053 0.001230 0.999854 -0.000000 0.000000 0.000000 0.000000 1.000000
0.999829 -0.006292 -0.017391 0.000000 0.006279 0.999980 -0.000789 14.289700 0.017396 0.000680 0.999848 0.000000 0.000000 0.000000 0.000000 1.000000
0.999825 -0.005596 -0.017840 0.000000 0.005592 0.999984 -0.000280 14.289700 0.017841 0.000180 0.999841 0.000000 0.000000 0.000000 0.000000 1.000000
0.999831 -0.004949 -0.017708 0.000000 0.004959 0.999988 0.000512 14.289700 0.017705 -0.000600 0.999843 -0.000000 0.000000 0.000000 0.000000 1.000000
0.999857 -0.004320 -0.016379 0.000000 0.004344 0.999990 0.001385 14.289700 0.016373 -0.001456 0.999865 0.000000 0.000000 0.000000 0.000000 1.000000
0.999893 -0.003319 -0.014262 0.000000 0.003338 0.999994 0.001252 14.289700 0.014258 -0.001299 0.999898 -0.000000 0.000000 0.000000 0.000000 1.000000
0.999918 -0.002855 -0.012497 0.000000 0.002851 0.999996 -0.000297 14.289700 0.012498 0.000262 0.999922 0.000000 0.000000 0.000000 0.000000 1.000000
0.999913 -0.003076 -0.012829 0.000000 0.003051 0.999993 -0.001929 14.289700 0.012835 0.001889 0.999916 0.000000 0.000000 0.000000 0.000000 1.000000
0.999900 -0.002212 -0.013945 0.000000 0.002175 0.999994 -0.002701 14.289700 0.013951 0.002671 0.999899 0.000000 0.000000 0.000000 0.000000 1.000000
0.999895 -0.000919 -0.014430 0.000000 0.000875 0.999995 -0.003086 14.289700 0.014432 0.003073 0.999891 0.000000 0.000000 0.000000 0.000000 1.000000
0.999892 -0.001024 -0.014646 0.000000 0.000962 0.999991 -0.004203 14.289700 0.014651 0.004189 0.999884 0.000000 0.000000 0.000000 0.000000 1.000000
0.999902 -0.001679 -0.013872 0.000000 0.001599 0.999982 -0.005759 14.289700 0.013882 0.005736 0.999887 0.000000 0.000000 0.000000 0.000000 1.000000
0.999924 -0.001918 -0.012166 0.000000 0.001837 0.999976 -0.006635 14.289700 0.012179 0.006612 0.999904 0.000000 0.000000 0.000000 0.000000 1.000000
0.999947 -0.001743 -0.010152 -0.000000 0.001670 0.999973 -0.007196 14.289700 0.010164 0.007178 0.999923 0.000000 0.000000 0.000000 0.000000 1.000000
0.999968 -0.001603 -0.007808 0.000000 0.001542 0.999968 -0.007832 14.289700 0.007820 0.007820 0.999939 0.000000 0.000000 0.000000 0.000000 1.000000
0.999984 -0.001542 -0.005404 0.000000 0.001496 0.999962 -0.008533 14.289700 0.005417 0.008524 0.999949 0.000000 0.000000 0.000000 0.000000 1.000000
0.999992 -0.001526 -0.003565 0.000000 0.001494 0.999957 -0.009136 14.289700 0.003579 0.009131 0.999952 -0.000000 0.000000 0.000000 0.000000 1.000000
0.999996 -0.001544 -0.002474 0.000000 0.001520 0.999954 -0.009516 14.289700 0.002488 0.009512 0.999952 0.000000 0.000000 0.000000 0.000000 1.000000
0.999996 -0.001599 -0.002359 -0.000000 0.001576 0.999949 -0.010015 14.289700 0.002374 0.010011 0.999947 0.000000 0.000000 0.000000 0.000000 1.000000
0.999994 -0.001997 -0.002691 0.000000 0.001970 0.999948 -0.009997 14.289700 0.002710 0.009992 0.999946 -0.000000 0.000000 0.000000 0.000000 1.000000
0.999991 -0.002425 -0.003568 0.000000 0.002395 0.999962 -0.008391 14.289700 0.003588 0.008382 0.999958 0.000000 0.000000 0.000000 0.000000 1.000000
0.999978 -0.002480 -0.006141 0.000000 0.002445 0.999981 -0.005725 14.289700 0.006155 0.005710 0.999965 -0.000000 0.000000 0.000000 0.000000 1.000000</float_array>
        <technique_common>
          <accessor source="#mixamorig_Spine1-Matrix-animation-output-transform-array" count="31" stride="16">
            <param type="float4x4"/>
          </accessor>
        </technique_common>
      </source>
      <source id="mixamorig_Spine1-Interpolations">
        <Name_array id="mixamorig_Spine1-Interpolations-array" count="31">
 LINEAR LINEAR LINEAR LINEAR LINEAR LINEAR LINEAR LINEAR LINEAR LINEAR LINEAR
LINEAR LINEAR LINEAR LINEAR LINEAR LINEAR LINEAR LINEAR LINEAR LINEAR LINEAR LINEAR
LINEAR LINEAR LINEAR LINEAR LINEAR LINEAR LINEAR LINEAR</Name_array>
        <technique_common>
          <accessor source="#mixamorig_Spine1-Interpolations-array" count="31">
            <param type="name"/>
          </accessor>
        </technique_common>
      </source>
      <sampler id="mixamorig_Spine1-Matrix-animation-transform">
        <input semantic="INPUT" source="#mixamorig_Spine1-Matrix-animation-input"/>
        <input semantic="OUTPUT" source="#mixamorig_Spine1-Matrix-animation-output-transform"/>
        <input semantic="INTERPOLATION" source="#mixamorig_Spine1-Interpolations"/>
      </sampler>
      <channel source="#mixamorig_Spine1-Matrix-animation-transform" target="mixamorig_Spine1/matrix"/>
    </animation>
    <animation id="mixamorig_Spine2-anim" name="mixamorig_Spine2">
      <source id="mixamorig_Spine2-Matrix-animation-input">
        <float_array id="mixamorig_Spine2-Matrix-animation-input-array" count="31">

0.000000 0.033333 0.066667 0.100000 0.133333 0.166667 0.200000 0.233333 0.266667 0.300000 0.333333 0.366667 0.400000 0.433333 0.466667 0.500000
0.533333 0.566667 0.600000 0.633333 0.666667 0.700000 0.733333 0.766667 0.800000 0.833333 0.866667 0.900000 0.933333 0.966667 1.000000</float_array>
        <technique_common>
          <accessor source="#mixamorig_Spine2-Matrix-animation-input-array" count="31">
            <param name="TIME" type="float"/>
          </accessor>
        </technique_common>
      </source>
      <source id="mixamorig_Spine2-Matrix-animation-output-transform">
        <float_array id="mixamorig_Spine2-Matrix-animation-output-transform-array" count="496">

0.999978 -0.002755 -0.006106 0.000000 0.002720 0.999980 -0.005718 16.330999 0.006122 0.005701 0.999965 0.000000 0.000000 0.000000 0.000000 1.000000
0.999968 -0.003156 -0.007303 -0.000000 0.003122 0.999984 -0.004622 16.330999 0.007317 0.004599 0.999963 0.000000 0.000000 0.000000 0.000000 1.000000
0.999939 -0.004001 -0.010255 -0.000000 0.003978 0.999990 -0.002220 16.330999 0.010264 0.002179 0.999945 0.000000 0.000000 0.000000 0.000000 1.000000
0.999876 -0.004823 -0.015017 0.000000 0.004811 0.999988 -0.000808 16.330999 0.015021 0.000736 0.999887 0.000000 0.000000 0.000000 0.000000 1.000000
0.999797 -0.005261 -0.019439 0.000000 0.005235 0.999985 -0.001395 16.330999 0.019446 0.001293 0.999810 0.000000 0.000000 0.000000 0.000000 1.000000
0.999753 -0.005706 -0.021495 -0.000000 0.005653 0.999981 -0.002501 16.330999 0.021509 0.002379 0.999766 0.000000 0.000000 0.000000 0.000000 1.000000
0.999752 -0.006463 -0.021331 -0.000000 0.006405 0.999976 -0.002762 16.330999 0.021349 0.002625 0.999769 0.000000 0.000000 0.000000 0.000000 1.000000
0.999788 -0.006580 -0.019497 0.000000 0.006535 0.999976 -0.002364 16.330999 0.019512 0.002236 0.999807 0.000000 0.000000 0.000000 0.000000 1.000000
0.999830 -0.006124 -0.017391 -0.000000 0.006093 0.999980 -0.001867 16.330999 0.017402 0.001761 0.999847 -0.000000 0.000000 0.000000 0.000000 1.000000
0.999834 -0.006258 -0.017123 0.000000 0.006236 0.999980 -0.001291 16.330999 0.017131 0.001184 0.999853 -0.000000 0.000000 0.000000 0.000000 1.000000
0.999828 -0.006305 -0.017467 -0.000000 0.006293 0.999980 -0.000743 16.330999 0.017471 0.000633 0.999847 0.000000 0.000000 0.000000 0.000000 1.000000
0.999824 -0.005600 -0.017897 -0.000000 0.005596 0.999984 -0.000241 16.330999 0.017898 0.000141 0.999840 0.000000 0.000000 0.000000 0.000000 1.000000
0.999830 -0.004940 -0.017751 -0.000000 0.004951 0.999988 0.000543 16.330999 0.017748 -0.000631 0.999842 0.000000 0.000000 0.000000 0.000000 1.000000
0.999856 -0.004300 -0.016412 0.000000 0.004324 0.999990 0.001410 16.330999 0.016406 -0.001481 0.999864 0.000000 0.000000 0.000000 0.000000 1.000000
0.999893 -0.003300 -0.014281 0.000000 0.003318 0.999994 0.001268 16.330999 0.014277 -0.001315 0.999897 -0.000000 0.000000 0.000000 0.000000 1.000000
0.999918 -0.002849 -0.012517 0.000000 0.002846 0.999996 -0.000285 16.330999 0.012517 0.000249 0.999922 0.000000 0.000000 0.000000 0.000000 1.000000
0.999913 -0.003084 -0.012857 0.000000 0.003060 0.999993 -0.001915 16.330999 0.012862 0.001875 0.999916 -0.000000 0.000000 0.000000 0.000000 1.000000
0.999900 -0.002224 -0.013956 0.000000 0.002186 0.999994 -0.002696 16.330999 0.013962 0.002665 0.999899 0.000000 0.000000 0.000000 0.000000 1.000000
0.999895 -0.000954 -0.014491 0.000000 0.000909 0.999995 -0.003094 16.330999 0.014493 0.003081 0.999890 0.000000 0.000000 0.000000 0.000000 1.000000
0.999892 -0.001042 -0.014629 0.000000 0.000980 0.999991 -0.004212 16.330999 0.014633 0.004197 0.999884 0.000000 0.000000 0.000000 0.000000 1.000000
0.999902 -0.001712 -0.013871 0.000000 0.001633 0.999982 -0.005761 16.330999 0.013881 0.005738 0.999887 0.000000 0.000000 0.000000 0.000000 1.000000
0.999924 -0.001955 -0.012179 0.000000 0.001875 0.999976 -0.006632 16.330999 0.012191 0.006609 0.999904 0.000000 0.000000 0.000000 0.000000 1.000000
0.999947 -0.001795 -0.010168 0.000000 0.001722 0.999973 -0.007192 16.330999 0.010180 0.007174 0.999922 0.000000 0.000000 0.000000 0.000000 1.000000
0.999968 -0.001660 -0.007829 0.000000 0.001599 0.999968 -0.007829 16.330999 0.007842 0.007816 0.999939 -0.000000 0.000000 0.000000 0.000000 1.000000
0.999984 -0.001598 -0.005435 0.000000 0.001551 0.999962 -0.008529 16.330999 0.005449 0.008520 0.999949 0.000000 0.000000 0.000000 0.000000 1.000000
0.999992 -0.001575 -0.003607 0.000000 0.001542 0.999957 -0.009133 16.330999 0.003621 0.009127 0.999952 0.000000 0.000000 0.000000 0.000000 1.000000
0.999996 -0.001582 -0.002522 0.000000 0.001558 0.999954 -0.009513 16.330999 0.002537 0.009509 0.999952 -0.000000 0.000000 0.000000 0.000000 1.000000
0.999996 -0.001621 -0.002408 0.000000 0.001597 0.999949 -0.010012 16.330999 0.002424 0.010009 0.999947 -0.000000 0.000000 0.000000 0.000000 1.000000
0.999994 -0.002021 -0.002744 0.000000 0.001994 0.999948 -0.009993 16.330999 0.002764 0.009988 0.999946 0.000000 0.000000 0.000000 0.000000 1.000000
0.999990 -0.002450 -0.003624 0.000000 0.002420 0.999962 -0.008385 16.330999 0.003644 0.008376 0.999958 -0.000000 0.000000 0.000000 0.000000 1.000000
0.999978 -0.002513 -0.006189 0.000000 0.002477 0.999981 -0.005717 16.330999 0.006204 0.005701 0.999965 -0.000000 0.000000 0.000000 0.000000 1.000000</float_array>
        <technique_common>
          <accessor source="#mixamorig_Spine2-Matrix-animation-output-transform-array" count="31" stride="16">
            <param type="float4x4"/>
          </accessor>
        </technique_common>
      </source>
      <source id="mixamorig_Spine2-Interpolations">
        <Name_array id="mixamorig_Spine2-Interpolations-array" count="31">
 LINEAR LINEAR LINEAR LINEAR LINEAR LINEAR LINEAR LINEAR LINEAR LINEAR LINEAR
LINEAR LINEAR LINEAR LINEAR LINEAR LINEAR LINEAR LINEAR LINEAR LINEAR LINEAR LINEAR
LINEAR LINEAR LINEAR LINEAR LINEAR LINEAR LINEAR LINEAR</Name_array>
        <technique_common>
          <accessor source="#mixamorig_Spine2-Interpolations-array" count="31">
            <param type="name"/>
          </accessor>
        </technique_common>
      </source>
      <sampler id="mixamorig_Spine2-Matrix-animation-transform">
        <input semantic="INPUT" source="#mixamorig_Spine2-Matrix-animation-input"/>
        <input semantic="OUTPUT" source="#mixamorig_Spine2-Matrix-animation-output-transform"/>
        <input semantic="INTERPOLATION" source="#mixamorig_Spine2-Interpolations"/>
      </sampler>
      <channel source="#mixamorig_Spine2-Matrix-animation-transform" target="mixamorig_Spine2/matrix"/>
    </animation>
    <animation id="mixamorig_Neck-anim" name="mixamorig_Neck">
      <source id="mixamorig_Neck-Matrix-animation-input">
        <float_array id="mixamorig_Neck-Matrix-animation-input-array" count="31">

0.000000 0.033333 0.066667 0.100000 0.133333 0.166667 0.200000 0.233333 0.266667 0.300000 0.333333 0.366667 0.400000 0.433333 0.466667 0.500000
0.533333 0.566667 0.600000 0.633333 0.666667 0.700000 0.733333 0.766667 0.800000 0.833333 0.866667 0.900000 0.933333 0.966667 1.000000</float_array>
        <technique_common>
          <accessor source="#mixamorig_Neck-Matrix-animation-input-array" count="31">
            <param name="TIME" type="float"/>
          </accessor>
        </technique_common>
      </source>
      <source id="mixamorig_Neck-Matrix-animation-output-transform">
        <float_array id="mixamorig_Neck-Matrix-animation-output-transform-array" count="496">

0.997201 0.000089 0.074764 -0.000000 -0.008989 0.992888 0.118716 18.372499 -0.074221 -0.119056 0.990110 0.000000 0.000000 0.000000 0.000000 1.000000
0.997193 -0.000637 0.074872 0.000000 -0.008241 0.992955 0.118204 18.372499 -0.074420 -0.118490 0.990163 0.000000 0.000000 0.000000 0.000000 1.000000
0.997152 -0.001107 0.075408 0.000000 -0.007884 0.992884 0.118822 18.372499 -0.075003 -0.119079 0.990048 -0.000000 0.000000 0.000000 0.000000 1.000000
0.997097 -0.000918 0.076142 0.000000 -0.008300 0.992659 0.120660 18.372499 -0.075694 -0.120941 0.989769 0.000000 0.000000 0.000000 0.000000 1.000000
0.997051 0.000028 0.076735 0.000000 -0.009436 0.992457 0.122233 18.372499 -0.076153 -0.122597 0.989531 0.000000 0.000000 0.000000 0.000000 1.000000
0.997027 0.000615 0.077047 0.000000 -0.010093 0.992394 0.122689 18.372499 -0.076386 -0.123102 0.989450 -0.000000 0.000000 0.000000 0.000000 1.000000
0.996987 0.001301 0.077555 0.000000 -0.010776 0.992487 0.121877 18.372499 -0.076814 -0.122346 0.989511 0.000000 0.000000 0.000000 0.000000 1.000000
0.996967 0.002025 0.077803 0.000000 -0.011458 0.992587 0.120991 18.372499 -0.076982 -0.121516 0.989600 0.000000 0.000000 0.000000 0.000000 1.000000
0.996991 0.002739 0.077466 0.000000 -0.012104 0.992618 0.120678 18.372499 -0.076563 -0.121253 0.989665 0.000000 0.000000 0.000000 0.000000 1.000000
0.996981 0.004126 0.077538 0.000000 -0.013498 0.992592 0.120740 18.372499 -0.076466 -0.121422 0.989651 0.000000 0.000000 0.000000 0.000000 1.000000
0.996971 0.005133 0.077598 0.000000 -0.014526 0.992549 0.120973 18.372499 -0.076399 -0.121734 0.989618 0.000000 0.000000 0.000000 0.000000 1.000000
0.996975 0.004984 0.077561 0.000000 -0.014412 0.992489 0.121485 18.372499 -0.076373 -0.122235 0.989558 -0.000000 0.000000 0.000000 0.000000 1.000000
0.996986 0.004644 0.077441 0.000000 -0.014080 0.992460 0.121755 18.372499 -0.076292 -0.122479 0.989535 0.000000 0.000000 0.000000 0.000000 1.000000
0.997012 0.004601 0.077109 -0.000000 -0.014001 0.992455 0.121807 18.372499 -0.075967 -0.122523 0.989554 -0.000000 0.000000 0.000000 0.000000 1.000000
0.997054 0.004641 0.076564 0.000000 -0.013969 0.992462 0.121755 18.372499 -0.075422 -0.122465 0.989603 0.000000 0.000000 0.000000 0.000000 1.000000
0.997090 0.004887 0.076078 0.000000 -0.014112 0.992528 0.121197 18.372499 -0.074917 -0.121917 0.989709 -0.000000 0.000000 0.000000 0.000000 1.000000
0.997084 0.005303 0.076129 -0.000000 -0.014456 0.992645 0.120196 18.372499 -0.074932 -0.120946 0.989827 0.000000 0.000000 0.000000 0.000000 1.000000
0.997101 0.005719 0.075879 -0.000000 -0.014829 0.992656 0.120055 18.372499 -0.074635 -0.120833 0.989863 0.000000 0.000000 0.000000 0.000000 1.000000
0.997149 0.006096 0.075209 0.000000 -0.015123 0.992654 0.120038 18.372499 -0.073925 -0.120833 0.989916 -0.000000 0.000000 0.000000 0.000000 1.000000
0.997139 0.006727 0.075292 0.000000 -0.015692 0.992756 0.119118 18.372499 -0.073945 -0.119959 0.990021 0.000000 0.000000 0.000000 0.000000 1.000000
0.997097 0.007472 0.075768 -0.000000 -0.016404 0.992884 0.117953 18.372499 -0.074348 -0.118854 0.990124 -0.000000 0.000000 0.000000 0.000000 1.000000
0.997108 0.007566 0.075618 -0.000000 -0.016446 0.992936 0.117508 18.372499 -0.074195 -0.118411 0.990189 0.000000 0.000000 0.000000 0.000000 1.000000
0.997171 0.007037 0.074833 0.000000 -0.015852 0.992903 0.117866 18.372499 -0.073472 -0.118719 0.990206 -0.000000 0.000000 0.000000 0.000000 1.000000
0.997233 0.006336 0.074070 0.000000 -0.015115 0.992831 0.118567 18.372499 -0.072787 -0.119358 0.990180 -0.000000 0.000000 0.000000 0.000000 1.000000
0.997267 0.005878 0.073642 -0.000000 -0.014636 0.992792 0.118951 18.372499 -0.072412 -0.119704 0.990165 0.000000 0.000000 0.000000 0.000000 1.000000
0.997289 0.005574 0.073372 0.000000 -0.014308 0.992785 0.119055 18.372499 -0.072179 -0.119782 0.990173 0.000000 0.000000 0.000000 0.000000 1.000000
0.997291 0.005419 0.073353 0.000000 -0.014120 0.992839 0.118624 18.372499 -0.072185 -0.119339 0.990226 0.000000 0.000000 0.000000 0.000000 1.000000
0.997290 0.004730 0.073414 -0.000000 -0.013415 0.992893 0.118256 18.372499 -0.072333 -0.118920 0.990266 -0.000000 0.000000 0.000000 0.000000 1.000000
0.997299 0.003366 0.073372 -0.000000 -0.012069 0.992881 0.118501 18.372499 -0.072451 -0.119066 0.990239 -0.000000 0.000000 0.000000 0.000000 1.000000
0.997283 0.001698 0.073643 -0.000000 -0.010429 0.992919 0.118333 18.372499 -0.072920 -0.118779 0.990239 -0.000000 0.000000 0.000000 0.000000 1.000000
0.997201 0.000089 0.074764 -0.000000 -0.008989 0.992888 0.118716 18.372499 -0.074222 -0.119056 0.990109 -0.000000 0.000000 0.000000 0.000000 1.000000</float_array>
        <technique_common>
          <accessor source="#mixamorig_Neck-Matrix-animation-output-transform-array" count="31" stride="16">
            <param type="float4x4"/>
          </accessor>
        </technique_common>
      </source>
      <source id="mixamorig_Neck-Interpolations">
