<?xml version="1.0" encoding="utf-8"?>
<COLLADA xmlns="http://www.collada.org/2005/11/COLLADASchema" version="1.4.1">
  <asset>
    <contributor>
      <author>Mixamo</author>
      <authoring_tool>COLLADA Mixamo exporter</authoring_tool>
      <comments/>
    </contributor>
    <created>2024-03-29T15:51:24Z</created>
    <modified>2024-03-29T15:51:24Z</modified>
    <revision/>
    <title/>
    <unit meter="0.010000"/>
    <up_axis>Y_UP</up_axis>
  </asset>
  <library_animations>
    <animation id="Armature-anim" name="Armature">
      <source id="Armature-Matrix-animation-input">
        <float_array id="Armature-Matrix-animation-input-array" count="75">

0.000000 0.033333 0.066667 0.100000 0.133333 0.166667 0.200000 0.233333 0.266667 0.300000 0.333333 0.366667 0.400000 0.433333 0.466667 0.500000
0.533333 0.566667 0.600000 0.633333 0.666667 0.700000 0.733333 0.766667 0.800000 0.833333 0.866667 0.900000 0.933333 0.966667 1.000000 1.033333
1.066667 1.100000 1.133333 1.166667 1.200000 1.233333 1.266667 1.300000 1.333333 1.366667 1.400000 1.433333 1.466667 1.500000 1.533333 1.566667
1.600000 1.633333 1.666667 1.700000 1.733333 1.766667 1.800000 1.833333 1.866667 1.900000 1.933333 1.966667 2.000000 2.033333 2.066667 2.100000
2.133333 2.166667 2.200000 2.233333 2.266667 2.300000 2.333333 2.366667 2.400000 2.433333 2.466667</float_array>
        <technique_common>
          <accessor source="#Armature-Matrix-animation-input-array" count="75">
            <param name="TIME" type="float"/>
          </accessor>
        </technique_common>
      </source>
      <source id="Armature-Matrix-animation-output-transform">
        <float_array id="Armature-Matrix-animation-output-transform-array" count="1200">

1.000000 0.000000 0.000000 0.000000 0.000000 1.000000 0.000000 0.000000 0.000000 0.000000 1.000000 0.000000 0.000000 0.000000 0.000000 1.000000
1.000000 0.000000 0.000000 0.000000 0.000000 1.000000 0.000000 0.000000 0.000000 0.000000 1.000000 0.000000 0.000000 0.000000 0.000000 1.000000
1.000000 0.000000 0.000000 0.000000 0.000000 1.000000 0.000000 0.000000 0.000000 0.000000 1.000000 0.000000 0.000000 0.000000 0.000000 1.000000
1.000000 0.000000 0.000000 0.000000 0.000000 1.000000 0.000000 0.000000 0.000000 0.000000 1.000000 0.000000 0.000000 0.000000 0.000000 1.000000
1.000000 0.000000 0.000000 0.000000 0.000000 1.000000 0.000000 0.000000 0.000000 0.000000 1.000000 0.000000 0.000000 0.000000 0.000000 1.000000
1.000000 0.000000 0.000000 0.000000 0.000000 1.000000 0.000000 0.000000 0.000000 0.000000 1.000000 0.000000 0.000000 0.000000 0.000000 1.000000
1.000000 0.000000 0.000000 0.000000 0.000000 1.000000 0.000000 0.000000 0.000000 0.000000 1.000000 0.000000 0.000000 0.000000 0.000000 1.000000
1.000000 0.000000 0.000000 0.000000 0.000000 1.000000 0.000000 0.000000 0.000000 0.000000 1.000000 0.000000 0.000000 0.000000 0.000000 1.000000
1.000000 0.000000 0.000000 0.000000 0.000000 1.000000 0.000000 0.000000 0.000000 0.000000 1.000000 0.000000 0.000000 0.000000 0.000000 1.000000
1.000000 0.000000 0.000000 0.000000 0.000000 1.000000 0.000000 0.000000 0.000000 0.000000 1.000000 0.000000 0.000000 0.000000 0.000000 1.000000
1.000000 0.000000 0.000000 0.000000 0.000000 1.000000 0.000000 0.000000 0.000000 0.000000 1.000000 0.000000 0.000000 0.000000 0.000000 1.000000
1.000000 0.000000 0.000000 0.000000 0.000000 1.000000 0.000000 0.000000 0.000000 0.000000 1.000000 0.000000 0.000000 0.000000 0.000000 1.000000
1.000000 0.000000 0.000000 0.000000 0.000000 1.000000 0.000000 0.000000 0.000000 0.000000 1.000000 0.000000 0.000000 0.000000 0.000000 1.000000
1.000000 0.000000 0.000000 0.000000 0.000000 1.000000 0.000000 0.000000 0.000000 0.000000 1.000000 0.000000 0.000000 0.000000 0.000000 1.000000
1.000000 0.000000 0.000000 0.000000 0.000000 1.000000 0.000000 0.000000 0.000000 0.000000 1.000000 0.000000 0.000000 0.000000 0.000000 1.000000
1.000000 0.000000 0.000000 0.000000 0.000000 1.000000 0.000000 0.000000 0.000000 0.000000 1.000000 0.000000 0.000000 0.000000 0.000000 1.000000
1.000000 0.000000 0.000000 0.000000 0.000000 1.000000 0.000000 0.000000 0.000000 0.000000 1.000000 0.000000 0.000000 0.000000 0.000000 1.000000
1.000000 0.000000 0.000000 0.000000 0.000000 1.000000 0.000000 0.000000 0.000000 0.000000 1.000000 0.000000 0.000000 0.000000 0.000000 1.000000
1.000000 0.000000 0.000000 0.000000 0.000000 1.000000 0.000000 0.000000 0.000000 0.000000 1.000000 0.000000 0.000000 0.000000 0.000000 1.000000
1.000000 0.000000 0.000000 0.000000 0.000000 1.000000 0.000000 0.000000 0.000000 0.000000 1.000000 0.000000 0.000000 0.000000 0.000000 1.000000
1.000000 0.000000 0.000000 0.000000 0.000000 1.000000 0.000000 0.000000 0.000000 0.000000 1.000000 0.000000 0.000000 0.000000 0.000000 1.000000
1.000000 0.000000 0.000000 0.000000 0.000000 1.000000 0.000000 0.000000 0.000000 0.000000 1.000000 0.000000 0.000000 0.000000 0.000000 1.000000
1.000000 0.000000 0.000000 0.000000 0.000000 1.000000 0.000000 0.000000 0.000000 0.000000 1.000000 0.000000 0.000000 0.000000 0.000000 1.000000
1.000000 0.000000 0.000000 0.000000 0.000000 1.000000 0.000000 0.000000 0.000000 0.000000 1.000000 0.000000 0.000000 0.000000 0.000000 1.000000
1.000000 0.000000 0.000000 0.000000 0.000000 1.000000 0.000000 0.000000 0.000000 0.000000 1.000000 0.000000 0.000000 0.000000 0.000000 1.000000
1.000000 0.000000 0.000000 0.000000 0.000000 1.000000 0.000000 0.000000 0.000000 0.000000 1.000000 0.000000 0.000000 0.000000 0.000000 1.000000
1.000000 0.000000 0.000000 0.000000 0.000000 1.000000 0.000000 0.000000 0.000000 0.000000 1.000000 0.000000 0.000000 0.000000 0.000000 1.000000
1.000000 0.000000 0.000000 0.000000 0.000000 1.000000 0.000000 0.000000 0.000000 0.000000 1.000000 0.000000 0.000000 0.000000 0.000000 1.000000
1.000000 0.000000 0.000000 0.000000 0.000000 1.000000 0.000000 0.000000 0.000000 0.000000 1.000000 0.000000 0.000000 0.000000 0.000000 1.000000
1.000000 0.000000 0.000000 0.000000 0.000000 1.000000 0.000000 0.000000 0.000000 0.000000 1.000000 0.000000 0.000000 0.000000 0.000000 1.000000
1.000000 0.000000 0.000000 0.000000 0.000000 1.000000 0.000000 0.000000 0.000000 0.000000 1.000000 0.000000 0.000000 0.000000 0.000000 1.000000
1.000000 0.000000 0.000000 0.000000 0.000000 1.000000 0.000000 0.000000 0.000000 0.000000 1.000000 0.000000 0.000000 0.000000 0.000000 1.000000
1.000000 0.000000 0.000000 0.000000 0.000000 1.000000 0.000000 0.000000 0.000000 0.000000 1.000000 0.000000 0.000000 0.000000 0.000000 1.000000
1.000000 0.000000 0.000000 0.000000 0.000000 1.000000 0.000000 0.000000 0.000000 0.000000 1.000000 0.000000 0.000000 0.000000 0.000000 1.000000
1.000000 0.000000 0.000000 0.000000 0.000000 1.000000 0.000000 0.000000 0.000000 0.000000 1.000000 0.000000 0.000000 0.000000 0.000000 1.000000
1.000000 0.000000 0.000000 0.000000 0.000000 1.000000 0.000000 0.000000 0.000000 0.000000 1.000000 0.000000 0.000000 0.000000 0.000000 1.000000
1.000000 0.000000 0.000000 0.000000 0.000000 1.000000 0.000000 0.000000 0.000000 0.000000 1.000000 0.000000 0.000000 0.000000 0.000000 1.000000
1.000000 0.000000 0.000000 0.000000 0.000000 1.000000 0.000000 0.000000 0.000000 0.000000 1.000000 0.000000 0.000000 0.000000 0.000000 1.000000
1.000000 0.000000 0.000000 0.000000 0.000000 1.000000 0.000000 0.000000 0.000000 0.000000 1.000000 0.000000 0.000000 0.000000 0.000000 1.000000
1.000000 0.000000 0.000000 0.000000 0.000000 1.000000 0.000000 0.000000 0.000000 0.000000 1.000000 0.000000 0.000000 0.000000 0.000000 1.000000
1.000000 0.000000 0.000000 0.000000 0.000000 1.000000 0.000000 0.000000 0.000000 0.000000 1.000000 0.000000 0.000000 0.000000 0.000000 1.000000
1.000000 0.000000 0.000000 0.000000 0.000000 1.000000 0.000000 0.000000 0.000000 0.000000 1.000000 0.000000 0.000000 0.000000 0.000000 1.000000
1.000000 0.000000 0.000000 0.000000 0.000000 1.000000 0.000000 0.000000 0.000000 0.000000 1.000000 0.000000 0.000000 0.000000 0.000000 1.000000
1.000000 0.000000 0.000000 0.000000 0.000000 1.000000 0.000000 0.000000 0.000000 0.000000 1.000000 0.000000 0.000000 0.000000 0.000000 1.000000
1.000000 0.000000 0.000000 0.000000 0.000000 1.000000 0.000000 0.000000 0.000000 0.000000 1.000000 0.000000 0.000000 0.000000 0.000000 1.000000
1.000000 0.000000 0.000000 0.000000 0.000000 1.000000 0.000000 0.000000 0.000000 0.000000 1.000000 0.000000 0.000000 0.000000 0.000000 1.000000
1.000000 0.000000 0.000000 0.000000 0.000000 1.000000 0.000000 0.000000 0.000000 0.000000 1.000000 0.000000 0.000000 0.000000 0.000000 1.000000
1.000000 0.000000 0.000000 0.000000 0.000000 1.000000 0.000000 0.000000 0.000000 0.000000 1.000000 0.000000 0.000000 0.000000 0.000000 1.000000
1.000000 0.000000 0.000000 0.000000 0.000000 1.000000 0.000000 0.000000 0.000000 0.000000 1.000000 0.000000 0.000000 0.000000 0.000000 1.000000
1.000000 0.000000 0.000000 0.000000 0.000000 1.000000 0.000000 0.000000 0.000000 0.000000 1.000000 0.000000 0.000000 0.000000 0.000000 1.000000
1.000000 0.000000 0.000000 0.000000 0.000000 1.000000 0.000000 0.000000 0.000000 0.000000 1.000000 0.000000 0.000000 0.000000 0.000000 1.000000
1.000000 0.000000 0.000000 0.000000 0.000000 1.000000 0.000000 0.000000 0.000000 0.000000 1.000000 0.000000 0.000000 0.000000 0.000000 1.000000
1.000000 0.000000 0.000000 0.000000 0.000000 1.000000 0.000000 0.000000 0.000000 0.000000 1.000000 0.000000 0.000000 0.000000 0.000000 1.000000
1.000000 0.000000 0.000000 0.000000 0.000000 1.000000 0.000000 0.000000 0.000000 0.000000 1.000000 0.000000 0.000000 0.000000 0.000000 1.000000
1.000000 0.000000 0.000000 0.000000 0.000000 1.000000 0.000000 0.000000 0.000000 0.000000 1.000000 0.000000 0.000000 0.000000 0.000000 1.000000
1.000000 0.000000 0.000000 0.000000 0.000000 1.000000 0.000000 0.000000 0.000000 0.000000 1.000000 0.000000 0.000000 0.000000 0.000000 1.000000
1.000000 0.000000 0.000000 0.000000 0.000000 1.000000 0.000000 0.000000 0.000000 0.000000 1.000000 0.000000 0.000000 0.000000 0.000000 1.000000
1.000000 0.000000 0.000000 0.000000 0.000000 1.000000 0.000000 0.000000 0.000000 0.000000 1.000000 0.000000 0.000000 0.000000 0.000000 1.000000
1.000000 0.000000 0.000000 0.000000 0.000000 1.000000 0.000000 0.000000 0.000000 0.000000 1.000000 0.000000 0.000000 0.000000 0.000000 1.000000
1.000000 0.000000 0.000000 0.000000 0.000000 1.000000 0.000000 0.000000 0.000000 0.000000 1.000000 0.000000 0.000000 0.000000 0.000000 1.000000
1.000000 0.000000 0.000000 0.000000 0.000000 1.000000 0.000000 0.000000 0.000000 0.000000 1.000000 0.000000 0.000000 0.000000 0.000000 1.000000
1.000000 0.000000 0.000000 0.000000 0.000000 1.000000 0.000000 0.000000 0.000000 0.000000 1.000000 0.000000 0.000000 0.000000 0.000000 1.000000
1.000000 0.000000 0.000000 0.000000 0.000000 1.000000 0.000000 0.000000 0.000000 0.000000 1.000000 0.000000 0.000000 0.000000 0.000000 1.000000
1.000000 0.000000 0.000000 0.000000 0.000000 1.000000 0.000000 0.000000 0.000000 0.000000 1.000000 0.000000 0.000000 0.000000 0.000000 1.000000
1.000000 0.000000 0.000000 0.000000 0.000000 1.000000 0.000000 0.000000 0.000000 0.000000 1.000000 0.000000 0.000000 0.000000 0.000000 1.000000
1.000000 0.000000 0.000000 0.000000 0.000000 1.000000 0.000000 0.000000 0.000000 0.000000 1.000000 0.000000 0.000000 0.000000 0.000000 1.000000
1.000000 0.000000 0.000000 0.000000 0.000000 1.000000 0.000000 0.000000 0.000000 0.000000 1.000000 0.000000 0.000000 0.000000 0.000000 1.000000
1.000000 0.000000 0.000000 0.000000 0.000000 1.000000 0.000000 0.000000 0.000000 0.000000 1.000000 0.000000 0.000000 0.000000 0.000000 1.000000
1.000000 0.000000 0.000000 0.000000 0.000000 1.000000 0.000000 0.000000 0.000000 0.000000 1.000000 0.000000 0.000000 0.000000 0.000000 1.000000
1.000000 0.000000 0.000000 0.000000 0.000000 1.000000 0.000000 0.000000 0.000000 0.000000 1.000000 0.000000 0.000000 0.000000 0.000000 1.000000
1.000000 0.000000 0.000000 0.000000 0.000000 1.000000 0.000000 0.000000 0.000000 0.000000 1.000000 0.000000 0.000000 0.000000 0.000000 1.000000
1.000000 0.000000 0.000000 0.000000 0.000000 1.000000 0.000000 0.000000 0.000000 0.000000 1.000000 0.000000 0.000000 0.000000 0.000000 1.000000
1.000000 0.000000 0.000000 0.000000 0.000000 1.000000 0.000000 0.000000 0.000000 0.000000 1.000000 0.000000 0.000000 0.000000 0.000000 1.000000
1.000000 0.000000 0.000000 0.000000 0.000000 1.000000 0.000000 0.000000 0.000000 0.000000 1.000000 0.000000 0.000000 0.000000 0.000000 1.000000
1.000000 0.000000 0.000000 0.000000 0.000000 1.000000 0.000000 0.000000 0.000000 0.000000 1.000000 0.000000 0.000000 0.000000 0.000000 1.000000</float_array>
        <technique_common>
          <accessor source="#Armature-Matrix-animation-output-transform-array" count="75" stride="16">
            <param type="float4x4"/>
          </accessor>
        </technique_common>
      </source>
      <source id="Armature-Interpolations">
        <Name_array id="Armature-Interpolations-array" count="75">
 LINEAR LINEAR LINEAR LINEAR LINEAR LINEAR LINEAR LINEAR LINEAR LINEAR LINEAR
LINEAR LINEAR LINEAR LINEAR LINEAR LINEAR LINEAR LINEAR LINEAR LINEAR LINEAR LINEAR
LINEAR LINEAR LINEAR LINEAR LINEAR LINEAR LINEAR LINEAR LINEAR LINEAR LINEAR LINEAR
LINEAR LINEAR LINEAR LINEAR LINEAR LINEAR LINEAR LINEAR LINEAR LINEAR LINEAR LINEAR
LINEAR LINEAR LINEAR LINEAR LINEAR LINEAR LINEAR LINEAR LINEAR LINEAR LINEAR LINEAR
LINEAR LINEAR LINEAR LINEAR LINEAR LINEAR LINEAR LINEAR LINEAR LINEAR LINEAR LINEAR
LINEAR LINEAR LINEAR LINEAR</Name_array>
        <technique_common>
          <accessor source="#Armature-Interpolations-array" count="75">
            <param type="name"/>
          </accessor>
        </technique_common>
      </source>
      <sampler id="Armature-Matrix-animation-transform">
        <input semantic="INPUT" source="#Armature-Matrix-animation-input"/>
        <input semantic="OUTPUT" source="#Armature-Matrix-animation-output-transform"/>
        <input semantic="INTERPOLATION" source="#Armature-Interpolations"/>
      </sampler>
      <channel source="#Armature-Matrix-animation-transform" target="Armature/matrix"/>
    </animation>
    <animation id="mixamorig_Hips-anim" name="mixamorig_Hips">
      <source id="mixamorig_Hips-Matrix-animation-input">
        <float_array id="mixamorig_Hips-Matrix-animation-input-array" count="75">

0.000000 0.033333 0.066667 0.100000 0.133333 0.166667 0.200000 0.233333 0.266667 0.300000 0.333333 0.366667 0.400000 0.433333 0.466667 0.500000
0.533333 0.566667 0.600000 0.633333 0.666667 0.700000 0.733333 0.766667 0.800000 0.833333 0.866667 0.900000 0.933333 0.966667 1.000000 1.033333
1.066667 1.100000 1.133333 1.166667 1.200000 1.233333 1.266667 1.300000 1.333333 1.366667 1.400000 1.433333 1.466667 1.500000 1.533333 1.566667
1.600000 1.633333 1.666667 1.700000 1.733333 1.766667 1.800000 1.833333 1.866667 1.900000 1.933333 1.966667 2.000000 2.033333 2.066667 2.100000
2.133333 2.166667 2.200000 2.233333 2.266667 2.300000 2.333333 2.366667 2.400000 2.433333 2.466667</float_array>
        <technique_common>
          <accessor source="#mixamorig_Hips-Matrix-animation-input-array" count="75">
            <param name="TIME" type="float"/>
          </accessor>
        </technique_common>
      </source>
      <source id="mixamorig_Hips-Matrix-animation-output-transform">
        <float_array id="mixamorig_Hips-Matrix-animation-output-transform-array" count="1200">

0.959306 0.036606 0.279986 0.118329 -0.016359 0.997101 -0.074312 101.484917 -0.281895 0.066708 0.957124 -1.395834 0.000000 0.000000 0.000000 1.000000
0.940693 0.077985 0.330174 0.392570 -0.048762 0.994196 -0.095897 101.533264 -0.335736 0.074110 0.939036 -1.174253 0.000000 0.000000 0.000000 1.000000
0.929411 0.118087 0.349643 0.586013 -0.082178 0.989859 -0.115868 101.275490 -0.359780 0.078956 0.929690 -0.988246 0.000000 0.000000 0.000000 1.000000
0.929938 0.152560 0.334576 0.788758 -0.114691 0.984821 -0.130279 100.517128 -0.349373 0.082779 0.933320 -0.804004 0.000000 0.000000 0.000000 1.000000
0.942069 0.171940 0.287999 1.049444 -0.136635 0.980870 -0.138652 100.420731 -0.306330 0.091269 0.947540 -0.616657 0.000000 0.000000 0.000000 1.000000
0.957099 0.188451 0.220109 1.665446 -0.160296 0.977148 -0.139593 100.326279 -0.241385 0.098322 0.965436 -0.406620 0.000000 0.000000 0.000000 1.000000
0.973872 0.189944 0.124479 2.552313 -0.173783 0.976173 -0.129945 100.232208 -0.146195 0.104918 0.983676 -0.190690 0.000000 0.000000 0.000000 1.000000
0.982654 0.182987 0.030110 3.568858 -0.178383 0.977066 -0.116283 99.915611 -0.050698 0.108895 0.992760 0.002012 0.000000 0.000000 0.000000 1.000000
0.985804 0.160129 -0.050492 4.837821 -0.164390 0.981689 -0.096241 99.603859 0.034157 0.103175 0.994077 0.075545 0.000000 0.000000 0.000000 1.000000
0.986721 0.115271 -0.114429 6.526901 -0.124406 0.989304 -0.076169 99.143166 0.104425 0.089393 0.990507 0.145844 0.000000 0.000000 0.000000 1.000000
0.987605 0.047245 -0.149678 8.406066 -0.057390 0.996286 -0.064195 98.348267 0.146089 0.071989 0.986649 0.165528 0.000000 0.000000 0.000000 1.000000
0.987663 -0.032337 -0.153216 10.323089 0.023727 0.998053 -0.057689 97.538689 0.154783 0.053342 0.986507 0.129421 0.000000 0.000000 0.000000 1.000000
0.985189 -0.106996 -0.133992 12.095950 0.100983 0.993584 -0.050916 96.931519 0.138580 0.036631 0.989674 0.140052 0.000000 0.000000 0.000000 1.000000
0.980464 -0.168974 -0.100693 13.464237 0.165193 0.985241 -0.044841 96.513680 0.106784 0.027332 0.993907 0.269014 0.000000 0.000000 0.000000 1.000000
0.974811 -0.217772 -0.048161 14.288167 0.216225 0.975703 -0.035359 96.206718 0.054691 0.024055 0.998214 0.418711 0.000000 0.000000 0.000000 1.000000
0.965906 -0.257311 0.028562 14.536045 0.257784 0.966097 -0.014282 95.963753 -0.023919 0.021158 0.999490 0.501863 0.000000 0.000000 0.000000 1.000000
0.951015 -0.286332 0.116551 14.219764 0.286468 0.957957 0.015942 95.683525 -0.116215 0.018227 0.993057 0.525177 0.000000 0.000000 0.000000 1.000000
0.931267 -0.300361 0.206216 13.467672 0.297337 0.953651 0.046262 95.388611 -0.210554 0.018234 0.977412 0.513570 0.000000 0.000000 0.000000 1.000000
0.905427 -0.297292 0.303018 12.430367 0.289494 0.954509 0.071456 95.071777 -0.310477 0.023024 0.950302 0.418491 0.000000 0.000000 0.000000 1.000000
0.873557 -0.273658 0.402503 11.206390 0.260945 0.961397 0.087314 94.802948 -0.410860 0.028757 0.911245 0.274353 0.000000 0.000000 0.000000 1.000000
0.842634 -0.230375 0.486719 9.862978 0.214083 0.972683 0.089760 94.599068 -0.494102 0.028563 0.868935 0.148397 0.000000 0.000000 0.000000 1.000000
0.822200 -0.173003 0.542270 8.406945 0.158948 0.984576 0.073114 94.558853 -0.546555 0.026078 0.837017 0.013377 0.000000 0.000000 0.000000 1.000000
0.817180 -0.098335 0.567932 6.852890 0.096831 0.994757 0.032911 94.812744 -0.568191 0.028100 0.822417 -0.132389 0.000000 0.000000 0.000000 1.000000
0.820634 -0.007929 0.571399 5.181828 0.024350 0.999481 -0.021101 95.450378 -0.570935 0.031229 0.820401 -0.223245 0.000000 0.000000 0.000000 1.000000
0.821752 0.078777 0.564374 3.475409 -0.048628 0.996480 -0.068286 96.431236 -0.567767 0.028670 0.822690 -0.302521 0.000000 0.000000 0.000000 1.000000
0.820350 0.140253 0.554396 1.866562 -0.105769 0.989944 -0.093932 97.413544 -0.561995 0.018419 0.826936 -0.492696 0.000000 0.000000 0.000000 1.000000
0.827291 0.174289 0.534053 0.503983 -0.141095 0.984647 -0.102774 98.205956 -0.543766 0.009671 0.839181 -0.727497 0.000000 0.000000 0.000000 1.000000
0.853128 0.190114 0.485829 -0.533667 -0.159187 0.981690 -0.104618 98.744240 -0.496823 0.011915 0.867770 -0.896508 0.000000 0.000000 0.000000 1.000000
0.894736 0.191519 0.403445 -1.238546 -0.165165 0.981233 -0.099507 99.112320 -0.414931 0.022397 0.909577 -1.057496 0.000000 0.000000 0.000000 1.000000
0.936520 0.187646 0.296173 -1.498939 -0.169019 0.981718 -0.087536 99.530846 -0.307184 0.031920 0.951115 -1.161695 0.000000 0.000000 0.000000 1.000000
0.967342 0.181973 0.176450 -1.442347 -0.172173 0.982614 -0.069476 99.905594 -0.186025 0.036827 0.981855 -1.147010 0.000000 0.000000 0.000000 1.000000
0.984524 0.167230 0.052402 -1.351261 -0.165440 0.985532 -0.036829 100.213211 -0.057803 0.027589 0.997947 -1.012516 0.000000 0.000000 0.000000 1.000000
0.986863 0.147265 -0.066447 -1.335889 -0.147729 0.989026 -0.002110 100.437935 0.065407 0.011899 0.997788 -0.880885 0.000000 0.000000 0.000000 1.000000
0.976424 0.127620 -0.174093 -1.346452 -0.127382 0.991774 0.012588 100.555893 0.174268 0.009885 0.984649 -0.795436 0.000000 0.000000 0.000000 1.000000
0.957596 0.102060 -0.269432 -1.442412 -0.102456 0.994657 0.012631 100.606659 0.269282 0.015510 0.962937 -0.707075 0.000000 0.000000 0.000000 1.000000
0.935147 0.065173 -0.348213 -1.624117 -0.068109 0.997671 0.003818 100.400360 0.347651 0.020146 0.937408 -0.693122 0.000000 0.000000 0.000000 1.000000
0.915763 0.021833 -0.401125 -1.774489 -0.030703 0.999405 -0.015696 100.263191 0.400544 0.026689 0.915889 -0.859357 0.000000 0.000000 0.000000 1.000000
0.905498 -0.017872 -0.423973 -1.722593 0.002581 0.999326 -0.036615 100.321861 0.424342 0.032061 0.904934 -1.209609 0.000000 0.000000 0.000000 1.000000
0.909259 -0.052526 -0.412903 -1.559926 0.035950 0.998209 -0.047817 100.270386 0.414675 0.028634 0.909519 -1.710745 0.000000 0.000000 0.000000 1.000000
0.927647 -0.082156 -0.364310 -1.563736 0.069111 0.996418 -0.048726 100.192322 0.367009 0.020023 0.930002 -2.354776 0.000000 0.000000 0.000000 1.000000
0.952449 -0.107045 -0.285277 -1.877486 0.098324 0.994147 -0.044764 100.069618 0.288399 0.014586 0.957399 -2.974943 0.000000 0.000000 0.000000 1.000000
0.974707 -0.120917 -0.187950 -2.450614 0.115837 0.992548 -0.037819 99.805389 0.191123 0.015091 0.981450 -3.383060 0.000000 0.000000 0.000000 1.000000
0.988953 -0.120749 -0.085980 -3.286820 0.118671 0.992513 -0.028895 99.339561 0.088825 0.018373 0.995878 -3.528767 0.000000 0.000000 0.000000 1.000000
0.993928 -0.109407 0.011721 -4.423582 0.109671 0.993654 -0.024962 98.818954 -0.008915 0.026096 0.999620 -3.422604 0.000000 0.000000 0.000000 1.000000
0.991217 -0.086537 0.099998 -5.777736 0.089970 0.995482 -0.030344 98.428322 -0.096920 0.039074 0.994525 -3.103665 0.000000 0.000000 0.000000 1.000000
0.984614 -0.049324 0.167640 -7.206691 0.057231 0.997449 -0.042665 98.187881 -0.165108 0.051603 0.984925 -2.682632 0.000000 0.000000 0.000000 1.000000
0.980154 0.002296 0.198226 -8.593568 0.009755 0.998163 -0.059796 98.003876 -0.197999 0.060543 0.978331 -2.333030 0.000000 0.000000 0.000000 1.000000
0.981162 0.062925 0.182652 -9.866213 -0.049095 0.995643 -0.079281 97.824760 -0.186845 0.068821 0.979976 -2.128003 0.000000 0.000000 0.000000 1.000000
0.984063 0.122311 0.129073 -10.968591 -0.110518 0.989333 -0.094901 97.779297 -0.139304 0.079124 0.987084 -2.003520 0.000000 0.000000 0.000000 1.000000
0.982847 0.174438 0.059855 -11.878083 -0.167937 0.980672 -0.100399 97.853943 -0.076212 0.088625 0.993145 -1.884963 0.000000 0.000000 0.000000 1.000000
0.976109 0.217172 -0.006898 -12.610116 -0.216827 0.971517 -0.095604 97.869057 -0.014061 0.094816 0.995396 -1.740323 0.000000 0.000000 0.000000 1.000000
0.966170 0.247100 -0.073866 -13.161628 -0.252896 0.963889 -0.083432 97.563766 0.050582 0.099290 0.993772 -1.623367 0.000000 0.000000 0.000000 1.000000
0.953248 0.262829 -0.149129 -13.370122 -0.274631 0.959375 -0.064641 97.287628 0.126081 0.102574 0.986703 -1.518660 0.000000 0.000000 0.000000 1.000000
0.934444 0.267308 -0.235288 -13.175520 -0.284210 0.957907 -0.040470 97.068901 0.214566 0.104689 0.971083 -1.409454 0.000000 0.000000 0.000000 1.000000
0.905593 0.263539 -0.332337 -12.567875 -0.284130 0.958683 -0.014009 96.864616 0.314914 0.107114 0.943057 -1.262710 0.000000 0.000000 0.000000 1.000000
0.866951 0.247088 -0.432831 -11.589253 -0.269776 0.962878 0.009318 96.664810 0.419066 0.108689 0.901427 -1.041132 0.000000 0.000000 0.000000 1.000000
0.824202 0.216463 -0.523292 -10.303012 -0.238383 0.970820 0.026124 96.498886 0.513677 0.103213 0.851753 -0.780511 0.000000 0.000000 0.000000 1.000000
0.782353 0.177776 -0.596926 -8.788979 -0.196938 0.979837 0.033700 96.364502 0.590881 0.091192 0.801588 -0.573151 0.000000 0.000000 0.000000 1.000000
0.748428 0.133698 -0.649600 -7.127491 -0.151642 0.988021 0.028638 96.320213 0.645647 0.077073 0.759737 -0.487733 0.000000 0.000000 0.000000 1.000000
0.732619 0.080604 -0.675849 -5.499715 -0.099479 0.994981 0.010829 96.369919 0.673330 0.059299 0.736960 -0.541153 0.000000 0.000000 0.000000 1.000000
0.736565 0.022184 -0.676003 -3.891254 -0.043651 0.998937 -0.014781 96.617149 0.674957 0.040395 0.736751 -0.763516 0.000000 0.000000 0.000000 1.000000
0.755677 -0.032404 -0.654143 -2.420705 0.007734 0.999147 -0.040560 97.146507 0.654899 0.025592 0.755283 -1.063462 0.000000 0.000000 0.000000 1.000000
0.787048 -0.074439 -0.612384 -1.218128 0.047891 0.997070 -0.059650 97.797928 0.615029 0.017620 0.788307 -1.383774 0.000000 0.000000 0.000000 1.000000
0.828842 -0.100957 -0.550298 -0.397893 0.075464 0.994770 -0.068838 98.459015 0.554370 0.015528 0.832126 -1.735628 0.000000 0.000000 0.000000 1.000000
0.877203 -0.113822 -0.466432 -0.030568 0.092442 0.993355 -0.068554 99.129471 0.471136 0.017018 0.881897 -2.070185 0.000000 0.000000 0.000000 1.000000
0.925393 -0.116780 -0.360569 -0.008655 0.101529 0.992959 -0.061023 99.906075 0.365156 0.019862 0.930734 -2.315865 0.000000 0.000000 0.000000 1.000000
0.964285 -0.113244 -0.239438 -0.175617 0.103456 0.993215 -0.053102 100.671577 0.243827 0.026434 0.969458 -2.445820 0.000000 0.000000 0.000000 1.000000
0.988073 -0.102444 -0.114969 -0.367502 0.097219 0.993997 -0.050183 101.264221 0.119419 0.038407 0.992101 -2.430314 0.000000 0.000000 0.000000 1.000000
0.996746 -0.080509 0.003906 -0.454573 0.080603 0.995567 -0.048474 101.621216 0.000014 0.048631 0.998817 -2.214655 0.000000 0.000000 0.000000 1.000000
0.992609 -0.046983 0.111896 -0.384910 0.052694 0.997425 -0.048640 101.722061 -0.109323 0.054176 0.992529 -1.949272 0.000000 0.000000 0.000000 1.000000
0.978705 -0.005970 0.205186 -0.172653 0.018117 0.998189 -0.057369 101.608429 -0.204472 0.059864 0.977040 -1.661017 0.000000 0.000000 0.000000 1.000000
0.959306 0.036606 0.279986 0.118329 -0.016359 0.997101 -0.074312 101.484917 -0.281895 0.066708 0.957124 -1.395834 0.000000 0.000000 0.000000 1.000000
0.940693 0.077985 0.330174 0.392568 -0.048762 0.994196 -0.095897 101.533272 -0.335736 0.074110 0.939036 -1.174255 0.000000 0.000000 0.000000 1.000000
0.929411 0.118087 0.349643 0.586011 -0.082178 0.989859 -0.115868 101.275475 -0.359780 0.078956 0.929690 -0.988244 0.000000 0.000000 0.000000 1.000000
0.929938 0.152560 0.334576 0.788760 -0.114692 0.984821 -0.130279 100.517113 -0.349373 0.082779 0.933320 -0.804006 0.000000 0.000000 0.000000 1.000000</float_array>
        <technique_common>
          <accessor source="#mixamorig_Hips-Matrix-animation-output-transform-array" count="75" stride="16">
            <param type="float4x4"/>
          </accessor>
        </technique_common>
      </source>
      <source id="mixamorig_Hips-Interpolations">
        <Name_array id="mixamorig_Hips-Interpolations-array" count="75">
 LINEAR LINEAR LINEAR LINEAR LINEAR LINEAR LINEAR LINEAR LINEAR LINEAR LINEAR
LINEAR LINEAR LINEAR LINEAR LINEAR LINEAR LINEAR LINEAR LINEAR LINEAR LINEAR LINEAR
LINEAR LINEAR LINEAR LINEAR LINEAR LINEAR LINEAR LINEAR LINEAR LINEAR LINEAR LINEAR
LINEAR LINEAR LINEAR LINEAR LINEAR LINEAR LINEAR LINEAR LINEAR LINEAR LINEAR LINEAR
LINEAR LINEAR LINEAR LINEAR LINEAR LINEAR LINEAR LINEAR LINEAR LINEAR LINEAR LINEAR
LINEAR LINEAR LINEAR LINEAR LINEAR LINEAR LINEAR LINEAR LINEAR LINEAR LINEAR LINEAR
LINEAR LINEAR LINEAR LINEAR</Name_array>
        <technique_common>
          <accessor source="#mixamorig_Hips-Interpolations-array" count="75">
            <param type="name"/>
          </accessor>
        </technique_common>
      </source>
      <sampler id="mixamorig_Hips-Matrix-animation-transform">
        <input semantic="INPUT" source="#mixamorig_Hips-Matrix-animation-input"/>
        <input semantic="OUTPUT" source="#mixamorig_Hips-Matrix-animation-output-transform"/>
        <input semantic="INTERPOLATION" source="#mixamorig_Hips-Interpolations"/>
      </sampler>
      <channel source="#mixamorig_Hips-Matrix-animation-transform" target="mixamorig_Hips/matrix"/>
    </animation>
    <animation id="mixamorig_Spine-anim" name="mixamorig_Spine">
      <source id="mixamorig_Spine-Matrix-animation-input">
        <float_array id="mixamorig_Spine-Matrix-animation-input-array" count="75">

0.000000 0.033333 0.066667 0.100000 0.133333 0.166667 0.200000 0.233333 0.266667 0.300000 0.333333 0.366667 0.400000 0.433333 0.466667 0.500000
0.533333 0.566667 0.600000 0.633333 0.666667 0.700000 0.733333 0.766667 0.800000 0.833333 0.866667 0.900000 0.933333 0.966667 1.000000 1.033333
1.066667 1.100000 1.133333 1.166667 1.200000 1.233333 1.266667 1.300000 1.333333 1.366667 1.400000 1.433333 1.466667 1.500000 1.533333 1.566667
1.600000 1.633333 1.666667 1.700000 1.733333 1.766667 1.800000 1.833333 1.866667 1.900000 1.933333 1.966667 2.000000 2.033333 2.066667 2.100000
2.133333 2.166667 2.200000 2.233333 2.266667 2.300000 2.333333 2.366667 2.400000 2.433333 2.466667</float_array>
        <technique_common>
          <accessor source="#mixamorig_Spine-Matrix-animation-input-array" count="75">
            <param name="TIME" type="float"/>
          </accessor>
        </technique_common>
      </source>
      <source id="mixamorig_Spine-Matrix-animation-output-transform">
        <float_array id="mixamorig_Spine-Matrix-animation-output-transform-array" count="1200">

0.985230 -0.022318 -0.169778 0.000000 0.045908 0.989601 0.136317 12.246100 0.164970 -0.142097 0.976009 0.234600 0.000000 0.000000 0.000000 1.000000
0.982640 -0.018438 -0.184605 -0.000000 0.048872 0.985629 0.161699 12.246100 0.178971 -0.167914 0.969420 0.234600 0.000000 0.000000 0.000000 1.000000
0.983465 -0.038295 -0.177006 -0.000000 0.069669 0.982172 0.174595 12.246100 0.167164 -0.184040 0.968600 0.234600 0.000000 0.000000 0.000000 1.000000
0.986832 -0.068837 -0.146368 -0.000000 0.095169 0.978810 0.181311 12.246100 0.130785 -0.192853 0.972473 0.234600 0.000000 0.000000 0.000000 1.000000
0.990902 -0.090097 -0.099978 0.000000 0.107954 0.975698 0.190681 12.246100 0.080369 -0.199740 0.976547 0.234600 0.000000 0.000000 0.000000 1.000000
0.990019 -0.128276 -0.058382 -0.000000 0.137468 0.970241 0.199338 12.246100 0.031075 -0.205374 0.978190 0.234600 0.000000 0.000000 0.000000 1.000000
0.988726 -0.135107 -0.064555 0.000000 0.145533 0.968519 0.201967 12.246100 0.035235 -0.209085 0.977263 0.234600 0.000000 0.000000 0.000000 1.000000
0.987685 -0.146532 -0.054838 0.000000 0.154670 0.967284 0.201096 12.246100 0.023577 -0.207101 0.978035 0.234600 0.000000 0.000000 0.000000 1.000000
0.981930 -0.189224 0.002834 0.000000 0.184971 0.962811 0.196929 12.246100 -0.039992 -0.192846 0.980414 0.234600 0.000000 0.000000 0.000000 1.000000
0.969148 -0.231920 0.083456 0.000000 0.214751 0.960699 0.175897 12.246100 -0.120971 -0.152548 0.980864 0.234600 0.000000 0.000000 0.000000 1.000000
0.956352 -0.238589 0.168717 0.000000 0.216753 0.966422 0.138013 12.246100 -0.195980 -0.095419 0.975954 0.234600 0.000000 0.000000 0.000000 1.000000
0.946386 -0.220413 0.236159 -0.000000 0.202342 0.974348 0.098511 12.246100 -0.251814 -0.045445 0.966708 0.234600 0.000000 0.000000 0.000000 1.000000
0.939651 -0.202016 0.276125 0.000000 0.187966 0.979174 0.076730 12.246100 -0.285875 -0.020197 0.958054 0.234600 0.000000 0.000000 0.000000 1.000000
0.938511 -0.180384 0.294379 0.000000 0.165728 0.983375 0.074216 12.246100 -0.302872 -0.020866 0.952803 0.234600 0.000000 0.000000 0.000000 1.000000
0.944992 -0.148650 0.291364 0.000000 0.133475 0.988477 0.071403 12.246100 -0.298620 -0.028585 0.953944 0.234600 0.000000 0.000000 0.000000 1.000000
0.959313 -0.103858 0.262549 0.000000 0.092882 0.994217 0.053910 12.246100 -0.266630 -0.027330 0.963411 0.234600 0.000000 0.000000 0.000000 1.000000
0.975392 -0.045511 0.215732 0.000000 0.041037 0.998840 0.025175 12.246100 -0.216627 -0.015703 0.976128 0.234600 0.000000 0.000000 0.000000 1.000000
0.987184 0.017160 0.158662 -0.000000 -0.016479 0.999848 -0.005608 12.246100 -0.158734 0.002922 0.987317 0.234600 0.000000 0.000000 0.000000 1.000000
0.993740 0.069300 0.087626 0.000000 -0.066713 0.997255 -0.032109 12.246100 -0.089611 0.026063 0.995636 0.234600 0.000000 0.000000 0.000000 1.000000
0.995225 0.097190 0.008975 0.000000 -0.096661 0.994187 -0.047416 12.246100 -0.013531 0.046322 0.998835 0.234600 0.000000 0.000000 0.000000 1.000000
0.992895 0.102450 -0.060530 0.000000 -0.105399 0.993284 -0.047717 12.246100 0.055235 0.053758 0.997025 0.234600 0.000000 0.000000 0.000000 1.000000
0.989256 0.097545 -0.108894 0.000000 -0.101490 0.994345 -0.031284 12.246100 0.105226 0.042000 0.993561 0.234600 0.000000 0.000000 0.000000 1.000000
0.987186 0.085746 -0.134580 0.000000 -0.086070 0.996283 0.003414 12.246100 0.134373 0.008213 0.990897 0.234600 0.000000 0.000000 0.000000 1.000000
0.985704 0.072645 -0.152020 0.000000 -0.065276 0.996463 0.052921 12.246100 0.155327 -0.042241 0.986960 0.234600 0.000000 0.000000 0.000000 1.000000
0.981962 0.074303 -0.173867 0.000000 -0.057030 0.993115 0.102323 12.246100 0.180273 -0.090562 0.979439 0.234600 0.000000 0.000000 0.000000 1.000000
0.977578 0.091161 -0.189819 0.000000 -0.068248 0.989940 0.123940 12.246100 0.199208 -0.108206 0.973965 0.234600 0.000000 0.000000 0.000000 1.000000
0.977850 0.104613 -0.181287 -0.000000 -0.083544 0.989227 0.120211 12.246100 0.191910 -0.102403 0.976055 0.234600 0.000000 0.000000 0.000000 1.000000
0.984298 0.106617 -0.140675 -0.000000 -0.089467 0.988357 0.123069 12.246100 0.152158 -0.108551 0.982377 0.234600 0.000000 0.000000 0.000000 1.000000
0.992387 0.095212 -0.078119 -0.000000 -0.083812 0.986866 0.138096 12.246100 0.090241 -0.130497 0.987333 0.234600 0.000000 0.000000 0.000000 1.000000
0.998198 0.059485 -0.007884 -0.000000 -0.057601 0.986712 0.151925 12.246100 0.016816 -0.151197 0.988361 0.234600 0.000000 0.000000 0.000000 1.000000
0.997687 -0.003124 0.067900 0.000000 -0.007733 0.987241 0.159047 12.246100 -0.067530 -0.159204 0.984933 0.234600 0.000000 0.000000 0.000000 1.000000
0.986651 -0.063847 0.149813 0.000000 0.042568 0.989069 0.141172 12.246100 -0.157189 -0.132910 0.978584 0.234600 0.000000 0.000000 0.000000 1.000000
0.968158 -0.104209 0.227619 0.000000 0.081939 0.991068 0.105214 12.246100 -0.236550 -0.083213 0.968049 0.234600 0.000000 0.000000 0.000000 1.000000
0.944693 -0.137769 0.297616 0.000000 0.117939 0.989489 0.083681 12.246100 -0.306016 -0.043952 0.951011 0.234600 0.000000 0.000000 0.000000 1.000000
0.917166 -0.161786 0.364187 -0.000000 0.145363 0.986736 0.072264 12.246100 -0.371047 -0.013338 0.928518 0.234600 0.000000 0.000000 0.000000 1.000000
0.893734 -0.165579 0.416921 0.000000 0.152898 0.986174 0.063894 12.246100 -0.421737 0.006642 0.906694 0.234600 0.000000 0.000000 0.000000 1.000000
0.882865 -0.162115 0.440759 0.000000 0.147120 0.986761 0.068250 12.246100 -0.445988 0.004589 0.895027 0.234600 0.000000 0.000000 0.000000 1.000000
0.883740 -0.167506 0.436972 0.000000 0.149713 0.985871 0.075134 12.246100 -0.443384 -0.000978 0.896331 0.234600 0.000000 0.000000 0.000000 1.000000
0.895528 -0.171498 0.410630 -0.000000 0.158604 0.985164 0.065556 12.246100 -0.415781 0.006420 0.909442 0.234600 0.000000 0.000000 0.000000 1.000000
0.917205 -0.163167 0.363471 0.000000 0.157079 0.986492 0.046468 12.246100 -0.366143 0.014473 0.930446 0.234600 0.000000 0.000000 0.000000 1.000000
0.943339 -0.136950 0.302253 0.000000 0.133007 0.990542 0.033695 12.246100 -0.304009 0.008416 0.952632 0.234600 0.000000 0.000000 0.000000 1.000000
0.967926 -0.100061 0.230448 0.000000 0.096899 0.994979 0.025027 12.246100 -0.231795 -0.001894 0.972763 0.234600 0.000000 0.000000 0.000000 1.000000
0.987062 -0.058828 0.149156 0.000000 0.057064 0.998241 0.016085 12.246100 -0.149840 -0.007366 0.988683 0.234600 0.000000 0.000000 0.000000 1.000000
0.998047 -0.010272 0.061611 0.000000 0.009053 0.999758 0.020026 12.246100 -0.061802 -0.019430 0.997899 0.234600 0.000000 0.000000 0.000000 1.000000
0.998710 0.041757 -0.028897 0.000000 -0.040422 0.998153 0.045342 12.246100 0.030737 -0.044115 0.998553 0.234600 0.000000 0.000000 0.000000 1.000000
0.989959 0.084262 -0.113492 -0.000000 -0.075634 0.994056 0.078302 12.246100 0.119415 -0.068932 0.990449 0.234600 0.000000 0.000000 0.000000 1.000000
0.978437 0.105348 -0.177659 0.000000 -0.087544 0.990584 0.105255 12.246100 0.187075 -0.087432 0.978447 0.234600 0.000000 0.000000 0.000000 1.000000
0.970498 0.106279 -0.216421 0.000000 -0.079377 0.988406 0.129430 12.246100 0.227667 -0.108433 0.967683 0.234600 0.000000 0.000000 0.000000 1.000000
0.966877 0.096760 -0.236192 0.000000 -0.060892 0.986083 0.154699 12.246100 0.247874 -0.135192 0.959313 0.234600 0.000000 0.000000 0.000000 1.000000
0.966740 0.077824 -0.243632 0.000000 -0.034749 0.983715 0.176347 12.246100 0.253388 -0.162016 0.953701 0.234600 0.000000 0.000000 0.000000 1.000000
0.968531 0.051898 -0.243423 0.000000 -0.004101 0.981214 0.192879 12.246100 0.248860 -0.185811 0.950549 0.234600 0.000000 0.000000 0.000000 1.000000
0.972349 0.026210 -0.232059 0.000000 0.021870 0.979095 0.202222 12.246100 0.232508 -0.201705 0.951449 0.234600 0.000000 0.000000 0.000000 1.000000
0.978892 -0.001095 -0.204374 0.000000 0.043677 0.978004 0.203960 12.246100 0.199656 -0.208581 0.957409 0.234600 0.000000 0.000000 0.000000 1.000000
0.986629 -0.040212 -0.157943 -0.000000 0.071873 0.977115 0.200202 12.246100 0.146278 -0.208877 0.966940 0.234600 0.000000 0.000000 0.000000 1.000000
0.991166 -0.096266 -0.091231 -0.000000 0.112477 0.974614 0.193591 12.246100 0.070279 -0.202142 0.976831 0.234600 0.000000 0.000000 0.000000 1.000000
0.987655 -0.156570 -0.004854 -0.000000 0.154761 0.970512 0.184812 12.246100 -0.024225 -0.183281 0.982762 0.234600 0.000000 0.000000 0.000000 1.000000
0.974548 -0.203922 0.093121 -0.000000 0.186276 0.967725 0.169732 12.246100 -0.124727 -0.148066 0.981081 0.234600 0.000000 0.000000 0.000000 1.000000
0.954980 -0.230375 0.186922 0.000000 0.204386 0.967589 0.148317 12.246100 -0.215032 -0.103435 0.971114 0.234600 0.000000 0.000000 0.000000 1.000000
0.935045 -0.236640 0.263993 0.000000 0.210200 0.969674 0.124690 12.246100 -0.285494 -0.061099 0.956431 0.234600 0.000000 0.000000 0.000000 1.000000
0.920100 -0.224850 0.320715 0.000000 0.202616 0.973978 0.101560 12.246100 -0.335205 -0.028463 0.941715 0.234600 0.000000 0.000000 0.000000 1.000000
0.910741 -0.213165 0.353712 0.000000 0.196728 0.977002 0.082252 12.246100 -0.363110 -0.005325 0.931731 0.234600 0.000000 0.000000 0.000000 1.000000
0.907207 -0.214881 0.361666 0.000000 0.202820 0.976603 0.071485 12.246100 -0.368565 0.008502 0.929563 0.234600 0.000000 0.000000 0.000000 1.000000
0.908773 -0.228351 0.349266 0.000000 0.219803 0.973410 0.064501 12.246100 -0.354708 0.018153 0.934801 0.234600 0.000000 0.000000 0.000000 1.000000
0.916040 -0.241605 0.320153 0.000000 0.234898 0.970164 0.060035 12.246100 -0.325106 0.020209 0.945462 0.234600 0.000000 0.000000 0.000000 1.000000
0.930935 -0.237724 0.277212 0.000000 0.230326 0.971296 0.059453 12.246100 -0.283389 0.008502 0.958967 0.234600 0.000000 0.000000 0.000000 1.000000
0.952715 -0.208632 0.220924 0.000000 0.200801 0.977938 0.057587 12.246100 -0.228064 -0.010503 0.973589 0.234600 0.000000 0.000000 0.000000 1.000000
0.974915 -0.161681 0.152973 0.000000 0.154877 0.986375 0.055473 12.246100 -0.159857 -0.030389 0.986672 0.234600 0.000000 0.000000 0.000000 1.000000
0.990563 -0.111758 0.079335 0.000000 0.107150 0.992422 0.060153 12.246100 -0.085457 -0.051085 0.995031 0.234600 0.000000 0.000000 0.000000 1.000000
0.997543 -0.069980 0.003378 -0.000000 0.069579 0.995165 0.069323 12.246100 -0.008213 -0.068918 0.997589 0.234600 0.000000 0.000000 0.000000 1.000000
0.996636 -0.042140 -0.070299 0.000000 0.047936 0.995403 0.082913 12.246100 0.066481 -0.086004 0.994074 0.234600 0.000000 0.000000 0.000000 1.000000
0.990926 -0.029830 -0.131060 0.000000 0.044047 0.993287 0.106957 12.246100 0.126989 -0.111759 0.985588 0.234600 0.000000 0.000000 0.000000 1.000000
