<?xml version="1.0" encoding="utf-8"?>
<COLLADA xmlns="http://www.collada.org/2005/11/COLLADASchema" version="1.4.1">
  <asset>
    <contributor>
      <author>Mixamo</author>
      <authoring_tool>COLLADA Mixamo exporter</authoring_tool>
      <comments/>
    </contributor>
    <created>2024-05-15T12:27:57Z</created>
    <modified>2024-05-15T12:27:57Z</modified>
    <revision/>
    <title/>
    <unit meter="0.010000"/>
    <up_axis>Y_UP</up_axis>
  </asset>
  <library_animations>
    <animation id="Armature-anim" name="Armature">
      <source id="Armature-Matrix-animation-input">
        <float_array id="Armature-Matrix-animation-input-array" count="36">

0.000000 0.033333 0.066667 0.100000 0.133333 0.166667 0.200000 0.233333 0.266667 0.300000 0.333333 0.366667 0.400000 0.433333 0.466667 0.500000
0.533333 0.566667 0.600000 0.633333 0.666667 0.700000 0.733333 0.766667 0.800000 0.833333 0.866667 0.900000 0.933333 0.966667 1.000000 1.033333
1.066667 1.100000 1.133333 1.166667</float_array>
        <technique_common>
          <accessor source="#Armature-Matrix-animation-input-array" count="36">
            <param name="TIME" type="float"/>
          </accessor>
        </technique_common>
      </source>
      <source id="Armature-Matrix-animation-output-transform">
        <float_array id="Armature-Matrix-animation-output-transform-array" count="576">

1.000000 0.000000 0.000000 0.000000 0.000000 1.000000 0.000000 0.000000 0.000000 0.000000 1.000000 0.000000 0.000000 0.000000 0.000000 1.000000
1.000000 0.000000 0.000000 0.000000 0.000000 1.000000 0.000000 0.000000 0.000000 0.000000 1.000000 0.000000 0.000000 0.000000 0.000000 1.000000
1.000000 0.000000 0.000000 0.000000 0.000000 1.000000 0.000000 0.000000 0.000000 0.000000 1.000000 0.000000 0.000000 0.000000 0.000000 1.000000
1.000000 0.000000 0.000000 0.000000 0.000000 1.000000 0.000000 0.000000 0.000000 0.000000 1.000000 0.000000 0.000000 0.000000 0.000000 1.000000
1.000000 0.000000 0.000000 0.000000 0.000000 1.000000 0.000000 0.000000 0.000000 0.000000 1.000000 0.000000 0.000000 0.000000 0.000000 1.000000
1.000000 0.000000 0.000000 0.000000 0.000000 1.000000 0.000000 0.000000 0.000000 0.000000 1.000000 0.000000 0.000000 0.000000 0.000000 1.000000
1.000000 0.000000 0.000000 0.000000 0.000000 1.000000 0.000000 0.000000 0.000000 0.000000 1.000000 0.000000 0.000000 0.000000 0.000000 1.000000
1.000000 0.000000 0.000000 0.000000 0.000000 1.000000 0.000000 0.000000 0.000000 0.000000 1.000000 0.000000 0.000000 0.000000 0.000000 1.000000
1.000000 0.000000 0.000000 0.000000 0.000000 1.000000 0.000000 0.000000 0.000000 0.000000 1.000000 0.000000 0.000000 0.000000 0.000000 1.000000
1.000000 0.000000 0.000000 0.000000 0.000000 1.000000 0.000000 0.000000 0.000000 0.000000 1.000000 0.000000 0.000000 0.000000 0.000000 1.000000
1.000000 0.000000 0.000000 0.000000 0.000000 1.000000 0.000000 0.000000 0.000000 0.000000 1.000000 0.000000 0.000000 0.000000 0.000000 1.000000
1.000000 0.000000 0.000000 0.000000 0.000000 1.000000 0.000000 0.000000 0.000000 0.000000 1.000000 0.000000 0.000000 0.000000 0.000000 1.000000
1.000000 0.000000 0.000000 0.000000 0.000000 1.000000 0.000000 0.000000 0.000000 0.000000 1.000000 0.000000 0.000000 0.000000 0.000000 1.000000
1.000000 0.000000 0.000000 0.000000 0.000000 1.000000 0.000000 0.000000 0.000000 0.000000 1.000000 0.000000 0.000000 0.000000 0.000000 1.000000
1.000000 0.000000 0.000000 0.000000 0.000000 1.000000 0.000000 0.000000 0.000000 0.000000 1.000000 0.000000 0.000000 0.000000 0.000000 1.000000
1.000000 0.000000 0.000000 0.000000 0.000000 1.000000 0.000000 0.000000 0.000000 0.000000 1.000000 0.000000 0.000000 0.000000 0.000000 1.000000
1.000000 0.000000 0.000000 0.000000 0.000000 1.000000 0.000000 0.000000 0.000000 0.000000 1.000000 0.000000 0.000000 0.000000 0.000000 1.000000
1.000000 0.000000 0.000000 0.000000 0.000000 1.000000 0.000000 0.000000 0.000000 0.000000 1.000000 0.000000 0.000000 0.000000 0.000000 1.000000
1.000000 0.000000 0.000000 0.000000 0.000000 1.000000 0.000000 0.000000 0.000000 0.000000 1.000000 0.000000 0.000000 0.000000 0.000000 1.000000
1.000000 0.000000 0.000000 0.000000 0.000000 1.000000 0.000000 0.000000 0.000000 0.000000 1.000000 0.000000 0.000000 0.000000 0.000000 1.000000
1.000000 0.000000 0.000000 0.000000 0.000000 1.000000 0.000000 0.000000 0.000000 0.000000 1.000000 0.000000 0.000000 0.000000 0.000000 1.000000
1.000000 0.000000 0.000000 0.000000 0.000000 1.000000 0.000000 0.000000 0.000000 0.000000 1.000000 0.000000 0.000000 0.000000 0.000000 1.000000
1.000000 0.000000 0.000000 0.000000 0.000000 1.000000 0.000000 0.000000 0.000000 0.000000 1.000000 0.000000 0.000000 0.000000 0.000000 1.000000
1.000000 0.000000 0.000000 0.000000 0.000000 1.000000 0.000000 0.000000 0.000000 0.000000 1.000000 0.000000 0.000000 0.000000 0.000000 1.000000
1.000000 0.000000 0.000000 0.000000 0.000000 1.000000 0.000000 0.000000 0.000000 0.000000 1.000000 0.000000 0.000000 0.000000 0.000000 1.000000
1.000000 0.000000 0.000000 0.000000 0.000000 1.000000 0.000000 0.000000 0.000000 0.000000 1.000000 0.000000 0.000000 0.000000 0.000000 1.000000
1.000000 0.000000 0.000000 0.000000 0.000000 1.000000 0.000000 0.000000 0.000000 0.000000 1.000000 0.000000 0.000000 0.000000 0.000000 1.000000
1.000000 0.000000 0.000000 0.000000 0.000000 1.000000 0.000000 0.000000 0.000000 0.000000 1.000000 0.000000 0.000000 0.000000 0.000000 1.000000
1.000000 0.000000 0.000000 0.000000 0.000000 1.000000 0.000000 0.000000 0.000000 0.000000 1.000000 0.000000 0.000000 0.000000 0.000000 1.000000
1.000000 0.000000 0.000000 0.000000 0.000000 1.000000 0.000000 0.000000 0.000000 0.000000 1.000000 0.000000 0.000000 0.000000 0.000000 1.000000
1.000000 0.000000 0.000000 0.000000 0.000000 1.000000 0.000000 0.000000 0.000000 0.000000 1.000000 0.000000 0.000000 0.000000 0.000000 1.000000
1.000000 0.000000 0.000000 0.000000 0.000000 1.000000 0.000000 0.000000 0.000000 0.000000 1.000000 0.000000 0.000000 0.000000 0.000000 1.000000
1.000000 0.000000 0.000000 0.000000 0.000000 1.000000 0.000000 0.000000 0.000000 0.000000 1.000000 0.000000 0.000000 0.000000 0.000000 1.000000
1.000000 0.000000 0.000000 0.000000 0.000000 1.000000 0.000000 0.000000 0.000000 0.000000 1.000000 0.000000 0.000000 0.000000 0.000000 1.000000
1.000000 0.000000 0.000000 0.000000 0.000000 1.000000 0.000000 0.000000 0.000000 0.000000 1.000000 0.000000 0.000000 0.000000 0.000000 1.000000
1.000000 0.000000 0.000000 0.000000 0.000000 1.000000 0.000000 0.000000 0.000000 0.000000 1.000000 0.000000 0.000000 0.000000 0.000000 1.000000</float_array>
        <technique_common>
          <accessor source="#Armature-Matrix-animation-output-transform-array" count="36" stride="16">
            <param type="float4x4"/>
          </accessor>
        </technique_common>
      </source>
      <source id="Armature-Interpolations">
        <Name_array id="Armature-Interpolations-array" count="36">
 LINEAR LINEAR LINEAR LINEAR LINEAR LINEAR LINEAR LINEAR LINEAR LINEAR LINEAR
LINEAR LINEAR LINEAR LINEAR LINEAR LINEAR LINEAR LINEAR LINEAR LINEAR LINEAR LINEAR
LINEAR LINEAR LINEAR LINEAR LINEAR LINEAR LINEAR LINEAR LINEAR LINEAR LINEAR LINEAR
LINEAR</Name_array>
        <technique_common>
          <accessor source="#Armature-Interpolations-array" count="36">
            <param type="name"/>
          </accessor>
        </technique_common>
      </source>
      <sampler id="Armature-Matrix-animation-transform">
        <input semantic="INPUT" source="#Armature-Matrix-animation-input"/>
        <input semantic="OUTPUT" source="#Armature-Matrix-animation-output-transform"/>
        <input semantic="INTERPOLATION" source="#Armature-Interpolations"/>
      </sampler>
      <channel source="#Armature-Matrix-animation-transform" target="Armature/matrix"/>
    </animation>
    <animation id="mixamorig_Hips-anim" name="mixamorig_Hips">
      <source id="mixamorig_Hips-Matrix-animation-input">
        <float_array id="mixamorig_Hips-Matrix-animation-input-array" count="36">

0.000000 0.033333 0.066667 0.100000 0.133333 0.166667 0.200000 0.233333 0.266667 0.300000 0.333333 0.366667 0.400000 0.433333 0.466667 0.500000
0.533333 0.566667 0.600000 0.633333 0.666667 0.700000 0.733333 0.766667 0.800000 0.833333 0.866667 0.900000 0.933333 0.966667 1.000000 1.033333
1.066667 1.100000 1.133333 1.166667</float_array>
        <technique_common>
          <accessor source="#mixamorig_Hips-Matrix-animation-input-array" count="36">
            <param name="TIME" type="float"/>
          </accessor>
        </technique_common>
      </source>
      <source id="mixamorig_Hips-Matrix-animation-output-transform">
        <float_array id="mixamorig_Hips-Matrix-animation-output-transform-array" count="576">

0.971579 -0.017363 -0.236079 0.835026 -0.058937 0.948158 -0.312287 94.805725 0.229262 0.317325 0.920187 -1.667197 0.000000 0.000000 0.000000 1.000000
0.991818 -0.076786 -0.101981 2.347051 0.036411 0.935845 -0.350526 93.285545 0.122354 0.343945 0.930984 11.780723 0.000000 0.000000 0.000000 1.000000
0.990916 -0.134472 0.001714 3.419473 0.124434 0.911972 -0.390927 91.056992 0.051006 0.387589 0.920420 24.412807 0.000000 0.000000 0.000000 1.000000
0.981424 -0.182126 0.060305 4.829179 0.190004 0.879213 -0.436901 89.249847 0.026550 0.440244 0.897486 36.260708 0.000000 0.000000 0.000000 1.000000
0.974812 -0.214662 0.060511 6.777855 0.216542 0.846003 -0.487225 87.307327 0.053396 0.488056 0.871177 47.694916 0.000000 0.000000 0.000000 1.000000
0.974424 -0.222406 0.032158 8.647730 0.204229 0.816758 -0.539627 86.427429 0.093751 0.532393 0.841290 59.892494 0.000000 0.000000 0.000000 1.000000
0.980138 -0.197096 -0.021978 9.943039 0.145887 0.791639 -0.593317 86.407066 0.134339 0.578326 0.804669 74.194626 0.000000 0.000000 0.000000 1.000000
0.982661 -0.164163 -0.086184 10.507504 0.070136 0.759405 -0.646827 86.977699 0.171634 0.629567 0.757751 89.249184 0.000000 0.000000 0.000000 1.000000
0.979471 -0.132839 -0.151622 10.755730 -0.010343 0.718052 -0.695913 87.808022 0.201317 0.683195 0.701937 103.638100 0.000000 0.000000 0.000000 1.000000
0.975686 -0.105183 -0.192283 10.935574 -0.073631 0.669022 -0.739587 89.660156 0.206433 0.735763 0.645011 116.422646 0.000000 0.000000 0.000000 1.000000
0.971275 -0.076280 -0.225401 11.026587 -0.130278 0.622199 -0.771943 91.548683 0.199129 0.779134 0.594389 128.338562 0.000000 0.000000 0.000000 1.000000
0.968607 -0.056941 -0.241989 10.903682 -0.165511 0.578604 -0.798639 93.701042 0.185491 0.813619 0.551015 139.506668 0.000000 0.000000 0.000000 1.000000
0.970630 -0.051616 -0.234976 10.501694 -0.173169 0.528115 -0.831329 97.118279 0.167005 0.847603 0.503665 150.378601 0.000000 0.000000 0.000000 1.000000
0.969957 -0.031709 -0.241200 9.845162 -0.199970 0.460723 -0.864723 100.006493 0.138546 0.886977 0.440541 161.982758 0.000000 0.000000 0.000000 1.000000
0.969372 -0.020991 -0.244699 8.873559 -0.218837 0.378445 -0.899383 102.325935 0.111484 0.925386 0.362261 173.549820 0.000000 0.000000 0.000000 1.000000
0.969422 -0.001770 -0.245392 7.895658 -0.234463 0.288498 -0.928330 103.951324 0.072439 0.957479 0.279261 185.744385 0.000000 0.000000 0.000000 1.000000
0.970323 0.031422 -0.239764 7.181494 -0.241172 0.197975 -0.950075 104.756386 0.017614 0.979703 0.199678 198.155441 0.000000 0.000000 0.000000 1.000000
0.976665 0.053914 -0.207891 6.627390 -0.212687 0.108378 -0.971091 106.564316 -0.029825 0.992647 0.117316 210.539261 0.000000 0.000000 0.000000 1.000000
0.985922 0.059552 -0.156238 6.031542 -0.157508 0.017230 -0.987367 109.192955 -0.056108 0.998076 0.026368 222.935623 0.000000 0.000000 0.000000 1.000000
0.993782 0.063690 -0.091331 5.383268 -0.086297 -0.077746 -0.993231 111.040939 -0.070359 0.994937 -0.071767 235.980392 0.000000 0.000000 0.000000 1.000000
0.997284 0.065108 -0.034425 4.760175 -0.022562 -0.174863 -0.984334 111.595146 -0.070107 0.982438 -0.172920 249.450394 0.000000 0.000000 0.000000 1.000000
0.997907 0.064543 0.003931 4.202061 0.021423 -0.272638 -0.961878 110.758965 -0.061011 0.959949 -0.273451 262.913757 0.000000 0.000000 0.000000 1.000000
0.997400 0.064772 0.031599 3.654449 0.053415 -0.370049 -0.927475 108.231529 -0.048381 0.926751 -0.372547 276.553009 0.000000 0.000000 0.000000 1.000000
0.996302 0.067483 0.053173 3.175990 0.078563 -0.465106 -0.881762 103.720787 -0.034773 0.882679 -0.468688 290.357208 0.000000 0.000000 0.000000 1.000000
0.994791 0.073475 0.070652 2.791992 0.099632 -0.554474 -0.826215 97.274590 -0.021531 0.828951 -0.558907 304.682007 0.000000 0.000000 0.000000 1.000000
0.993293 0.080350 0.083141 2.446845 0.115306 -0.635231 -0.763666 89.125031 -0.008547 0.768131 -0.640235 319.431793 0.000000 0.000000 0.000000 1.000000
0.992052 0.084842 0.092921 2.042639 0.125667 -0.705299 -0.697683 79.261002 0.006344 0.703815 -0.710355 334.040344 0.000000 0.000000 0.000000 1.000000
0.990957 0.091788 0.097874 1.779546 0.133143 -0.763182 -0.632318 68.429726 0.016656 0.639632 -0.768501 347.103760 0.000000 0.000000 0.000000 1.000000
0.989878 0.096051 0.104474 1.508556 0.138773 -0.809215 -0.570888 56.014591 0.029707 0.579608 -0.814354 359.973022 0.000000 0.000000 0.000000 1.000000
0.988946 0.098108 0.111178 1.260603 0.141724 -0.845860 -0.514233 42.255474 0.043590 0.524306 -0.850414 372.929077 0.000000 0.000000 0.000000 1.000000
0.988311 0.098081 0.116710 1.039746 0.141352 -0.876311 -0.460542 27.256599 0.057104 0.471656 -0.879932 385.713562 0.000000 0.000000 0.000000 1.000000
0.988115 0.095585 0.120381 0.858328 0.136998 -0.902794 -0.407669 11.414631 0.069712 0.419316 -0.905160 397.610992 0.000000 0.000000 0.000000 1.000000
0.988281 0.091126 0.122461 0.688836 0.129432 -0.925550 -0.355815 -5.646472 0.080920 0.367495 -0.926498 409.099731 0.000000 0.000000 0.000000 1.000000
0.988717 0.084920 0.123401 0.535220 0.119285 -0.944632 -0.305682 -23.709721 0.090610 0.316953 -0.944103 420.450806 0.000000 0.000000 0.000000 1.000000
0.989307 0.077206 0.123736 0.400105 0.107185 -0.960225 -0.257834 -42.651024 0.098908 0.268340 -0.958233 431.732086 0.000000 0.000000 0.000000 1.000000
0.989965 0.068312 0.123705 0.280816 0.093687 -0.972629 -0.212638 -62.423546 0.105793 0.222094 -0.969269 442.859467 0.000000 0.000000 0.000000 1.000000</float_array>
        <technique_common>
          <accessor source="#mixamorig_Hips-Matrix-animation-output-transform-array" count="36" stride="16">
            <param type="float4x4"/>
          </accessor>
        </technique_common>
      </source>
      <source id="mixamorig_Hips-Interpolations">
        <Name_array id="mixamorig_Hips-Interpolations-array" count="36">
 LINEAR LINEAR LINEAR LINEAR LINEAR LINEAR LINEAR LINEAR LINEAR LINEAR LINEAR
LINEAR LINEAR LINEAR LINEAR LINEAR LINEAR LINEAR LINEAR LINEAR LINEAR LINEAR LINEAR
LINEAR LINEAR LINEAR LINEAR LINEAR LINEAR LINEAR LINEAR LINEAR LINEAR LINEAR LINEAR
LINEAR</Name_array>
        <technique_common>
          <accessor source="#mixamorig_Hips-Interpolations-array" count="36">
            <param type="name"/>
          </accessor>
        </technique_common>
      </source>
      <sampler id="mixamorig_Hips-Matrix-animation-transform">
        <input semantic="INPUT" source="#mixamorig_Hips-Matrix-animation-input"/>
        <input semantic="OUTPUT" source="#mixamorig_Hips-Matrix-animation-output-transform"/>
        <input semantic="INTERPOLATION" source="#mixamorig_Hips-Interpolations"/>
      </sampler>
      <channel source="#mixamorig_Hips-Matrix-animation-transform" target="mixamorig_Hips/matrix"/>
    </animation>
    <animation id="mixamorig_Spine-anim" name="mixamorig_Spine">
      <source id="mixamorig_Spine-Matrix-animation-input">
        <float_array id="mixamorig_Spine-Matrix-animation-input-array" count="36">

0.000000 0.033333 0.066667 0.100000 0.133333 0.166667 0.200000 0.233333 0.266667 0.300000 0.333333 0.366667 0.400000 0.433333 0.466667 0.500000
0.533333 0.566667 0.600000 0.633333 0.666667 0.700000 0.733333 0.766667 0.800000 0.833333 0.866667 0.900000 0.933333 0.966667 1.000000 1.033333
1.066667 1.100000 1.133333 1.166667</float_array>
        <technique_common>
          <accessor source="#mixamorig_Spine-Matrix-animation-input-array" count="36">
            <param name="TIME" type="float"/>
          </accessor>
        </technique_common>
      </source>
      <source id="mixamorig_Spine-Matrix-animation-output-transform">
        <float_array id="mixamorig_Spine-Matrix-animation-output-transform-array" count="576">

0.993310 0.002326 0.115458 -0.000000 0.012287 0.991993 -0.125694 12.246100 -0.114826 0.126272 0.985328 0.234600 0.000000 0.000000 0.000000 1.000000
0.986211 0.053220 0.156704 0.000000 -0.034033 0.991864 -0.122671 12.246100 -0.161958 0.115647 0.979998 0.234600 0.000000 0.000000 0.000000 1.000000
0.980558 0.108363 0.163594 0.000000 -0.086733 0.987175 -0.134029 12.246100 -0.176019 0.117234 0.977381 0.234600 0.000000 0.000000 0.000000 1.000000
0.982117 0.138795 0.127205 0.000000 -0.119679 0.981828 -0.147280 12.246100 -0.145335 0.129423 0.980881 0.234600 0.000000 0.000000 0.000000 1.000000
0.984406 0.154758 0.083635 0.000000 -0.140518 0.977807 -0.155394 12.246100 -0.105828 0.141219 0.984306 0.234600 0.000000 0.000000 0.000000 1.000000
0.985448 0.159431 0.058932 0.000000 -0.147986 0.975307 -0.163942 12.246100 -0.083614 0.152835 0.984708 0.234600 0.000000 0.000000 0.000000 1.000000
0.986957 0.140321 0.078909 0.000000 -0.125824 0.978129 -0.165627 12.246100 -0.100424 0.153538 0.983026 0.234600 0.000000 0.000000 0.000000 1.000000
0.986625 0.117896 0.112572 0.000000 -0.098198 0.981082 -0.166838 12.246100 -0.130112 0.153552 0.979537 0.234600 0.000000 0.000000 0.000000 1.000000
0.987457 0.099455 0.122626 0.000000 -0.076679 0.981007 -0.178170 12.246100 -0.138017 0.166533 0.976329 0.234600 0.000000 0.000000 0.000000 1.000000
0.993457 0.076120 0.085141 0.000000 -0.056371 0.975183 -0.214104 12.246100 -0.099326 0.207903 0.973093 0.234600 0.000000 0.000000 0.000000 1.000000
0.997633 0.051381 0.045704 0.000000 -0.038092 0.966246 -0.254789 12.246100 -0.057253 0.252445 0.965916 0.234600 0.000000 0.000000 0.000000 1.000000
0.999081 0.039427 0.016796 0.000000 -0.032953 0.957330 -0.287111 12.246100 -0.027399 0.286293 0.957750 0.234600 0.000000 0.000000 0.000000 1.000000
0.999310 0.037108 0.001787 0.000000 -0.034854 0.953096 -0.300655 12.246100 -0.012860 0.300385 0.953731 0.234600 0.000000 0.000000 0.000000 1.000000
0.998410 0.022236 0.051797 -0.000000 -0.007273 0.962041 -0.272808 12.246100 -0.055897 0.271998 0.960673 0.234600 0.000000 0.000000 0.000000 1.000000
0.991038 0.029951 0.130182 0.000000 -0.000654 0.975617 -0.219481 12.246100 -0.133582 0.217429 0.966892 0.234600 0.000000 0.000000 0.000000 1.000000
0.977329 0.031530 0.209368 0.000000 0.002268 0.987234 -0.159260 12.246100 -0.211716 0.156124 0.964780 0.234600 0.000000 0.000000 0.000000 1.000000
0.968506 0.009106 0.248823 0.000000 0.018158 0.994087 -0.107054 12.246100 -0.248327 0.108201 0.962614 0.234600 0.000000 0.000000 0.000000 1.000000
0.975106 -0.006322 0.221649 0.000000 0.025878 0.996007 -0.085438 12.246100 -0.220224 0.089047 0.971376 0.234600 0.000000 0.000000 0.000000 1.000000
0.985863 -0.006463 0.167427 0.000000 0.021000 0.996143 -0.085200 12.246100 -0.166230 0.087512 0.982196 0.234600 0.000000 0.000000 0.000000 1.000000
0.993248 -0.005605 0.115877 0.000000 0.015038 0.996626 -0.080692 12.246100 -0.115034 0.081889 0.989980 0.234600 0.000000 0.000000 0.000000 1.000000
0.996323 -0.007547 0.085345 0.000000 0.013589 0.997424 -0.070439 12.246100 -0.084594 0.071340 0.993858 0.234600 0.000000 0.000000 0.000000 1.000000
0.997421 -0.011406 0.070856 0.000000 0.015567 0.998169 -0.058446 12.246100 -0.070059 0.059398 0.995773 0.234600 0.000000 0.000000 0.000000 1.000000
0.998097 -0.015449 0.059690 -0.000000 0.018209 0.998776 -0.045981 12.246100 -0.058907 0.046980 0.997157 0.234600 0.000000 0.000000 0.000000 1.000000
0.998455 -0.020745 0.051545 0.000000 0.022469 0.999200 -0.033091 12.246100 -0.050817 0.034198 0.998122 0.234600 0.000000 0.000000 0.000000 1.000000
0.998480 -0.028933 0.046902 0.000000 0.029877 0.999362 -0.019545 12.246100 -0.046307 0.020916 0.998708 0.234600 0.000000 0.000000 0.000000 1.000000
0.998254 -0.037514 0.045616 -0.000000 0.037817 0.999268 -0.005785 12.246100 -0.045366 0.007500 0.998942 0.234600 0.000000 0.000000 0.000000 1.000000
0.998137 -0.042056 0.044208 -0.000000 0.041740 0.999096 0.008053 12.246100 -0.044506 -0.006193 0.998990 0.234600 0.000000 0.000000 0.000000 1.000000
0.997633 -0.051216 0.045887 0.000000 0.050337 0.998530 0.020105 12.246100 -0.046849 -0.017747 0.998744 0.234600 0.000000 0.000000 0.000000 1.000000
0.997393 -0.057387 0.043752 0.000000 0.056044 0.997937 0.031322 12.246100 -0.045459 -0.028788 0.998551 0.234600 0.000000 0.000000 0.000000 1.000000
0.997215 -0.062998 0.039921 0.000000 0.061331 0.997247 0.041678 12.246100 -0.042436 -0.039113 0.998333 0.234600 0.000000 0.000000 0.000000 1.000000
0.996982 -0.068767 0.036032 -0.000000 0.066853 0.996413 0.051882 12.246100 -0.039471 -0.049316 0.998003 0.234600 0.000000 0.000000 0.000000 1.000000
0.996652 -0.074697 0.033249 -0.000000 0.072548 0.995453 0.061727 12.246100 -0.037709 -0.059108 0.997539 0.234600 0.000000 0.000000 0.000000 1.000000
0.996265 -0.080490 0.031256 0.000000 0.078074 0.994341 0.072047 12.246100 -0.036878 -0.069337 0.996911 0.234600 0.000000 0.000000 0.000000 1.000000
0.995820 -0.086290 0.029945 0.000000 0.083577 0.993091 0.082368 12.246100 -0.036846 -0.079521 0.996152 0.234600 0.000000 0.000000 0.000000 1.000000
0.995340 -0.091941 0.029086 -0.000000 0.088911 0.991748 0.092358 12.246100 -0.037338 -0.089341 0.995301 0.234600 0.000000 0.000000 0.000000 1.000000
0.994842 -0.097310 0.028621 -0.000000 0.093937 0.990344 0.101951 12.246100 -0.038266 -0.098737 0.994378 0.234600 0.000000 0.000000 0.000000 1.000000</float_array>
        <technique_common>
          <accessor source="#mixamorig_Spine-Matrix-animation-output-transform-array" count="36" stride="16">
            <param type="float4x4"/>
          </accessor>
        </technique_common>
      </source>
      <source id="mixamorig_Spine-Interpolations">
        <Name_array id="mixamorig_Spine-Interpolations-array" count="36">
 LINEAR LINEAR LINEAR LINEAR LINEAR LINEAR LINEAR LINEAR LINEAR LINEAR LINEAR
LINEAR LINEAR LINEAR LINEAR LINEAR LINEAR LINEAR LINEAR LINEAR LINEAR LINEAR LINEAR
LINEAR LINEAR LINEAR LINEAR LINEAR LINEAR LINEAR LINEAR LINEAR LINEAR LINEAR LINEAR
LINEAR</Name_array>
        <technique_common>
          <accessor source="#mixamorig_Spine-Interpolations-array" count="36">
            <param type="name"/>
          </accessor>
        </technique_common>
      </source>
      <sampler id="mixamorig_Spine-Matrix-animation-transform">
        <input semantic="INPUT" source="#mixamorig_Spine-Matrix-animation-input"/>
        <input semantic="OUTPUT" source="#mixamorig_Spine-Matrix-animation-output-transform"/>
        <input semantic="INTERPOLATION" source="#mixamorig_Spine-Interpolations"/>
      </sampler>
      <channel source="#mixamorig_Spine-Matrix-animation-transform" target="mixamorig_Spine/matrix"/>
    </animation>
    <animation id="mixamorig_Spine1-anim" name="mixamorig_Spine1">
      <source id="mixamorig_Spine1-Matrix-animation-input">
        <float_array id="mixamorig_Spine1-Matrix-animation-input-array" count="36">

0.000000 0.033333 0.066667 0.100000 0.133333 0.166667 0.200000 0.233333 0.266667 0.300000 0.333333 0.366667 0.400000 0.433333 0.466667 0.500000
0.533333 0.566667 0.600000 0.633333 0.666667 0.700000 0.733333 0.766667 0.800000 0.833333 0.866667 0.900000 0.933333 0.966667 1.000000 1.033333
1.066667 1.100000 1.133333 1.166667</float_array>
        <technique_common>
          <accessor source="#mixamorig_Spine1-Matrix-animation-input-array" count="36">
            <param name="TIME" type="float"/>
          </accessor>
        </technique_common>
      </source>
      <source id="mixamorig_Spine1-Matrix-animation-output-transform">
        <float_array id="mixamorig_Spine1-Matrix-animation-output-transform-array" count="576">

0.998937 0.002169 0.046042 0.000000 0.001065 0.997539 -0.070105 14.289700 -0.046081 0.070080 0.996477 -0.000000 0.000000 0.000000 0.000000 1.000000
0.998443 0.006302 0.055430 -0.000000 -0.002534 0.997696 -0.067789 14.289700 -0.055729 0.067543 0.996159 0.000000 0.000000 0.000000 0.000000 1.000000
0.998549 -0.000189 0.053852 0.000000 0.003653 0.997928 -0.064234 14.289700 -0.053729 0.064338 0.996481 -0.000000 0.000000 0.000000 0.000000 1.000000
0.998827 -0.014761 0.046127 0.000000 0.017396 0.998209 -0.057242 14.289700 -0.045200 0.057977 0.997294 0.000000 0.000000 0.000000 0.000000 1.000000
0.998811 -0.028190 0.039769 0.000000 0.030002 0.998504 -0.045712 14.289700 -0.038421 0.046851 0.998163 -0.000000 0.000000 0.000000 0.000000 1.000000
0.998624 -0.033795 0.040100 -0.000000 0.035336 0.998639 -0.038365 14.289700 -0.038749 0.039729 0.998459 -0.000000 0.000000 0.000000 0.000000 1.000000
0.998547 -0.030869 0.044175 0.000000 0.032248 0.999003 -0.030867 14.289700 -0.043178 0.032246 0.998547 0.000000 0.000000 0.000000 0.000000 1.000000
0.998711 -0.019975 0.046652 0.000000 0.021428 0.999295 -0.030843 14.289700 -0.046003 0.031803 0.998435 0.000000 0.000000 0.000000 0.000000 1.000000
0.998987 -0.006666 0.044504 0.000000 0.008723 0.998894 -0.046194 14.289700 -0.044147 0.046535 0.997941 -0.000000 0.000000 0.000000 0.000000 1.000000
0.999002 0.002581 0.044584 0.000000 0.001217 0.996386 -0.084932 14.289700 -0.044642 0.084902 0.995389 0.000000 0.000000 0.000000 0.000000 1.000000
0.999052 0.005954 0.043116 0.000000 -0.000629 0.992471 -0.122478 14.289700 -0.043521 0.122334 0.991534 0.000000 0.000000 0.000000 0.000000 1.000000
0.998858 0.007389 0.047193 0.000000 -0.000418 0.989278 -0.146046 14.289700 -0.047767 0.145859 0.988151 -0.000000 0.000000 0.000000 0.000000 1.000000
0.997669 0.011643 0.067242 0.000000 -0.001058 0.987858 -0.155356 14.289700 -0.068234 0.154923 0.985567 0.000000 0.000000 0.000000 0.000000 1.000000
0.995167 0.014026 0.097194 0.000000 -0.000271 0.990137 -0.140105 14.289700 -0.098200 0.139402 0.985355 -0.000000 0.000000 0.000000 0.000000 1.000000
0.992935 0.014851 0.117723 0.000000 -0.001248 0.993389 -0.114792 14.289700 -0.118649 0.113834 0.986389 0.000000 0.000000 0.000000 0.000000 1.000000
0.993202 0.010339 0.115947 -0.000000 -0.000381 0.996331 -0.085579 14.289700 -0.116407 0.084953 0.989562 -0.000000 0.000000 0.000000 0.000000 1.000000
0.995645 0.002944 0.093179 0.000000 0.002459 0.998324 -0.057817 14.289700 -0.093193 0.057795 0.993969 0.000000 0.000000 0.000000 0.000000 1.000000
0.997833 -0.000674 0.065794 0.000000 0.003417 0.999129 -0.041589 14.289700 -0.065709 0.041724 0.996966 -0.000000 0.000000 0.000000 0.000000 1.000000
0.998708 0.000750 0.050805 0.000000 0.000853 0.999503 -0.031523 14.289700 -0.050804 0.031525 0.998211 0.000000 0.000000 0.000000 0.000000 1.000000
0.999123 0.004638 0.041616 0.000000 -0.003936 0.999849 -0.016921 14.289700 -0.041688 0.016742 0.998990 0.000000 0.000000 0.000000 0.000000 1.000000
0.999363 0.008814 0.034591 0.000000 -0.008856 0.999960 0.001048 14.289700 -0.034581 -0.001353 0.999401 0.000000 0.000000 0.000000 0.000000 1.000000
0.999523 0.012865 0.028088 0.000000 -0.013423 0.999714 0.019792 14.289700 -0.027825 -0.020160 0.999409 0.000000 0.000000 0.000000 0.000000 1.000000
0.999606 0.017457 0.021973 0.000000 -0.018296 0.999090 0.038540 14.289700 -0.021280 -0.038927 0.999015 0.000000 0.000000 0.000000 0.000000 1.000000
0.999612 0.022318 0.016679 0.000000 -0.023237 0.998096 0.057127 14.289700 -0.015372 -0.057492 0.998228 0.000000 0.000000 0.000000 0.000000 1.000000
0.999561 0.026975 0.012235 0.000000 -0.027824 0.996750 0.075605 14.289700 -0.010156 -0.075913 0.997063 0.000000 0.000000 0.000000 0.000000 1.000000
0.999478 0.031208 0.008396 0.000000 -0.031858 0.995096 0.093641 14.289700 -0.005433 -0.093859 0.995571 0.000000 0.000000 0.000000 0.000000 1.000000
0.999358 0.035482 0.004899 0.000000 -0.035807 0.993156 0.111170 14.289700 -0.000921 -0.111274 0.993789 0.000000 0.000000 0.000000 0.000000 1.000000
0.999298 0.037414 0.001909 0.000000 -0.037356 0.991295 0.126246 14.289700 0.002831 -0.126228 0.991997 0.000000 0.000000 0.000000 0.000000 1.000000
0.999240 0.038971 -0.000885 0.000000 -0.038464 0.989419 0.139898 14.289700 0.006328 -0.139758 0.990165 0.000000 0.000000 0.000000 0.000000 1.000000
0.999221 0.039315 -0.003295 0.000000 -0.038359 0.987639 0.151977 14.289700 0.009229 -0.151733 0.988378 0.000000 0.000000 0.000000 0.000000 1.000000
0.999250 0.038391 -0.005108 0.000000 -0.037045 0.985923 0.163046 14.289700 0.011295 -0.162735 0.986605 0.000000 0.000000 0.000000 0.000000 1.000000
0.999329 0.036099 -0.006192 0.000000 -0.034486 0.984327 0.172947 14.289700 0.012338 -0.172617 0.984912 0.000000 0.000000 0.000000 0.000000 1.000000
0.999431 0.033079 -0.006639 0.000000 -0.031312 0.982703 0.182524 14.289700 0.012562 -0.182213 0.983179 0.000000 0.000000 0.000000 0.000000 1.000000
0.999548 0.029346 -0.006554 0.000000 -0.027550 0.981111 0.191474 14.289700 0.012050 -0.191206 0.981476 -0.000000 0.000000 0.000000 0.000000 1.000000
0.999668 0.025066 -0.006043 0.000000 -0.023356 0.979596 0.199615 14.289700 0.010923 -0.199408 0.979856 0.000000 0.000000 0.000000 0.000000 1.000000
0.999778 0.020426 -0.005187 0.000000 -0.018911 0.978158 0.206999 14.289700 0.009302 -0.206855 0.978327 0.000000 0.000000 0.000000 0.000000 1.000000</float_array>
        <technique_common>
          <accessor source="#mixamorig_Spine1-Matrix-animation-output-transform-array" count="36" stride="16">
            <param type="float4x4"/>
          </accessor>
        </technique_common>
      </source>
      <source id="mixamorig_Spine1-Interpolations">
        <Name_array id="mixamorig_Spine1-Interpolations-array" count="36">
 LINEAR LINEAR LINEAR LINEAR LINEAR LINEAR LINEAR LINEAR LINEAR LINEAR LINEAR
LINEAR LINEAR LINEAR LINEAR LINEAR LINEAR LINEAR LINEAR LINEAR LINEAR LINEAR LINEAR
LINEAR LINEAR LINEAR LINEAR LINEAR LINEAR LINEAR LINEAR LINEAR LINEAR LINEAR LINEAR
LINEAR</Name_array>
        <technique_common>
          <accessor source="#mixamorig_Spine1-Interpolations-array" count="36">
            <param type="name"/>
          </accessor>
        </technique_common>
      </source>
      <sampler id="mixamorig_Spine1-Matrix-animation-transform">
        <input semantic="INPUT" source="#mixamorig_Spine1-Matrix-animation-input"/>
        <input semantic="OUTPUT" source="#mixamorig_Spine1-Matrix-animation-output-transform"/>
        <input semantic="INTERPOLATION" source="#mixamorig_Spine1-Interpolations"/>
      </sampler>
      <channel source="#mixamorig_Spine1-Matrix-animation-transform" target="mixamorig_Spine1/matrix"/>
    </animation>
    <animation id="mixamorig_Spine2-anim" name="mixamorig_Spine2">
      <source id="mixamorig_Spine2-Matrix-animation-input">
        <float_array id="mixamorig_Spine2-Matrix-animation-input-array" count="36">

0.000000 0.033333 0.066667 0.100000 0.133333 0.166667 0.200000 0.233333 0.266667 0.300000 0.333333 0.366667 0.400000 0.433333 0.466667 0.500000
0.533333 0.566667 0.600000 0.633333 0.666667 0.700000 0.733333 0.766667 0.800000 0.833333 0.866667 0.900000 0.933333 0.966667 1.000000 1.033333
1.066667 1.100000 1.133333 1.166667</float_array>
        <technique_common>
          <accessor source="#mixamorig_Spine2-Matrix-animation-input-array" count="36">
            <param name="TIME" type="float"/>
          </accessor>
        </technique_common>
      </source>
      <source id="mixamorig_Spine2-Matrix-animation-output-transform">
        <float_array id="mixamorig_Spine2-Matrix-animation-output-transform-array" count="576">

0.998942 -0.000065 0.045979 0.000000 0.003291 0.997534 -0.070107 16.330999 -0.045861 0.070184 0.996479 0.000000 0.000000 0.000000 0.000000 1.000000
0.998414 0.003037 0.056219 0.000000 0.000770 0.997714 -0.067575 16.330999 -0.056296 0.067511 0.996129 -0.000000 0.000000 0.000000 0.000000 1.000000
0.998454 -0.002470 0.055533 -0.000000 0.005995 0.997970 -0.063401 16.330999 -0.055264 0.063636 0.996442 -0.000000 0.000000 0.000000 0.000000 1.000000
0.998713 -0.014563 0.048591 0.000000 0.017258 0.998310 -0.055498 16.330999 -0.047701 0.056265 0.997276 0.000000 0.000000 0.000000 0.000000 1.000000
0.998766 -0.025176 0.042805 0.000000 0.027024 0.998703 -0.043150 16.330999 -0.041663 0.044253 0.998151 0.000000 0.000000 0.000000 0.000000 1.000000
0.998643 -0.028982 0.043272 -0.000000 0.030520 0.998910 -0.035310 16.330999 -0.042202 0.036583 0.998439 0.000000 0.000000 0.000000 0.000000 1.000000
0.998584 -0.025099 0.046904 0.000000 0.026415 0.999269 -0.027644 16.330999 -0.046176 0.028843 0.998517 0.000000 0.000000 0.000000 0.000000 1.000000
0.998727 -0.014125 0.048414 0.000000 0.015481 0.999495 -0.027751 16.330999 -0.047997 0.028465 0.998442 -0.000000 0.000000 0.000000 0.000000 1.000000
0.998950 -0.001591 0.045778 0.000000 0.003592 0.999039 -0.043672 16.330999 -0.045664 0.043790 0.997997 -0.000000 0.000000 0.000000 0.000000 1.000000
0.998875 0.006897 0.046913 0.000000 -0.002932 0.996456 -0.084060 16.330999 -0.047327 0.083828 0.995356 0.000000 0.000000 0.000000 0.000000 1.000000
0.998820 0.009675 0.047590 0.000000 -0.003711 0.992295 -0.123845 16.330999 -0.048422 0.123523 0.991160 -0.000000 0.000000 0.000000 0.000000 1.000000
0.998516 0.011844 0.053151 0.000000 -0.003788 0.988802 -0.149183 16.330999 -0.054322 0.148760 0.987380 0.000000 0.000000 0.000000 0.000000 1.000000
0.997186 0.018585 0.072620 0.000000 -0.006812 0.987237 -0.159109 16.330999 -0.074651 0.158167 0.984586 -0.000000 0.000000 0.000000 0.000000 1.000000
0.994656 0.023174 0.100612 0.000000 -0.008565 0.989646 -0.143277 16.330999 -0.102890 0.141650 0.984555 0.000000 0.000000 0.000000 0.000000 1.000000
0.992607 0.022917 0.119190 0.000000 -0.008868 0.993082 -0.117091 16.330999 -0.121049 0.115169 0.985943 0.000000 0.000000 0.000000 0.000000 1.000000
0.993096 0.014799 0.116370 0.000000 -0.004650 0.996197 -0.087007 16.330999 -0.117215 0.085865 0.989388 0.000000 0.000000 0.000000 0.000000 1.000000
0.995632 0.004196 0.093269 0.000000 0.001272 0.998287 -0.058491 16.330999 -0.093355 0.058354 0.993921 0.000000 0.000000 0.000000 0.000000 1.000000
0.997815 -0.001857 0.066039 -0.000000 0.004612 0.999125 -0.041579 16.330999 -0.065904 0.041792 0.996950 -0.000000 0.000000 0.000000 0.000000 1.000000
0.998666 -0.002749 0.051561 0.000000 0.004358 0.999506 -0.031129 16.330999 -0.051450 0.031313 0.998185 0.000000 0.000000 0.000000 0.000000 1.000000
0.999068 -0.002934 0.043063 -0.000000 0.003638 0.999861 -0.016274 16.330999 -0.043009 0.016416 0.998940 0.000000 0.000000 0.000000 0.000000 1.000000
0.999314 -0.004257 0.036794 0.000000 0.004192 0.999990 0.001830 16.330999 -0.036802 -0.001674 0.999321 0.000000 0.000000 0.000000 0.000000 1.000000
0.999497 -0.006354 0.031083 0.000000 0.005714 0.999771 0.020634 16.330999 -0.031207 -0.020446 0.999304 0.000000 0.000000 0.000000 0.000000 1.000000
0.999634 -0.008219 0.025783 0.000000 0.007200 0.999199 0.039373 16.330999 -0.026086 -0.039172 0.998892 -0.000000 0.000000 0.000000 0.000000 1.000000
0.999724 -0.009947 0.021295 0.000000 0.008700 0.998285 0.057887 16.330999 -0.021834 -0.057686 0.998096 0.000000 0.000000 0.000000 0.000000 1.000000
0.999776 -0.011717 0.017610 0.000000 0.010342 0.997036 0.076238 16.330999 -0.018451 -0.076039 0.996934 0.000000 0.000000 0.000000 0.000000 1.000000
0.999806 -0.013388 0.014461 0.000000 0.011969 0.995490 0.094109 16.330999 -0.015656 -0.093917 0.995457 0.000000 0.000000 0.000000 0.000000 1.000000
0.999832 -0.014144 0.011620 0.000000 0.012762 0.993689 0.111444 16.330999 -0.013123 -0.111277 0.993703 -0.000000 0.000000 0.000000 0.000000 1.000000
0.999830 -0.016054 0.009022 0.000000 0.014786 0.991875 0.126351 16.330999 -0.010978 -0.126196 0.991945 -0.000000 0.000000 0.000000 0.000000 1.000000
0.999838 -0.016801 0.006525 0.000000 0.015724 0.990049 0.139840 16.330999 -0.008810 -0.139715 0.990153 0.000000 0.000000 0.000000 0.000000 1.000000
0.999845 -0.017069 0.004236 0.000000 0.016229 0.988280 0.151789 16.330999 -0.006777 -0.151697 0.988404 0.000000 0.000000 0.000000 0.000000 1.000000
0.999853 -0.017006 0.002353 0.000000 0.016396 0.986527 0.162773 16.330999 -0.005089 -0.162711 0.986661 0.000000 0.000000 0.000000 0.000000 1.000000
0.999856 -0.016957 0.001006 0.000000 0.016529 0.984847 0.172635 16.330999 -0.003918 -0.172593 0.984985 0.000000 0.000000 0.000000 0.000000 1.000000
0.999863 -0.016539 0.000171 0.000000 0.016231 0.983126 0.182210 16.330999 -0.003182 -0.182182 0.983260 0.000000 0.000000 0.000000 0.000000 1.000000
0.999873 -0.015949 -0.000246 0.000000 0.015702 0.981428 0.191185 16.330999 -0.002808 -0.191165 0.981554 0.000000 0.000000 0.000000 0.000000 1.000000
0.999884 -0.015223 -0.000322 0.000000 0.014982 0.979809 0.199373 16.330999 -0.002720 -0.199354 0.979924 -0.000000 0.000000 0.000000 0.000000 1.000000
0.999897 -0.014386 -0.000112 -0.000000 0.014098 0.978279 0.206812 16.330999 -0.002865 -0.206792 0.978381 0.000000 0.000000 0.000000 0.000000 1.000000</float_array>
        <technique_common>
          <accessor source="#mixamorig_Spine2-Matrix-animation-output-transform-array" count="36" stride="16">
            <param type="float4x4"/>
          </accessor>
        </technique_common>
      </source>
      <source id="mixamorig_Spine2-Interpolations">
        <Name_array id="mixamorig_Spine2-Interpolations-array" count="36">
 LINEAR LINEAR LINEAR LINEAR LINEAR LINEAR LINEAR LINEAR LINEAR LINEAR LINEAR
LINEAR LINEAR LINEAR LINEAR LINEAR LINEAR LINEAR LINEAR LINEAR LINEAR LINEAR LINEAR
LINEAR LINEAR LINEAR LINEAR LINEAR LINEAR LINEAR LINEAR LINEAR LINEAR LINEAR LINEAR
LINEAR</Name_array>
        <technique_common>
          <accessor source="#mixamorig_Spine2-Interpolations-array" count="36">
            <param type="name"/>
          </accessor>
        </technique_common>
      </source>
      <sampler id="mixamorig_Spine2-Matrix-animation-transform">
        <input semantic="INPUT" source="#mixamorig_Spine2-Matrix-animation-input"/>
        <input semantic="OUTPUT" source="#mixamorig_Spine2-Matrix-animation-output-transform"/>
        <input semantic="INTERPOLATION" source="#mixamorig_Spine2-Interpolations"/>
      </sampler>
      <channel source="#mixamorig_Spine2-Matrix-animation-transform" target="mixamorig_Spine2/matrix"/>
    </animation>
    <animation id="mixamorig_Neck-anim" name="mixamorig_Neck">
      <source id="mixamorig_Neck-Matrix-animation-input">
        <float_array id="mixamorig_Neck-Matrix-animation-input-array" count="36">

0.000000 0.033333 0.066667 0.100000 0.133333 0.166667 0.200000 0.233333 0.266667 0.300000 0.333333 0.366667 0.400000 0.433333 0.466667 0.500000
0.533333 0.566667 0.600000 0.633333 0.666667 0.700000 0.733333 0.766667 0.800000 0.833333 0.866667 0.900000 0.933333 0.966667 1.000000 1.033333
1.066667 1.100000 1.133333 1.166667</float_array>
        <technique_common>
          <accessor source="#mixamorig_Neck-Matrix-animation-input-array" count="36">
            <param name="TIME" type="float"/>
          </accessor>
        </technique_common>
      </source>
      <source id="mixamorig_Neck-Matrix-animation-output-transform">
        <float_array id="mixamorig_Neck-Matrix-animation-output-transform-array" count="576">

0.999967 -0.006296 0.005085 0.000000 0.005594 0.991784 0.127802 18.372400 -0.005848 -0.127769 0.991787 0.000000 0.000000 0.000000 0.000000 1.000000
0.999245 0.034962 -0.016959 0.000000 -0.033414 0.995881 0.084292 18.372400 0.019836 -0.083661 0.996297 -0.000000 0.000000 0.000000 0.000000 1.000000
0.997785 0.059705 -0.029333 0.000000 -0.057999 0.996750 0.055912 18.372400 0.032576 -0.054087 0.998005 -0.000000 0.000000 0.000000 0.000000 1.000000
0.997123 0.070034 -0.028988 0.000000 -0.068868 0.996846 0.039432 18.372400 0.031658 -0.037322 0.998802 0.000000 0.000000 0.000000 0.000000 1.000000
0.996433 0.082633 -0.017115 0.000000 -0.082277 0.996397 0.020559 18.372400 0.018753 -0.019077 0.999642 0.000000 0.000000 0.000000 0.000000 1.000000
