<?xml version="1.0" encoding="utf-8"?>
<COLLADA xmlns="http://www.collada.org/2005/11/COLLADASchema" version="1.4.1">
  <asset>
    <contributor>
      <author>Mixamo</author>
      <authoring_tool>COLLADA Mixamo exporter</authoring_tool>
      <comments/>
    </contributor>
    <created>2024-04-05T10:48:46Z</created>
    <modified>2024-04-05T10:48:46Z</modified>
    <revision/>
    <title/>
    <unit meter="0.010000"/>
    <up_axis>Y_UP</up_axis>
  </asset>
  <library_animations>
    <animation id="Armature-anim" name="Armature">
      <source id="Armature-Matrix-animation-input">
        <float_array id="Armature-Matrix-animation-input-array" count="36">

0.000000 0.033333 0.066667 0.100000 0.133333 0.166667 0.200000 0.233333 0.266667 0.300000 0.333333 0.366667 0.400000 0.433333 0.466667 0.500000
0.533333 0.566667 0.600000 0.633333 0.666667 0.700000 0.733333 0.766667 0.800000 0.833333 0.866667 0.900000 0.933333 0.966667 1.000000 1.033333
1.066667 1.100000 1.133333 1.166667</float_array>
        <technique_common>
          <accessor source="#Armature-Matrix-animation-input-array" count="36">
            <param name="TIME" type="float"/>
          </accessor>
        </technique_common>
      </source>
      <source id="Armature-Matrix-animation-output-transform">
        <float_array id="Armature-Matrix-animation-output-transform-array" count="576">

1.000000 0.000000 0.000000 0.000000 0.000000 1.000000 0.000000 0.000000 0.000000 0.000000 1.000000 0.000000 0.000000 0.000000 0.000000 1.000000
1.000000 0.000000 0.000000 0.000000 0.000000 1.000000 0.000000 0.000000 0.000000 0.000000 1.000000 0.000000 0.000000 0.000000 0.000000 1.000000
1.000000 0.000000 0.000000 0.000000 0.000000 1.000000 0.000000 0.000000 0.000000 0.000000 1.000000 0.000000 0.000000 0.000000 0.000000 1.000000
1.000000 0.000000 0.000000 0.000000 0.000000 1.000000 0.000000 0.000000 0.000000 0.000000 1.000000 0.000000 0.000000 0.000000 0.000000 1.000000
1.000000 0.000000 0.000000 0.000000 0.000000 1.000000 0.000000 0.000000 0.000000 0.000000 1.000000 0.000000 0.000000 0.000000 0.000000 1.000000
1.000000 0.000000 0.000000 0.000000 0.000000 1.000000 0.000000 0.000000 0.000000 0.000000 1.000000 0.000000 0.000000 0.000000 0.000000 1.000000
1.000000 0.000000 0.000000 0.000000 0.000000 1.000000 0.000000 0.000000 0.000000 0.000000 1.000000 0.000000 0.000000 0.000000 0.000000 1.000000
1.000000 0.000000 0.000000 0.000000 0.000000 1.000000 0.000000 0.000000 0.000000 0.000000 1.000000 0.000000 0.000000 0.000000 0.000000 1.000000
1.000000 0.000000 0.000000 0.000000 0.000000 1.000000 0.000000 0.000000 0.000000 0.000000 1.000000 0.000000 0.000000 0.000000 0.000000 1.000000
1.000000 0.000000 0.000000 0.000000 0.000000 1.000000 0.000000 0.000000 0.000000 0.000000 1.000000 0.000000 0.000000 0.000000 0.000000 1.000000
1.000000 0.000000 0.000000 0.000000 0.000000 1.000000 0.000000 0.000000 0.000000 0.000000 1.000000 0.000000 0.000000 0.000000 0.000000 1.000000
1.000000 0.000000 0.000000 0.000000 0.000000 1.000000 0.000000 0.000000 0.000000 0.000000 1.000000 0.000000 0.000000 0.000000 0.000000 1.000000
1.000000 0.000000 0.000000 0.000000 0.000000 1.000000 0.000000 0.000000 0.000000 0.000000 1.000000 0.000000 0.000000 0.000000 0.000000 1.000000
1.000000 0.000000 0.000000 0.000000 0.000000 1.000000 0.000000 0.000000 0.000000 0.000000 1.000000 0.000000 0.000000 0.000000 0.000000 1.000000
1.000000 0.000000 0.000000 0.000000 0.000000 1.000000 0.000000 0.000000 0.000000 0.000000 1.000000 0.000000 0.000000 0.000000 0.000000 1.000000
1.000000 0.000000 0.000000 0.000000 0.000000 1.000000 0.000000 0.000000 0.000000 0.000000 1.000000 0.000000 0.000000 0.000000 0.000000 1.000000
1.000000 0.000000 0.000000 0.000000 0.000000 1.000000 0.000000 0.000000 0.000000 0.000000 1.000000 0.000000 0.000000 0.000000 0.000000 1.000000
1.000000 0.000000 0.000000 0.000000 0.000000 1.000000 0.000000 0.000000 0.000000 0.000000 1.000000 0.000000 0.000000 0.000000 0.000000 1.000000
1.000000 0.000000 0.000000 0.000000 0.000000 1.000000 0.000000 0.000000 0.000000 0.000000 1.000000 0.000000 0.000000 0.000000 0.000000 1.000000
1.000000 0.000000 0.000000 0.000000 0.000000 1.000000 0.000000 0.000000 0.000000 0.000000 1.000000 0.000000 0.000000 0.000000 0.000000 1.000000
1.000000 0.000000 0.000000 0.000000 0.000000 1.000000 0.000000 0.000000 0.000000 0.000000 1.000000 0.000000 0.000000 0.000000 0.000000 1.000000
1.000000 0.000000 0.000000 0.000000 0.000000 1.000000 0.000000 0.000000 0.000000 0.000000 1.000000 0.000000 0.000000 0.000000 0.000000 1.000000
1.000000 0.000000 0.000000 0.000000 0.000000 1.000000 0.000000 0.000000 0.000000 0.000000 1.000000 0.000000 0.000000 0.000000 0.000000 1.000000
1.000000 0.000000 0.000000 0.000000 0.000000 1.000000 0.000000 0.000000 0.000000 0.000000 1.000000 0.000000 0.000000 0.000000 0.000000 1.000000
1.000000 0.000000 0.000000 0.000000 0.000000 1.000000 0.000000 0.000000 0.000000 0.000000 1.000000 0.000000 0.000000 0.000000 0.000000 1.000000
1.000000 0.000000 0.000000 0.000000 0.000000 1.000000 0.000000 0.000000 0.000000 0.000000 1.000000 0.000000 0.000000 0.000000 0.000000 1.000000
1.000000 0.000000 0.000000 0.000000 0.000000 1.000000 0.000000 0.000000 0.000000 0.000000 1.000000 0.000000 0.000000 0.000000 0.000000 1.000000
1.000000 0.000000 0.000000 0.000000 0.000000 1.000000 0.000000 0.000000 0.000000 0.000000 1.000000 0.000000 0.000000 0.000000 0.000000 1.000000
1.000000 0.000000 0.000000 0.000000 0.000000 1.000000 0.000000 0.000000 0.000000 0.000000 1.000000 0.000000 0.000000 0.000000 0.000000 1.000000
1.000000 0.000000 0.000000 0.000000 0.000000 1.000000 0.000000 0.000000 0.000000 0.000000 1.000000 0.000000 0.000000 0.000000 0.000000 1.000000
1.000000 0.000000 0.000000 0.000000 0.000000 1.000000 0.000000 0.000000 0.000000 0.000000 1.000000 0.000000 0.000000 0.000000 0.000000 1.000000
1.000000 0.000000 0.000000 0.000000 0.000000 1.000000 0.000000 0.000000 0.000000 0.000000 1.000000 0.000000 0.000000 0.000000 0.000000 1.000000
1.000000 0.000000 0.000000 0.000000 0.000000 1.000000 0.000000 0.000000 0.000000 0.000000 1.000000 0.000000 0.000000 0.000000 0.000000 1.000000
1.000000 0.000000 0.000000 0.000000 0.000000 1.000000 0.000000 0.000000 0.000000 0.000000 1.000000 0.000000 0.000000 0.000000 0.000000 1.000000
1.000000 0.000000 0.000000 0.000000 0.000000 1.000000 0.000000 0.000000 0.000000 0.000000 1.000000 0.000000 0.000000 0.000000 0.000000 1.000000
1.000000 0.000000 0.000000 0.000000 0.000000 1.000000 0.000000 0.000000 0.000000 0.000000 1.000000 0.000000 0.000000 0.000000 0.000000 1.000000</float_array>
        <technique_common>
          <accessor source="#Armature-Matrix-animation-output-transform-array" count="36" stride="16">
            <param type="float4x4"/>
          </accessor>
        </technique_common>
      </source>
      <source id="Armature-Interpolations">
        <Name_array id="Armature-Interpolations-array" count="36">
 LINEAR LINEAR LINEAR LINEAR LINEAR LINEAR LINEAR LINEAR LINEAR LINEAR LINEAR
LINEAR LINEAR LINEAR LINEAR LINEAR LINEAR LINEAR LINEAR LINEAR LINEAR LINEAR LINEAR
LINEAR LINEAR LINEAR LINEAR LINEAR LINEAR LINEAR LINEAR LINEAR LINEAR LINEAR LINEAR
LINEAR</Name_array>
        <technique_common>
          <accessor source="#Armature-Interpolations-array" count="36">
            <param type="name"/>
          </accessor>
        </technique_common>
      </source>
      <sampler id="Armature-Matrix-animation-transform">
        <input semantic="INPUT" source="#Armature-Matrix-animation-input"/>
        <input semantic="OUTPUT" source="#Armature-Matrix-animation-output-transform"/>
        <input semantic="INTERPOLATION" source="#Armature-Interpolations"/>
      </sampler>
      <channel source="#Armature-Matrix-animation-transform" target="Armature/matrix"/>
    </animation>
    <animation id="mixamorig_Hips-anim" name="mixamorig_Hips">
      <source id="mixamorig_Hips-Matrix-animation-input">
        <float_array id="mixamorig_Hips-Matrix-animation-input-array" count="36">

0.000000 0.033333 0.066667 0.100000 0.133333 0.166667 0.200000 0.233333 0.266667 0.300000 0.333333 0.366667 0.400000 0.433333 0.466667 0.500000
0.533333 0.566667 0.600000 0.633333 0.666667 0.700000 0.733333 0.766667 0.800000 0.833333 0.866667 0.900000 0.933333 0.966667 1.000000 1.033333
1.066667 1.100000 1.133333 1.166667</float_array>
        <technique_common>
          <accessor source="#mixamorig_Hips-Matrix-animation-input-array" count="36">
            <param name="TIME" type="float"/>
          </accessor>
        </technique_common>
      </source>
      <source id="mixamorig_Hips-Matrix-animation-output-transform">
        <float_array id="mixamorig_Hips-Matrix-animation-output-transform-array" count="576">

0.886662 0.045031 -0.460220 1.165521 0.055645 0.977625 0.202863 91.923141 0.459058 -0.205480 0.864317 -2.478754 0.000000 0.000000 0.000000 1.000000
0.886833 0.045187 -0.459876 1.158577 0.055381 0.977641 0.202859 91.925262 0.458760 -0.205370 0.864501 -2.473279 0.000000 0.000000 0.000000 1.000000
0.887066 0.045213 -0.459424 1.151548 0.055262 0.977636 0.202913 91.925720 0.458323 -0.205386 0.864729 -2.472236 0.000000 0.000000 0.000000 1.000000
0.887257 0.045161 -0.459058 1.147611 0.055214 0.977643 0.202894 91.926170 0.457958 -0.205366 0.864927 -2.477805 0.000000 0.000000 0.000000 1.000000
0.887319 0.044990 -0.458957 1.148230 0.055186 0.977719 0.202535 91.931580 0.457843 -0.205041 0.865065 -2.491230 0.000000 0.000000 0.000000 1.000000
0.887224 0.044403 -0.459198 1.150670 0.055533 0.977841 0.201851 91.947784 0.457985 -0.204587 0.865097 -2.506785 0.000000 0.000000 0.000000 1.000000
0.886941 0.043084 -0.459870 1.151886 0.057103 0.977774 0.201738 91.973969 0.458340 -0.205189 0.864767 -2.506708 0.000000 0.000000 0.000000 1.000000
0.886125 0.041419 -0.461593 1.155084 0.060491 0.977141 0.203804 91.993347 0.459482 -0.208518 0.863363 -2.459337 0.000000 0.000000 0.000000 1.000000
0.884028 0.040827 -0.465647 1.165793 0.064956 0.975783 0.208873 91.978867 0.462898 -0.214896 0.859968 -2.325160 0.000000 0.000000 0.000000 1.000000
0.880475 0.042212 -0.472210 1.177065 0.068966 0.974029 0.215664 91.917358 0.469050 -0.222454 0.854697 -2.078101 0.000000 0.000000 0.000000 1.000000
0.876973 0.044013 -0.478520 1.167643 0.072397 0.972329 0.222113 91.817650 0.475055 -0.229430 0.849520 -1.746621 0.000000 0.000000 0.000000 1.000000
0.875558 0.044032 -0.481102 1.123812 0.076573 0.970601 0.228188 91.684387 0.477005 -0.236631 0.846446 -1.436795 0.000000 0.000000 0.000000 1.000000
0.876407 0.042787 -0.479667 1.063966 0.081674 0.968409 0.235611 91.502495 0.474595 -0.245668 0.845226 -1.280480 0.000000 0.000000 0.000000 1.000000
0.878212 0.042179 -0.476408 1.026610 0.086299 0.965779 0.244588 91.266853 0.470421 -0.255914 0.844519 -1.343372 0.000000 0.000000 0.000000 1.000000
0.880160 0.042138 -0.472803 1.027932 0.089608 0.963393 0.252675 91.019463 0.466143 -0.264761 0.844164 -1.586040 0.000000 0.000000 0.000000 1.000000
0.881809 0.041707 -0.469759 1.053790 0.091351 0.962111 0.256899 90.832855 0.462675 -0.269449 0.844588 -1.906828 0.000000 0.000000 0.000000 1.000000
0.882618 0.041518 -0.468255 1.092386 0.090974 0.962176 0.256791 90.749397 0.461205 -0.269247 0.845456 -2.216923 0.000000 0.000000 0.000000 1.000000
0.882675 0.042553 -0.468053 1.148814 0.088584 0.962980 0.254604 90.756699 0.461559 -0.266195 0.846229 -2.480740 0.000000 0.000000 0.000000 1.000000
0.882569 0.044484 -0.468074 1.231776 0.085123 0.963946 0.252113 90.823769 0.462413 -0.262351 0.846963 -2.696854 0.000000 0.000000 0.000000 1.000000
0.882309 0.046506 -0.468368 1.340511 0.081116 0.965193 0.248643 90.931091 0.463629 -0.257372 0.847826 -2.860605 0.000000 0.000000 0.000000 1.000000
0.881398 0.048248 -0.469905 1.465601 0.076675 0.966966 0.243102 91.060478 0.466111 -0.250299 0.848582 -2.961714 0.000000 0.000000 0.000000 1.000000
0.879879 0.049621 -0.472600 1.596831 0.072224 0.969015 0.236208 91.187416 0.469677 -0.241968 0.849032 -3.002096 0.000000 0.000000 0.000000 1.000000
0.878538 0.050538 -0.474991 1.724715 0.068438 0.970811 0.229874 91.291695 0.472744 -0.234461 0.849436 -2.997089 0.000000 0.000000 0.000000 1.000000
0.878052 0.050804 -0.475860 1.837918 0.065861 0.972060 0.225305 91.366234 0.474011 -0.229171 0.850173 -2.966919 0.000000 0.000000 0.000000 1.000000
0.878434 0.050385 -0.475200 1.922621 0.064363 0.972889 0.222134 91.419037 0.473509 -0.225715 0.851376 -2.928067 0.000000 0.000000 0.000000 1.000000
0.879324 0.049502 -0.473645 1.966860 0.063309 0.973604 0.219289 91.466660 0.471998 -0.222813 0.852979 -2.885307 0.000000 0.000000 0.000000 1.000000
0.880436 0.048466 -0.471681 1.968092 0.062266 0.974331 0.216339 91.520714 0.470059 -0.219843 0.854818 -2.836274 0.000000 0.000000 0.000000 1.000000
0.881663 0.047612 -0.469471 1.934777 0.061082 0.975011 0.213592 91.581940 0.467909 -0.216993 0.856723 -2.783063 0.000000 0.000000 0.000000 1.000000
0.882832 0.047165 -0.467316 1.876981 0.059693 0.975611 0.211236 91.646996 0.465881 -0.214381 0.858484 -2.732574 0.000000 0.000000 0.000000 1.000000
0.883661 0.047023 -0.465760 1.799628 0.058238 0.976170 0.209045 91.712639 0.464491 -0.211849 0.859865 -2.687745 0.000000 0.000000 0.000000 1.000000
0.884121 0.046781 -0.464910 1.707243 0.057143 0.976682 0.206946 91.774445 0.463750 -0.209531 0.860832 -2.645464 0.000000 0.000000 0.000000 1.000000
0.884488 0.046279 -0.464261 1.605515 0.056609 0.977072 0.205246 91.827461 0.463115 -0.207819 0.861589 -2.604635 0.000000 0.000000 0.000000 1.000000
0.885004 0.045772 -0.463328 1.496706 0.056338 0.977315 0.204159 91.867653 0.462163 -0.206784 0.862349 -2.570502 0.000000 0.000000 0.000000 1.000000
0.885663 0.045429 -0.462102 1.382510 0.056075 0.977454 0.203567 91.894188 0.460931 -0.206204 0.863147 -2.544334 0.000000 0.000000 0.000000 1.000000
0.886266 0.045210 -0.460964 1.269390 0.055810 0.977550 0.203178 91.911247 0.459801 -0.205796 0.863846 -2.516964 0.000000 0.000000 0.000000 1.000000
0.886662 0.045031 -0.460220 1.165521 0.055645 0.977625 0.202863 91.923141 0.459058 -0.205480 0.864317 -2.478754 0.000000 0.000000 0.000000 1.000000</float_array>
        <technique_common>
          <accessor source="#mixamorig_Hips-Matrix-animation-output-transform-array" count="36" stride="16">
            <param type="float4x4"/>
          </accessor>
        </technique_common>
      </source>
      <source id="mixamorig_Hips-Interpolations">
        <Name_array id="mixamorig_Hips-Interpolations-array" count="36">
 LINEAR LINEAR LINEAR LINEAR LINEAR LINEAR LINEAR LINEAR LINEAR LINEAR LINEAR
LINEAR LINEAR LINEAR LINEAR LINEAR LINEAR LINEAR LINEAR LINEAR LINEAR LINEAR LINEAR
LINEAR LINEAR LINEAR LINEAR LINEAR LINEAR LINEAR LINEAR LINEAR LINEAR LINEAR LINEAR
LINEAR</Name_array>
        <technique_common>
          <accessor source="#mixamorig_Hips-Interpolations-array" count="36">
            <param type="name"/>
          </accessor>
        </technique_common>
      </source>
      <sampler id="mixamorig_Hips-Matrix-animation-transform">
        <input semantic="INPUT" source="#mixamorig_Hips-Matrix-animation-input"/>
        <input semantic="OUTPUT" source="#mixamorig_Hips-Matrix-animation-output-transform"/>
        <input semantic="INTERPOLATION" source="#mixamorig_Hips-Interpolations"/>
      </sampler>
      <channel source="#mixamorig_Hips-Matrix-animation-transform" target="mixamorig_Hips/matrix"/>
    </animation>
    <animation id="mixamorig_Spine-anim" name="mixamorig_Spine">
      <source id="mixamorig_Spine-Matrix-animation-input">
        <float_array id="mixamorig_Spine-Matrix-animation-input-array" count="36">

0.000000 0.033333 0.066667 0.100000 0.133333 0.166667 0.200000 0.233333 0.266667 0.300000 0.333333 0.366667 0.400000 0.433333 0.466667 0.500000
0.533333 0.566667 0.600000 0.633333 0.666667 0.700000 0.733333 0.766667 0.800000 0.833333 0.866667 0.900000 0.933333 0.966667 1.000000 1.033333
1.066667 1.100000 1.133333 1.166667</float_array>
        <technique_common>
          <accessor source="#mixamorig_Spine-Matrix-animation-input-array" count="36">
            <param name="TIME" type="float"/>
          </accessor>
        </technique_common>
      </source>
      <source id="mixamorig_Spine-Matrix-animation-output-transform">
        <float_array id="mixamorig_Spine-Matrix-animation-output-transform-array" count="576">

0.999202 0.023206 0.032518 0.000000 -0.016760 0.982395 -0.186061 12.246100 -0.036263 0.185367 0.982000 0.234600 0.000000 0.000000 0.000000 1.000000
0.999201 0.023227 0.032531 0.000000 -0.016781 0.982404 -0.186013 12.246100 -0.036279 0.185318 0.982009 0.234600 0.000000 0.000000 0.000000 1.000000
0.999202 0.023231 0.032500 0.000000 -0.016791 0.982407 -0.185997 12.246100 -0.036249 0.185303 0.982013 0.234600 0.000000 0.000000 0.000000 1.000000
0.999204 0.023238 0.032419 0.000000 -0.016813 0.982406 -0.186000 12.246100 -0.036171 0.185307 0.982015 0.234600 0.000000 0.000000 0.000000 1.000000
0.999205 0.023249 0.032391 0.000000 -0.016829 0.982411 -0.185970 12.246100 -0.036145 0.185277 0.982021 0.234600 0.000000 0.000000 0.000000 1.000000
0.999199 0.023248 0.032584 0.000000 -0.016797 0.982432 -0.185861 12.246100 -0.036333 0.185165 0.982036 0.234600 0.000000 0.000000 0.000000 1.000000
0.999187 0.023248 0.032943 -0.000000 -0.016736 0.982463 -0.185706 12.246100 -0.036683 0.185004 0.982053 0.234600 0.000000 0.000000 0.000000 1.000000
0.999185 0.023297 0.032968 0.000000 -0.016786 0.982497 -0.185518 12.246100 -0.036713 0.184814 0.982088 0.234600 0.000000 0.000000 0.000000 1.000000
0.999208 0.023317 0.032232 0.000000 -0.016963 0.982600 -0.184959 12.246100 -0.035984 0.184266 0.982217 0.234600 0.000000 0.000000 0.000000 1.000000
0.999257 0.022824 0.031062 0.000000 -0.016753 0.982919 -0.183275 12.246100 -0.034715 0.182619 0.982571 0.234600 0.000000 0.000000 0.000000 1.000000
0.999329 0.021137 0.029914 0.000000 -0.015409 0.983515 -0.180170 12.246100 -0.033229 0.179588 0.983181 0.234600 0.000000 0.000000 0.000000 1.000000
0.999424 0.018341 0.028549 0.000000 -0.013012 0.984172 -0.176736 12.246100 -0.031338 0.176263 0.983844 0.234600 0.000000 0.000000 0.000000 1.000000
0.999519 0.015628 0.026805 -0.000000 -0.010709 0.984562 -0.174708 12.246100 -0.029121 0.174337 0.984255 0.234600 0.000000 0.000000 0.000000 1.000000
0.999578 0.014203 0.025321 0.000000 -0.009562 0.984558 -0.174799 12.246100 -0.027413 0.174483 0.984278 0.234600 0.000000 0.000000 0.000000 1.000000
0.999593 0.014251 0.024709 -0.000000 -0.009674 0.984280 -0.176348 12.246100 -0.026834 0.176037 0.984018 0.234600 0.000000 0.000000 0.000000 1.000000
0.999577 0.015197 0.024785 0.000000 -0.010541 0.983940 -0.178189 12.246100 -0.027095 0.177852 0.983684 0.234600 0.000000 0.000000 0.000000 1.000000
0.999549 0.016504 0.025076 0.000000 -0.011736 0.983668 -0.179607 12.246100 -0.027631 0.179232 0.983419 0.234600 0.000000 0.000000 0.000000 1.000000
0.999516 0.017981 0.025384 0.000000 -0.013103 0.983452 -0.180696 12.246100 -0.028213 0.180276 0.983211 0.234600 0.000000 0.000000 0.000000 1.000000
0.999479 0.019528 0.025682 -0.000000 -0.014539 0.983227 -0.181805 12.246100 -0.028801 0.181337 0.982999 0.234600 0.000000 0.000000 0.000000 1.000000
0.999444 0.020880 0.025984 0.000000 -0.015782 0.983011 -0.182867 12.246100 -0.029361 0.182355 0.982794 0.234600 0.000000 0.000000 0.000000 1.000000
0.999414 0.021784 0.026398 0.000000 -0.016574 0.982864 -0.183584 12.246100 -0.029945 0.183038 0.982650 0.234600 0.000000 0.000000 0.000000 1.000000
0.999387 0.022224 0.027055 0.000000 -0.016876 0.982793 -0.183936 12.246100 -0.030677 0.183367 0.982566 0.234600 0.000000 0.000000 0.000000 1.000000
0.999359 0.022354 0.027952 0.000000 -0.016831 0.982747 -0.184187 12.246100 -0.031587 0.183599 0.982494 0.234600 0.000000 0.000000 0.000000 1.000000
0.999331 0.022350 0.028944 -0.000000 -0.016633 0.982685 -0.184535 12.246100 -0.032567 0.183931 0.982400 0.234600 0.000000 0.000000 0.000000 1.000000
0.999306 0.022295 0.029855 0.000000 -0.016397 0.982614 -0.184936 12.246100 -0.033459 0.184318 0.982297 0.234600 0.000000 0.000000 0.000000 1.000000
0.999286 0.022217 0.030562 0.000000 -0.016179 0.982559 -0.185248 12.246100 -0.034145 0.184622 0.982216 0.234600 0.000000 0.000000 0.000000 1.000000
0.999273 0.022189 0.031016 0.000000 -0.016061 0.982523 -0.185447 12.246100 -0.034589 0.184814 0.982165 0.234600 0.000000 0.000000 0.000000 1.000000
0.999264 0.022272 0.031244 -0.000000 -0.016095 0.982491 -0.185614 12.246100 -0.034831 0.184974 0.982126 0.234600 0.000000 0.000000 0.000000 1.000000
0.999256 0.022419 0.031380 -0.000000 -0.016208 0.982459 -0.185774 12.246100 -0.034995 0.185127 0.982091 0.234600 0.000000 0.000000 0.000000 1.000000
0.999246 0.022547 0.031600 0.000000 -0.016291 0.982442 -0.185853 12.246100 -0.035236 0.185198 0.982069 0.234600 0.000000 0.000000 0.000000 1.000000
0.999233 0.022660 0.031932 0.000000 -0.016341 0.982447 -0.185823 12.246100 -0.035582 0.185159 0.982064 0.234600 0.000000 0.000000 0.000000 1.000000
0.999220 0.022787 0.032248 0.000000 -0.016409 0.982455 -0.185779 12.246100 -0.035915 0.185105 0.982062 0.234600 0.000000 0.000000 0.000000 1.000000
0.999211 0.022923 0.032427 0.000000 -0.016508 0.982445 -0.185823 12.246100 -0.036117 0.185141 0.982048 0.234600 0.000000 0.000000 0.000000 1.000000
0.999207 0.023053 0.032465 -0.000000 -0.016624 0.982419 -0.185947 12.246100 -0.036181 0.185260 0.982023 0.234600 0.000000 0.000000 0.000000 1.000000
0.999205 0.023155 0.032464 -0.000000 -0.016721 0.982398 -0.186049 12.246100 -0.036200 0.185358 0.982004 0.234600 0.000000 0.000000 0.000000 1.000000
0.999202 0.023206 0.032518 0.000000 -0.016760 0.982395 -0.186061 12.246100 -0.036263 0.185367 0.982000 0.234600 0.000000 0.000000 0.000000 1.000000</float_array>
        <technique_common>
          <accessor source="#mixamorig_Spine-Matrix-animation-output-transform-array" count="36" stride="16">
            <param type="float4x4"/>
          </accessor>
        </technique_common>
      </source>
      <source id="mixamorig_Spine-Interpolations">
        <Name_array id="mixamorig_Spine-Interpolations-array" count="36">
 LINEAR LINEAR LINEAR LINEAR LINEAR LINEAR LINEAR LINEAR LINEAR LINEAR LINEAR
LINEAR LINEAR LINEAR LINEAR LINEAR LINEAR LINEAR LINEAR LINEAR LINEAR LINEAR LINEAR
LINEAR LINEAR LINEAR LINEAR LINEAR LINEAR LINEAR LINEAR LINEAR LINEAR LINEAR LINEAR
LINEAR</Name_array>
        <technique_common>
          <accessor source="#mixamorig_Spine-Interpolations-array" count="36">
            <param type="name"/>
          </accessor>
        </technique_common>
      </source>
      <sampler id="mixamorig_Spine-Matrix-animation-transform">
        <input semantic="INPUT" source="#mixamorig_Spine-Matrix-animation-input"/>
        <input semantic="OUTPUT" source="#mixamorig_Spine-Matrix-animation-output-transform"/>
        <input semantic="INTERPOLATION" source="#mixamorig_Spine-Interpolations"/>
      </sampler>
      <channel source="#mixamorig_Spine-Matrix-animation-transform" target="mixamorig_Spine/matrix"/>
    </animation>
    <animation id="mixamorig_Spine1-anim" name="mixamorig_Spine1">
      <source id="mixamorig_Spine1-Matrix-animation-input">
        <float_array id="mixamorig_Spine1-Matrix-animation-input-array" count="36">

0.000000 0.033333 0.066667 0.100000 0.133333 0.166667 0.200000 0.233333 0.266667 0.300000 0.333333 0.366667 0.400000 0.433333 0.466667 0.500000
0.533333 0.566667 0.600000 0.633333 0.666667 0.700000 0.733333 0.766667 0.800000 0.833333 0.866667 0.900000 0.933333 0.966667 1.000000 1.033333
1.066667 1.100000 1.133333 1.166667</float_array>
        <technique_common>
          <accessor source="#mixamorig_Spine1-Matrix-animation-input-array" count="36">
            <param name="TIME" type="float"/>
          </accessor>
        </technique_common>
      </source>
      <source id="mixamorig_Spine1-Matrix-animation-output-transform">
        <float_array id="mixamorig_Spine1-Matrix-animation-output-transform-array" count="576">

0.996838 0.052760 0.059419 0.000000 -0.030252 0.943433 -0.330181 14.289700 -0.073478 0.327339 0.942046 0.000000 0.000000 0.000000 0.000000 1.000000
0.996834 0.052805 0.059442 0.000000 -0.030295 0.943463 -0.330089 14.289700 -0.073511 0.327244 0.942076 -0.000000 0.000000 0.000000 0.000000 1.000000
0.996838 0.052807 0.059378 0.000000 -0.030319 0.943473 -0.330058 14.289700 -0.073451 0.327214 0.942091 0.000000 0.000000 0.000000 0.000000 1.000000
0.996847 0.052815 0.059214 0.000000 -0.030381 0.943470 -0.330064 14.289700 -0.073299 0.327224 0.942100 0.000000 0.000000 0.000000 0.000000 1.000000
0.996849 0.052846 0.059154 -0.000000 -0.030434 0.943488 -0.330006 14.289700 -0.073250 0.327166 0.942124 -0.000000 0.000000 0.000000 0.000000 1.000000
0.996824 0.052881 0.059539 -0.000000 -0.030357 0.943563 -0.329799 14.289700 -0.073619 0.326945 0.942172 0.000000 0.000000 0.000000 0.000000 1.000000
0.996780 0.052905 0.060263 0.000000 -0.030165 0.943672 -0.329505 14.289700 -0.074301 0.326626 0.942229 -0.000000 0.000000 0.000000 0.000000 1.000000
0.996775 0.052904 0.060333 0.000000 -0.030170 0.943797 -0.329146 14.289700 -0.074355 0.326264 0.942350 0.000000 0.000000 0.000000 0.000000 1.000000
0.996873 0.052654 0.058926 -0.000000 -0.030478 0.944164 -0.328064 14.289700 -0.072910 0.325242 0.942816 0.000000 0.000000 0.000000 0.000000 1.000000
0.997070 0.051249 0.056786 0.000000 -0.030090 0.945304 -0.324801 14.289700 -0.070326 0.322141 0.944076 0.000000 0.000000 0.000000 0.000000 1.000000
0.997364 0.047424 0.054916 -0.000000 -0.027499 0.947434 -0.318767 14.289700 -0.067146 0.316417 0.946241 -0.000000 0.000000 0.000000 0.000000 1.000000
0.997750 0.041361 0.052765 -0.000000 -0.022869 0.949786 -0.312064 14.289700 -0.063023 0.310156 0.948595 0.000000 0.000000 0.000000 0.000000 1.000000
0.998129 0.035512 0.049782 -0.000000 -0.018476 0.951184 -0.308072 14.289700 -0.058292 0.306576 0.950060 0.000000 0.000000 0.000000 0.000000 1.000000
0.998366 0.032409 0.047055 0.000000 -0.016351 0.951179 -0.308207 14.289700 -0.054746 0.306934 0.950155 0.000000 0.000000 0.000000 0.000000 1.000000
0.998424 0.032441 0.045792 0.000000 -0.016601 0.950201 -0.311196 14.289700 -0.053607 0.309946 0.949242 -0.000000 0.000000 0.000000 0.000000 1.000000
0.998361 0.034387 0.045741 -0.000000 -0.018265 0.948993 -0.314769 14.289700 -0.054232 0.313417 0.948066 0.000000 0.000000 0.000000 0.000000 1.000000
0.998249 0.037106 0.046067 0.000000 -0.020586 0.948024 -0.317532 14.289700 -0.055455 0.316028 0.947128 -0.000000 0.000000 0.000000 0.000000 1.000000
0.998114 0.040186 0.046407 -0.000000 -0.023275 0.947245 -0.319666 14.289700 -0.056805 0.317983 0.946393 -0.000000 0.000000 0.000000 0.000000 1.000000
0.997964 0.043420 0.046714 0.000000 -0.026113 0.946435 -0.321838 14.289700 -0.058186 0.319963 0.945642 -0.000000 0.000000 0.000000 0.000000 1.000000
0.997819 0.046299 0.047060 0.000000 -0.028602 0.945654 -0.323913 14.289700 -0.059499 0.321860 0.944916 0.000000 0.000000 0.000000 0.000000 1.000000
0.997691 0.048333 0.047706 -0.000000 -0.030231 0.945122 -0.325316 14.289700 -0.060811 0.323123 0.944401 0.000000 0.000000 0.000000 0.000000 1.000000
0.997576 0.049479 0.048919 0.000000 -0.030877 0.944862 -0.326011 14.289700 -0.062352 0.323711 0.944099 0.000000 0.000000 0.000000 0.000000 1.000000
0.997463 0.050010 0.050659 0.000000 -0.030782 0.944693 -0.326507 14.289700 -0.064186 0.324120 0.943836 -0.000000 0.000000 0.000000 0.000000 1.000000
0.997351 0.050245 0.052606 0.000000 -0.030323 0.944473 -0.327188 14.289700 -0.066124 0.324726 0.943494 0.000000 0.000000 0.000000 0.000000 1.000000
0.997250 0.050338 0.054399 -0.000000 -0.029771 0.944220 -0.327967 14.289700 -0.067874 0.325445 0.943122 -0.000000 0.000000 0.000000 0.000000 1.000000
0.997172 0.050350 0.055790 -0.000000 -0.029283 0.944025 -0.328573 14.289700 -0.069210 0.326010 0.942830 0.000000 0.000000 0.000000 0.000000 1.000000
0.997119 0.050424 0.056672 -0.000000 -0.029036 0.943898 -0.328958 14.289700 -0.070080 0.326365 0.942643 0.000000 0.000000 0.000000 0.000000 1.000000
0.997082 0.050667 0.057092 -0.000000 -0.029104 0.943782 -0.329283 14.289700 -0.070566 0.326661 0.942504 0.000000 0.000000 0.000000 0.000000 1.000000
0.997052 0.050998 0.057325 0.000000 -0.029318 0.943667 -0.329596 14.289700 -0.070904 0.326944 0.942380 0.000000 0.000000 0.000000 0.000000 1.000000
0.997013 0.051298 0.057732 0.000000 -0.029456 0.943607 -0.329754 14.289700 -0.071392 0.327069 0.942300 -0.000000 0.000000 0.000000 0.000000 1.000000
0.996962 0.051585 0.058367 -0.000000 -0.029523 0.943623 -0.329702 14.289700 -0.072084 0.326977 0.942279 -0.000000 0.000000 0.000000 0.000000 1.000000
0.996910 0.051895 0.058969 0.000000 -0.029625 0.943647 -0.329625 14.289700 -0.072752 0.326859 0.942269 0.000000 0.000000 0.000000 0.000000 1.000000
0.996875 0.052191 0.059299 0.000000 -0.029789 0.943610 -0.329715 14.289700 -0.073163 0.326918 0.942216 0.000000 0.000000 0.000000 0.000000 1.000000
0.996858 0.052452 0.059346 0.000000 -0.030002 0.943519 -0.329957 14.289700 -0.073301 0.327140 0.942129 -0.000000 0.000000 0.000000 0.000000 1.000000
0.996849 0.052652 0.059321 0.000000 -0.030185 0.943444 -0.330156 14.289700 -0.073349 0.327325 0.942061 -0.000000 0.000000 0.000000 0.000000 1.000000
0.996838 0.052760 0.059419 0.000000 -0.030252 0.943433 -0.330181 14.289700 -0.073478 0.327339 0.942046 0.000000 0.000000 0.000000 0.000000 1.000000</float_array>
        <technique_common>
          <accessor source="#mixamorig_Spine1-Matrix-animation-output-transform-array" count="36" stride="16">
            <param type="float4x4"/>
          </accessor>
        </technique_common>
      </source>
      <source id="mixamorig_Spine1-Interpolations">
        <Name_array id="mixamorig_Spine1-Interpolations-array" count="36">
 LINEAR LINEAR LINEAR LINEAR LINEAR LINEAR LINEAR LINEAR LINEAR LINEAR LINEAR
LINEAR LINEAR LINEAR LINEAR LINEAR LINEAR LINEAR LINEAR LINEAR LINEAR LINEAR LINEAR
LINEAR LINEAR LINEAR LINEAR LINEAR LINEAR LINEAR LINEAR LINEAR LINEAR LINEAR LINEAR
LINEAR</Name_array>
        <technique_common>
          <accessor source="#mixamorig_Spine1-Interpolations-array" count="36">
            <param type="name"/>
          </accessor>
        </technique_common>
      </source>
      <sampler id="mixamorig_Spine1-Matrix-animation-transform">
        <input semantic="INPUT" source="#mixamorig_Spine1-Matrix-animation-input"/>
        <input semantic="OUTPUT" source="#mixamorig_Spine1-Matrix-animation-output-transform"/>
        <input semantic="INTERPOLATION" source="#mixamorig_Spine1-Interpolations"/>
      </sampler>
      <channel source="#mixamorig_Spine1-Matrix-animation-transform" target="mixamorig_Spine1/matrix"/>
    </animation>
    <animation id="mixamorig_Spine2-anim" name="mixamorig_Spine2">
      <source id="mixamorig_Spine2-Matrix-animation-input">
        <float_array id="mixamorig_Spine2-Matrix-animation-input-array" count="36">

0.000000 0.033333 0.066667 0.100000 0.133333 0.166667 0.200000 0.233333 0.266667 0.300000 0.333333 0.366667 0.400000 0.433333 0.466667 0.500000
0.533333 0.566667 0.600000 0.633333 0.666667 0.700000 0.733333 0.766667 0.800000 0.833333 0.866667 0.900000 0.933333 0.966667 1.000000 1.033333
1.066667 1.100000 1.133333 1.166667</float_array>
        <technique_common>
          <accessor source="#mixamorig_Spine2-Matrix-animation-input-array" count="36">
            <param name="TIME" type="float"/>
          </accessor>
        </technique_common>
      </source>
      <source id="mixamorig_Spine2-Matrix-animation-output-transform">
        <float_array id="mixamorig_Spine2-Matrix-animation-output-transform-array" count="576">

0.996838 0.052760 0.059419 0.000000 -0.030252 0.943433 -0.330181 16.330999 -0.073478 0.327340 0.942046 0.000000 0.000000 0.000000 0.000000 1.000000
0.996834 0.052805 0.059442 0.000000 -0.030294 0.943463 -0.330089 16.330999 -0.073511 0.327243 0.942076 0.000000 0.000000 0.000000 0.000000 1.000000
0.996838 0.052807 0.059378 0.000000 -0.030319 0.943473 -0.330059 16.330999 -0.073451 0.327215 0.942091 0.000000 0.000000 0.000000 0.000000 1.000000
0.996847 0.052815 0.059214 -0.000000 -0.030380 0.943470 -0.330064 16.330999 -0.073299 0.327224 0.942100 0.000000 0.000000 0.000000 0.000000 1.000000
0.996849 0.052846 0.059154 0.000000 -0.030434 0.943488 -0.330006 16.330999 -0.073250 0.327166 0.942124 0.000000 0.000000 0.000000 0.000000 1.000000
0.996824 0.052881 0.059539 0.000000 -0.030357 0.943563 -0.329799 16.330999 -0.073619 0.326945 0.942172 0.000000 0.000000 0.000000 0.000000 1.000000
0.996780 0.052905 0.060263 -0.000000 -0.030165 0.943672 -0.329505 16.330999 -0.074301 0.326626 0.942229 -0.000000 0.000000 0.000000 0.000000 1.000000
0.996775 0.052904 0.060333 -0.000000 -0.030170 0.943797 -0.329146 16.330999 -0.074355 0.326264 0.942350 0.000000 0.000000 0.000000 0.000000 1.000000
0.996873 0.052654 0.058926 -0.000000 -0.030478 0.944164 -0.328064 16.330999 -0.072910 0.325242 0.942816 -0.000000 0.000000 0.000000 0.000000 1.000000
0.997070 0.051249 0.056786 0.000000 -0.030090 0.945304 -0.324801 16.330999 -0.070326 0.322141 0.944076 0.000000 0.000000 0.000000 0.000000 1.000000
0.997364 0.047424 0.054916 0.000000 -0.027499 0.947434 -0.318767 16.330999 -0.067146 0.316417 0.946241 0.000000 0.000000 0.000000 0.000000 1.000000
0.997750 0.041361 0.052765 0.000000 -0.022869 0.949786 -0.312064 16.330999 -0.063023 0.310156 0.948595 0.000000 0.000000 0.000000 0.000000 1.000000
0.998129 0.035512 0.049782 0.000000 -0.018476 0.951184 -0.308072 16.330999 -0.058291 0.306575 0.950060 -0.000000 0.000000 0.000000 0.000000 1.000000
0.998366 0.032409 0.047055 -0.000000 -0.016351 0.951179 -0.308207 16.330999 -0.054746 0.306934 0.950155 0.000000 0.000000 0.000000 0.000000 1.000000
0.998424 0.032441 0.045792 0.000000 -0.016601 0.950201 -0.311196 16.330999 -0.053607 0.309946 0.949242 0.000000 0.000000 0.000000 0.000000 1.000000
0.998361 0.034387 0.045741 0.000000 -0.018265 0.948993 -0.314769 16.330999 -0.054232 0.313418 0.948066 0.000000 0.000000 0.000000 0.000000 1.000000
0.998249 0.037106 0.046067 0.000000 -0.020586 0.948024 -0.317532 16.330999 -0.055455 0.316028 0.947128 0.000000 0.000000 0.000000 0.000000 1.000000
0.998114 0.040186 0.046407 -0.000000 -0.023275 0.947245 -0.319666 16.330999 -0.056805 0.317983 0.946393 0.000000 0.000000 0.000000 0.000000 1.000000
0.997964 0.043420 0.046714 -0.000000 -0.026113 0.946435 -0.321838 16.330999 -0.058186 0.319963 0.945642 0.000000 0.000000 0.000000 0.000000 1.000000
0.997819 0.046299 0.047060 0.000000 -0.028602 0.945654 -0.323913 16.330999 -0.059499 0.321860 0.944916 0.000000 0.000000 0.000000 0.000000 1.000000
0.997691 0.048333 0.047706 -0.000000 -0.030231 0.945122 -0.325316 16.330999 -0.060811 0.323123 0.944401 0.000000 0.000000 0.000000 0.000000 1.000000
0.997576 0.049479 0.048919 -0.000000 -0.030877 0.944862 -0.326011 16.330999 -0.062352 0.323711 0.944099 0.000000 0.000000 0.000000 0.000000 1.000000
0.997463 0.050010 0.050659 -0.000000 -0.030782 0.944693 -0.326507 16.330999 -0.064186 0.324120 0.943836 -0.000000 0.000000 0.000000 0.000000 1.000000
0.997351 0.050245 0.052606 0.000000 -0.030323 0.944473 -0.327188 16.330999 -0.066124 0.324726 0.943494 0.000000 0.000000 0.000000 0.000000 1.000000
0.997250 0.050338 0.054399 0.000000 -0.029771 0.944220 -0.327967 16.330999 -0.067874 0.325445 0.943122 -0.000000 0.000000 0.000000 0.000000 1.000000
0.997172 0.050350 0.055790 0.000000 -0.029283 0.944025 -0.328572 16.330999 -0.069210 0.326010 0.942830 -0.000000 0.000000 0.000000 0.000000 1.000000
0.997119 0.050424 0.056672 0.000000 -0.029036 0.943898 -0.328958 16.330999 -0.070080 0.326365 0.942642 0.000000 0.000000 0.000000 0.000000 1.000000
0.997082 0.050667 0.057092 0.000000 -0.029104 0.943783 -0.329283 16.330999 -0.070566 0.326661 0.942504 0.000000 0.000000 0.000000 0.000000 1.000000
0.997052 0.050998 0.057325 0.000000 -0.029318 0.943667 -0.329597 16.330999 -0.070905 0.326944 0.942380 -0.000000 0.000000 0.000000 0.000000 1.000000
0.997013 0.051298 0.057732 0.000000 -0.029456 0.943607 -0.329754 16.330999 -0.071392 0.327068 0.942300 0.000000 0.000000 0.000000 0.000000 1.000000
0.996962 0.051585 0.058367 0.000000 -0.029523 0.943623 -0.329702 16.330999 -0.072084 0.326977 0.942279 -0.000000 0.000000 0.000000 0.000000 1.000000
0.996910 0.051895 0.058969 -0.000000 -0.029625 0.943647 -0.329625 16.330999 -0.072752 0.326859 0.942269 0.000000 0.000000 0.000000 0.000000 1.000000
0.996875 0.052191 0.059299 0.000000 -0.029789 0.943610 -0.329715 16.330999 -0.073163 0.326918 0.942216 -0.000000 0.000000 0.000000 0.000000 1.000000
0.996858 0.052452 0.059346 0.000000 -0.030002 0.943519 -0.329957 16.330999 -0.073301 0.327140 0.942129 0.000000 0.000000 0.000000 0.000000 1.000000
0.996849 0.052652 0.059321 0.000000 -0.030185 0.943444 -0.330156 16.330999 -0.073349 0.327325 0.942061 0.000000 0.000000 0.000000 0.000000 1.000000
0.996838 0.052760 0.059419 0.000000 -0.030252 0.943433 -0.330181 16.330999 -0.073478 0.327340 0.942046 0.000000 0.000000 0.000000 0.000000 1.000000</float_array>
        <technique_common>
          <accessor source="#mixamorig_Spine2-Matrix-animation-output-transform-array" count="36" stride="16">
            <param type="float4x4"/>
          </accessor>
        </technique_common>
      </source>
      <source id="mixamorig_Spine2-Interpolations">
        <Name_array id="mixamorig_Spine2-Interpolations-array" count="36">
 LINEAR LINEAR LINEAR LINEAR LINEAR LINEAR LINEAR LINEAR LINEAR LINEAR LINEAR
LINEAR LINEAR LINEAR LINEAR LINEAR LINEAR LINEAR LINEAR LINEAR LINEAR LINEAR LINEAR
LINEAR LINEAR LINEAR LINEAR LINEAR LINEAR LINEAR LINEAR LINEAR LINEAR LINEAR LINEAR
LINEAR</Name_array>
        <technique_common>
          <accessor source="#mixamorig_Spine2-Interpolations-array" count="36">
            <param type="name"/>
          </accessor>
        </technique_common>
      </source>
      <sampler id="mixamorig_Spine2-Matrix-animation-transform">
        <input semantic="INPUT" source="#mixamorig_Spine2-Matrix-animation-input"/>
        <input semantic="OUTPUT" source="#mixamorig_Spine2-Matrix-animation-output-transform"/>
        <input semantic="INTERPOLATION" source="#mixamorig_Spine2-Interpolations"/>
      </sampler>
      <channel source="#mixamorig_Spine2-Matrix-animation-transform" target="mixamorig_Spine2/matrix"/>
    </animation>
    <animation id="mixamorig_Neck-anim" name="mixamorig_Neck">
      <source id="mixamorig_Neck-Matrix-animation-input">
        <float_array id="mixamorig_Neck-Matrix-animation-input-array" count="36">

0.000000 0.033333 0.066667 0.100000 0.133333 0.166667 0.200000 0.233333 0.266667 0.300000 0.333333 0.366667 0.400000 0.433333 0.466667 0.500000
0.533333 0.566667 0.600000 0.633333 0.666667 0.700000 0.733333 0.766667 0.800000 0.833333 0.866667 0.900000 0.933333 0.966667 1.000000 1.033333
1.066667 1.100000 1.133333 1.166667</float_array>
        <technique_common>
          <accessor source="#mixamorig_Neck-Matrix-animation-input-array" count="36">
            <param name="TIME" type="float"/>
          </accessor>
        </technique_common>
      </source>
      <source id="mixamorig_Neck-Matrix-animation-output-transform">
        <float_array id="mixamorig_Neck-Matrix-animation-output-transform-array" count="576">

0.995494 -0.008318 0.094461 0.000000 -0.033683 0.900166 0.434242 18.372499 -0.088642 -0.435467 0.895830 0.000000 0.000000 0.000000 0.000000 1.000000
0.995485 -0.007717 0.094600 0.000000 -0.034264 0.900263 0.433996 18.372499 -0.088514 -0.435278 0.895934 0.000000 0.000000 0.000000 0.000000 1.000000
0.995437 -0.006539 0.095201 -0.000000 -0.035552 0.900412 0.433582 18.372499 -0.088555 -0.434988 0.896071 0.000000 0.000000 0.000000 0.000000 1.000000
0.995370 -0.005302 0.095976 -0.000000 -0.037011 0.900355 0.433580 18.372499 -0.088711 -0.435125 0.895989 0.000000 0.000000 0.000000 0.000000 1.000000
0.995336 -0.004602 0.096363 0.000000 -0.037875 0.900026 0.434188 18.372499 -0.088727 -0.435813 0.895653 0.000000 0.000000 0.000000 0.000000 1.000000
