<?xml version="1.0" encoding="utf-8"?>
<COLLADA xmlns="http://www.collada.org/2005/11/COLLADASchema" version="1.4.1">
  <asset>
    <contributor>
      <author>Mixamo</author>
      <authoring_tool>COLLADA Mixamo exporter</authoring_tool>
      <comments/>
    </contributor>
    <created>2024-05-15T12:37:01Z</created>
    <modified>2024-05-15T12:37:01Z</modified>
    <revision/>
    <title/>
    <unit meter="0.010000"/>
    <up_axis>Y_UP</up_axis>
  </asset>
  <library_animations>
    <animation id="Armature-anim" name="Armature">
      <source id="Armature-Matrix-animation-input">
        <float_array id="Armature-Matrix-animation-input-array" count="151">

0.000000 0.033333 0.066667 0.100000 0.133333 0.166667 0.200000 0.233333 0.266667 0.300000 0.333333 0.366667 0.400000 0.433333 0.466667 0.500000
0.533333 0.566667 0.600000 0.633333 0.666667 0.700000 0.733333 0.766667 0.800000 0.833333 0.866667 0.900000 0.933333 0.966667 1.000000 1.033333
1.066667 1.100000 1.133333 1.166667 1.200000 1.233333 1.266667 1.300000 1.333333 1.366667 1.400000 1.433333 1.466667 1.500000 1.533333 1.566667
1.600000 1.633333 1.666667 1.700000 1.733333 1.766667 1.800000 1.833333 1.866667 1.900000 1.933333 1.966667 2.000000 2.033333 2.066667 2.100000
2.133333 2.166667 2.200000 2.233333 2.266667 2.300000 2.333333 2.366667 2.400000 2.433333 2.466667 2.500000 2.533333 2.566667 2.600000 2.633333
2.666667 2.700000 2.733333 2.766667 2.800000 2.833333 2.866667 2.900000 2.933333 2.966667 3.000000 3.033333 3.066667 3.100000 3.133333 3.166667
3.200000 3.233333 3.266667 3.300000 3.333333 3.366667 3.400000 3.433333 3.466667 3.500000 3.533333 3.566667 3.600000 3.633333 3.666667 3.700000
3.733333 3.766667 3.800000 3.833333 3.866667 3.900000 3.933333 3.966667 4.000000 4.033333 4.066667 4.100000 4.133333 4.166667 4.200000 4.233333
4.266667 4.300000 4.333333 4.366667 4.400000 4.433333 4.466667 4.500000 4.533333 4.566667 4.600000 4.633333 4.666667 4.700000 4.733333 4.766667
4.800000 4.833333 4.866667 4.900000 4.933333 4.966667 5.000000</float_array>
        <technique_common>
          <accessor source="#Armature-Matrix-animation-input-array" count="151">
            <param name="TIME" type="float"/>
          </accessor>
        </technique_common>
      </source>
      <source id="Armature-Matrix-animation-output-transform">
        <float_array id="Armature-Matrix-animation-output-transform-array" count="2416">

1.000000 0.000000 0.000000 0.000000 0.000000 1.000000 0.000000 0.000000 0.000000 0.000000 1.000000 0.000000 0.000000 0.000000 0.000000 1.000000
1.000000 0.000000 0.000000 0.000000 0.000000 1.000000 0.000000 0.000000 0.000000 0.000000 1.000000 0.000000 0.000000 0.000000 0.000000 1.000000
1.000000 0.000000 0.000000 0.000000 0.000000 1.000000 0.000000 0.000000 0.000000 0.000000 1.000000 0.000000 0.000000 0.000000 0.000000 1.000000
1.000000 0.000000 0.000000 0.000000 0.000000 1.000000 0.000000 0.000000 0.000000 0.000000 1.000000 0.000000 0.000000 0.000000 0.000000 1.000000
1.000000 0.000000 0.000000 0.000000 0.000000 1.000000 0.000000 0.000000 0.000000 0.000000 1.000000 0.000000 0.000000 0.000000 0.000000 1.000000
1.000000 0.000000 0.000000 0.000000 0.000000 1.000000 0.000000 0.000000 0.000000 0.000000 1.000000 0.000000 0.000000 0.000000 0.000000 1.000000
1.000000 0.000000 0.000000 0.000000 0.000000 1.000000 0.000000 0.000000 0.000000 0.000000 1.000000 0.000000 0.000000 0.000000 0.000000 1.000000
1.000000 0.000000 0.000000 0.000000 0.000000 1.000000 0.000000 0.000000 0.000000 0.000000 1.000000 0.000000 0.000000 0.000000 0.000000 1.000000
1.000000 0.000000 0.000000 0.000000 0.000000 1.000000 0.000000 0.000000 0.000000 0.000000 1.000000 0.000000 0.000000 0.000000 0.000000 1.000000
1.000000 0.000000 0.000000 0.000000 0.000000 1.000000 0.000000 0.000000 0.000000 0.000000 1.000000 0.000000 0.000000 0.000000 0.000000 1.000000
1.000000 0.000000 0.000000 0.000000 0.000000 1.000000 0.000000 0.000000 0.000000 0.000000 1.000000 0.000000 0.000000 0.000000 0.000000 1.000000
1.000000 0.000000 0.000000 0.000000 0.000000 1.000000 0.000000 0.000000 0.000000 0.000000 1.000000 0.000000 0.000000 0.000000 0.000000 1.000000
1.000000 0.000000 0.000000 0.000000 0.000000 1.000000 0.000000 0.000000 0.000000 0.000000 1.000000 0.000000 0.000000 0.000000 0.000000 1.000000
1.000000 0.000000 0.000000 0.000000 0.000000 1.000000 0.000000 0.000000 0.000000 0.000000 1.000000 0.000000 0.000000 0.000000 0.000000 1.000000
1.000000 0.000000 0.000000 0.000000 0.000000 1.000000 0.000000 0.000000 0.000000 0.000000 1.000000 0.000000 0.000000 0.000000 0.000000 1.000000
1.000000 0.000000 0.000000 0.000000 0.000000 1.000000 0.000000 0.000000 0.000000 0.000000 1.000000 0.000000 0.000000 0.000000 0.000000 1.000000
1.000000 0.000000 0.000000 0.000000 0.000000 1.000000 0.000000 0.000000 0.000000 0.000000 1.000000 0.000000 0.000000 0.000000 0.000000 1.000000
1.000000 0.000000 0.000000 0.000000 0.000000 1.000000 0.000000 0.000000 0.000000 0.000000 1.000000 0.000000 0.000000 0.000000 0.000000 1.000000
1.000000 0.000000 0.000000 0.000000 0.000000 1.000000 0.000000 0.000000 0.000000 0.000000 1.000000 0.000000 0.000000 0.000000 0.000000 1.000000
1.000000 0.000000 0.000000 0.000000 0.000000 1.000000 0.000000 0.000000 0.000000 0.000000 1.000000 0.000000 0.000000 0.000000 0.000000 1.000000
1.000000 0.000000 0.000000 0.000000 0.000000 1.000000 0.000000 0.000000 0.000000 0.000000 1.000000 0.000000 0.000000 0.000000 0.000000 1.000000
1.000000 0.000000 0.000000 0.000000 0.000000 1.000000 0.000000 0.000000 0.000000 0.000000 1.000000 0.000000 0.000000 0.000000 0.000000 1.000000
1.000000 0.000000 0.000000 0.000000 0.000000 1.000000 0.000000 0.000000 0.000000 0.000000 1.000000 0.000000 0.000000 0.000000 0.000000 1.000000
1.000000 0.000000 0.000000 0.000000 0.000000 1.000000 0.000000 0.000000 0.000000 0.000000 1.000000 0.000000 0.000000 0.000000 0.000000 1.000000
1.000000 0.000000 0.000000 0.000000 0.000000 1.000000 0.000000 0.000000 0.000000 0.000000 1.000000 0.000000 0.000000 0.000000 0.000000 1.000000
1.000000 0.000000 0.000000 0.000000 0.000000 1.000000 0.000000 0.000000 0.000000 0.000000 1.000000 0.000000 0.000000 0.000000 0.000000 1.000000
1.000000 0.000000 0.000000 0.000000 0.000000 1.000000 0.000000 0.000000 0.000000 0.000000 1.000000 0.000000 0.000000 0.000000 0.000000 1.000000
1.000000 0.000000 0.000000 0.000000 0.000000 1.000000 0.000000 0.000000 0.000000 0.000000 1.000000 0.000000 0.000000 0.000000 0.000000 1.000000
1.000000 0.000000 0.000000 0.000000 0.000000 1.000000 0.000000 0.000000 0.000000 0.000000 1.000000 0.000000 0.000000 0.000000 0.000000 1.000000
1.000000 0.000000 0.000000 0.000000 0.000000 1.000000 0.000000 0.000000 0.000000 0.000000 1.000000 0.000000 0.000000 0.000000 0.000000 1.000000
1.000000 0.000000 0.000000 0.000000 0.000000 1.000000 0.000000 0.000000 0.000000 0.000000 1.000000 0.000000 0.000000 0.000000 0.000000 1.000000
1.000000 0.000000 0.000000 0.000000 0.000000 1.000000 0.000000 0.000000 0.000000 0.000000 1.000000 0.000000 0.000000 0.000000 0.000000 1.000000
1.000000 0.000000 0.000000 0.000000 0.000000 1.000000 0.000000 0.000000 0.000000 0.000000 1.000000 0.000000 0.000000 0.000000 0.000000 1.000000
1.000000 0.000000 0.000000 0.000000 0.000000 1.000000 0.000000 0.000000 0.000000 0.000000 1.000000 0.000000 0.000000 0.000000 0.000000 1.000000
1.000000 0.000000 0.000000 0.000000 0.000000 1.000000 0.000000 0.000000 0.000000 0.000000 1.000000 0.000000 0.000000 0.000000 0.000000 1.000000
1.000000 0.000000 0.000000 0.000000 0.000000 1.000000 0.000000 0.000000 0.000000 0.000000 1.000000 0.000000 0.000000 0.000000 0.000000 1.000000
1.000000 0.000000 0.000000 0.000000 0.000000 1.000000 0.000000 0.000000 0.000000 0.000000 1.000000 0.000000 0.000000 0.000000 0.000000 1.000000
1.000000 0.000000 0.000000 0.000000 0.000000 1.000000 0.000000 0.000000 0.000000 0.000000 1.000000 0.000000 0.000000 0.000000 0.000000 1.000000
1.000000 0.000000 0.000000 0.000000 0.000000 1.000000 0.000000 0.000000 0.000000 0.000000 1.000000 0.000000 0.000000 0.000000 0.000000 1.000000
1.000000 0.000000 0.000000 0.000000 0.000000 1.000000 0.000000 0.000000 0.000000 0.000000 1.000000 0.000000 0.000000 0.000000 0.000000 1.000000
1.000000 0.000000 0.000000 0.000000 0.000000 1.000000 0.000000 0.000000 0.000000 0.000000 1.000000 0.000000 0.000000 0.000000 0.000000 1.000000
1.000000 0.000000 0.000000 0.000000 0.000000 1.000000 0.000000 0.000000 0.000000 0.000000 1.000000 0.000000 0.000000 0.000000 0.000000 1.000000
1.000000 0.000000 0.000000 0.000000 0.000000 1.000000 0.000000 0.000000 0.000000 0.000000 1.000000 0.000000 0.000000 0.000000 0.000000 1.000000
1.000000 0.000000 0.000000 0.000000 0.000000 1.000000 0.000000 0.000000 0.000000 0.000000 1.000000 0.000000 0.000000 0.000000 0.000000 1.000000
1.000000 0.000000 0.000000 0.000000 0.000000 1.000000 0.000000 0.000000 0.000000 0.000000 1.000000 0.000000 0.000000 0.000000 0.000000 1.000000
1.000000 0.000000 0.000000 0.000000 0.000000 1.000000 0.000000 0.000000 0.000000 0.000000 1.000000 0.000000 0.000000 0.000000 0.000000 1.000000
1.000000 0.000000 0.000000 0.000000 0.000000 1.000000 0.000000 0.000000 0.000000 0.000000 1.000000 0.000000 0.000000 0.000000 0.000000 1.000000
1.000000 0.000000 0.000000 0.000000 0.000000 1.000000 0.000000 0.000000 0.000000 0.000000 1.000000 0.000000 0.000000 0.000000 0.000000 1.000000
1.000000 0.000000 0.000000 0.000000 0.000000 1.000000 0.000000 0.000000 0.000000 0.000000 1.000000 0.000000 0.000000 0.000000 0.000000 1.000000
1.000000 0.000000 0.000000 0.000000 0.000000 1.000000 0.000000 0.000000 0.000000 0.000000 1.000000 0.000000 0.000000 0.000000 0.000000 1.000000
1.000000 0.000000 0.000000 0.000000 0.000000 1.000000 0.000000 0.000000 0.000000 0.000000 1.000000 0.000000 0.000000 0.000000 0.000000 1.000000
1.000000 0.000000 0.000000 0.000000 0.000000 1.000000 0.000000 0.000000 0.000000 0.000000 1.000000 0.000000 0.000000 0.000000 0.000000 1.000000
1.000000 0.000000 0.000000 0.000000 0.000000 1.000000 0.000000 0.000000 0.000000 0.000000 1.000000 0.000000 0.000000 0.000000 0.000000 1.000000
1.000000 0.000000 0.000000 0.000000 0.000000 1.000000 0.000000 0.000000 0.000000 0.000000 1.000000 0.000000 0.000000 0.000000 0.000000 1.000000
1.000000 0.000000 0.000000 0.000000 0.000000 1.000000 0.000000 0.000000 0.000000 0.000000 1.000000 0.000000 0.000000 0.000000 0.000000 1.000000
1.000000 0.000000 0.000000 0.000000 0.000000 1.000000 0.000000 0.000000 0.000000 0.000000 1.000000 0.000000 0.000000 0.000000 0.000000 1.000000
1.000000 0.000000 0.000000 0.000000 0.000000 1.000000 0.000000 0.000000 0.000000 0.000000 1.000000 0.000000 0.000000 0.000000 0.000000 1.000000
1.000000 0.000000 0.000000 0.000000 0.000000 1.000000 0.000000 0.000000 0.000000 0.000000 1.000000 0.000000 0.000000 0.000000 0.000000 1.000000
1.000000 0.000000 0.000000 0.000000 0.000000 1.000000 0.000000 0.000000 0.000000 0.000000 1.000000 0.000000 0.000000 0.000000 0.000000 1.000000
1.000000 0.000000 0.000000 0.000000 0.000000 1.000000 0.000000 0.000000 0.000000 0.000000 1.000000 0.000000 0.000000 0.000000 0.000000 1.000000
1.000000 0.000000 0.000000 0.000000 0.000000 1.000000 0.000000 0.000000 0.000000 0.000000 1.000000 0.000000 0.000000 0.000000 0.000000 1.000000
1.000000 0.000000 0.000000 0.000000 0.000000 1.000000 0.000000 0.000000 0.000000 0.000000 1.000000 0.000000 0.000000 0.000000 0.000000 1.000000
1.000000 0.000000 0.000000 0.000000 0.000000 1.000000 0.000000 0.000000 0.000000 0.000000 1.000000 0.000000 0.000000 0.000000 0.000000 1.000000
1.000000 0.000000 0.000000 0.000000 0.000000 1.000000 0.000000 0.000000 0.000000 0.000000 1.000000 0.000000 0.000000 0.000000 0.000000 1.000000
1.000000 0.000000 0.000000 0.000000 0.000000 1.000000 0.000000 0.000000 0.000000 0.000000 1.000000 0.000000 0.000000 0.000000 0.000000 1.000000
1.000000 0.000000 0.000000 0.000000 0.000000 1.000000 0.000000 0.000000 0.000000 0.000000 1.000000 0.000000 0.000000 0.000000 0.000000 1.000000
1.000000 0.000000 0.000000 0.000000 0.000000 1.000000 0.000000 0.000000 0.000000 0.000000 1.000000 0.000000 0.000000 0.000000 0.000000 1.000000
1.000000 0.000000 0.000000 0.000000 0.000000 1.000000 0.000000 0.000000 0.000000 0.000000 1.000000 0.000000 0.000000 0.000000 0.000000 1.000000
1.000000 0.000000 0.000000 0.000000 0.000000 1.000000 0.000000 0.000000 0.000000 0.000000 1.000000 0.000000 0.000000 0.000000 0.000000 1.000000
1.000000 0.000000 0.000000 0.000000 0.000000 1.000000 0.000000 0.000000 0.000000 0.000000 1.000000 0.000000 0.000000 0.000000 0.000000 1.000000
1.000000 0.000000 0.000000 0.000000 0.000000 1.000000 0.000000 0.000000 0.000000 0.000000 1.000000 0.000000 0.000000 0.000000 0.000000 1.000000
1.000000 0.000000 0.000000 0.000000 0.000000 1.000000 0.000000 0.000000 0.000000 0.000000 1.000000 0.000000 0.000000 0.000000 0.000000 1.000000
1.000000 0.000000 0.000000 0.000000 0.000000 1.000000 0.000000 0.000000 0.000000 0.000000 1.000000 0.000000 0.000000 0.000000 0.000000 1.000000
1.000000 0.000000 0.000000 0.000000 0.000000 1.000000 0.000000 0.000000 0.000000 0.000000 1.000000 0.000000 0.000000 0.000000 0.000000 1.000000
1.000000 0.000000 0.000000 0.000000 0.000000 1.000000 0.000000 0.000000 0.000000 0.000000 1.000000 0.000000 0.000000 0.000000 0.000000 1.000000
1.000000 0.000000 0.000000 0.000000 0.000000 1.000000 0.000000 0.000000 0.000000 0.000000 1.000000 0.000000 0.000000 0.000000 0.000000 1.000000
1.000000 0.000000 0.000000 0.000000 0.000000 1.000000 0.000000 0.000000 0.000000 0.000000 1.000000 0.000000 0.000000 0.000000 0.000000 1.000000
1.000000 0.000000 0.000000 0.000000 0.000000 1.000000 0.000000 0.000000 0.000000 0.000000 1.000000 0.000000 0.000000 0.000000 0.000000 1.000000
1.000000 0.000000 0.000000 0.000000 0.000000 1.000000 0.000000 0.000000 0.000000 0.000000 1.000000 0.000000 0.000000 0.000000 0.000000 1.000000
1.000000 0.000000 0.000000 0.000000 0.000000 1.000000 0.000000 0.000000 0.000000 0.000000 1.000000 0.000000 0.000000 0.000000 0.000000 1.000000
1.000000 0.000000 0.000000 0.000000 0.000000 1.000000 0.000000 0.000000 0.000000 0.000000 1.000000 0.000000 0.000000 0.000000 0.000000 1.000000
1.000000 0.000000 0.000000 0.000000 0.000000 1.000000 0.000000 0.000000 0.000000 0.000000 1.000000 0.000000 0.000000 0.000000 0.000000 1.000000
1.000000 0.000000 0.000000 0.000000 0.000000 1.000000 0.000000 0.000000 0.000000 0.000000 1.000000 0.000000 0.000000 0.000000 0.000000 1.000000
1.000000 0.000000 0.000000 0.000000 0.000000 1.000000 0.000000 0.000000 0.000000 0.000000 1.000000 0.000000 0.000000 0.000000 0.000000 1.000000
1.000000 0.000000 0.000000 0.000000 0.000000 1.000000 0.000000 0.000000 0.000000 0.000000 1.000000 0.000000 0.000000 0.000000 0.000000 1.000000
1.000000 0.000000 0.000000 0.000000 0.000000 1.000000 0.000000 0.000000 0.000000 0.000000 1.000000 0.000000 0.000000 0.000000 0.000000 1.000000
1.000000 0.000000 0.000000 0.000000 0.000000 1.000000 0.000000 0.000000 0.000000 0.000000 1.000000 0.000000 0.000000 0.000000 0.000000 1.000000
1.000000 0.000000 0.000000 0.000000 0.000000 1.000000 0.000000 0.000000 0.000000 0.000000 1.000000 0.000000 0.000000 0.000000 0.000000 1.000000
1.000000 0.000000 0.000000 0.000000 0.000000 1.000000 0.000000 0.000000 0.000000 0.000000 1.000000 0.000000 0.000000 0.000000 0.000000 1.000000
1.000000 0.000000 0.000000 0.000000 0.000000 1.000000 0.000000 0.000000 0.000000 0.000000 1.000000 0.000000 0.000000 0.000000 0.000000 1.000000
1.000000 0.000000 0.000000 0.000000 0.000000 1.000000 0.000000 0.000000 0.000000 0.000000 1.000000 0.000000 0.000000 0.000000 0.000000 1.000000
1.000000 0.000000 0.000000 0.000000 0.000000 1.000000 0.000000 0.000000 0.000000 0.000000 1.000000 0.000000 0.000000 0.000000 0.000000 1.000000
1.000000 0.000000 0.000000 0.000000 0.000000 1.000000 0.000000 0.000000 0.000000 0.000000 1.000000 0.000000 0.000000 0.000000 0.000000 1.000000
1.000000 0.000000 0.000000 0.000000 0.000000 1.000000 0.000000 0.000000 0.000000 0.000000 1.000000 0.000000 0.000000 0.000000 0.000000 1.000000
1.000000 0.000000 0.000000 0.000000 0.000000 1.000000 0.000000 0.000000 0.000000 0.000000 1.000000 0.000000 0.000000 0.000000 0.000000 1.000000
1.000000 0.000000 0.000000 0.000000 0.000000 1.000000 0.000000 0.000000 0.000000 0.000000 1.000000 0.000000 0.000000 0.000000 0.000000 1.000000
1.000000 0.000000 0.000000 0.000000 0.000000 1.000000 0.000000 0.000000 0.000000 0.000000 1.000000 0.000000 0.000000 0.000000 0.000000 1.000000
1.000000 0.000000 0.000000 0.000000 0.000000 1.000000 0.000000 0.000000 0.000000 0.000000 1.000000 0.000000 0.000000 0.000000 0.000000 1.000000
1.000000 0.000000 0.000000 0.000000 0.000000 1.000000 0.000000 0.000000 0.000000 0.000000 1.000000 0.000000 0.000000 0.000000 0.000000 1.000000
1.000000 0.000000 0.000000 0.000000 0.000000 1.000000 0.000000 0.000000 0.000000 0.000000 1.000000 0.000000 0.000000 0.000000 0.000000 1.000000
1.000000 0.000000 0.000000 0.000000 0.000000 1.000000 0.000000 0.000000 0.000000 0.000000 1.000000 0.000000 0.000000 0.000000 0.000000 1.000000
1.000000 0.000000 0.000000 0.000000 0.000000 1.000000 0.000000 0.000000 0.000000 0.000000 1.000000 0.000000 0.000000 0.000000 0.000000 1.000000
1.000000 0.000000 0.000000 0.000000 0.000000 1.000000 0.000000 0.000000 0.000000 0.000000 1.000000 0.000000 0.000000 0.000000 0.000000 1.000000
1.000000 0.000000 0.000000 0.000000 0.000000 1.000000 0.000000 0.000000 0.000000 0.000000 1.000000 0.000000 0.000000 0.000000 0.000000 1.000000
1.000000 0.000000 0.000000 0.000000 0.000000 1.000000 0.000000 0.000000 0.000000 0.000000 1.000000 0.000000 0.000000 0.000000 0.000000 1.000000
1.000000 0.000000 0.000000 0.000000 0.000000 1.000000 0.000000 0.000000 0.000000 0.000000 1.000000 0.000000 0.000000 0.000000 0.000000 1.000000
1.000000 0.000000 0.000000 0.000000 0.000000 1.000000 0.000000 0.000000 0.000000 0.000000 1.000000 0.000000 0.000000 0.000000 0.000000 1.000000
1.000000 0.000000 0.000000 0.000000 0.000000 1.000000 0.000000 0.000000 0.000000 0.000000 1.000000 0.000000 0.000000 0.000000 0.000000 1.000000
1.000000 0.000000 0.000000 0.000000 0.000000 1.000000 0.000000 0.000000 0.000000 0.000000 1.000000 0.000000 0.000000 0.000000 0.000000 1.000000
1.000000 0.000000 0.000000 0.000000 0.000000 1.000000 0.000000 0.000000 0.000000 0.000000 1.000000 0.000000 0.000000 0.000000 0.000000 1.000000
1.000000 0.000000 0.000000 0.000000 0.000000 1.000000 0.000000 0.000000 0.000000 0.000000 1.000000 0.000000 0.000000 0.000000 0.000000 1.000000
1.000000 0.000000 0.000000 0.000000 0.000000 1.000000 0.000000 0.000000 0.000000 0.000000 1.000000 0.000000 0.000000 0.000000 0.000000 1.000000
1.000000 0.000000 0.000000 0.000000 0.000000 1.000000 0.000000 0.000000 0.000000 0.000000 1.000000 0.000000 0.000000 0.000000 0.000000 1.000000
1.000000 0.000000 0.000000 0.000000 0.000000 1.000000 0.000000 0.000000 0.000000 0.000000 1.000000 0.000000 0.000000 0.000000 0.000000 1.000000
1.000000 0.000000 0.000000 0.000000 0.000000 1.000000 0.000000 0.000000 0.000000 0.000000 1.000000 0.000000 0.000000 0.000000 0.000000 1.000000
1.000000 0.000000 0.000000 0.000000 0.000000 1.000000 0.000000 0.000000 0.000000 0.000000 1.000000 0.000000 0.000000 0.000000 0.000000 1.000000
1.000000 0.000000 0.000000 0.000000 0.000000 1.000000 0.000000 0.000000 0.000000 0.000000 1.000000 0.000000 0.000000 0.000000 0.000000 1.000000
1.000000 0.000000 0.000000 0.000000 0.000000 1.000000 0.000000 0.000000 0.000000 0.000000 1.000000 0.000000 0.000000 0.000000 0.000000 1.000000
1.000000 0.000000 0.000000 0.000000 0.000000 1.000000 0.000000 0.000000 0.000000 0.000000 1.000000 0.000000 0.000000 0.000000 0.000000 1.000000
1.000000 0.000000 0.000000 0.000000 0.000000 1.000000 0.000000 0.000000 0.000000 0.000000 1.000000 0.000000 0.000000 0.000000 0.000000 1.000000
1.000000 0.000000 0.000000 0.000000 0.000000 1.000000 0.000000 0.000000 0.000000 0.000000 1.000000 0.000000 0.000000 0.000000 0.000000 1.000000
1.000000 0.000000 0.000000 0.000000 0.000000 1.000000 0.000000 0.000000 0.000000 0.000000 1.000000 0.000000 0.000000 0.000000 0.000000 1.000000
1.000000 0.000000 0.000000 0.000000 0.000000 1.000000 0.000000 0.000000 0.000000 0.000000 1.000000 0.000000 0.000000 0.000000 0.000000 1.000000
1.000000 0.000000 0.000000 0.000000 0.000000 1.000000 0.000000 0.000000 0.000000 0.000000 1.000000 0.000000 0.000000 0.000000 0.000000 1.000000
1.000000 0.000000 0.000000 0.000000 0.000000 1.000000 0.000000 0.000000 0.000000 0.000000 1.000000 0.000000 0.000000 0.000000 0.000000 1.000000
1.000000 0.000000 0.000000 0.000000 0.000000 1.000000 0.000000 0.000000 0.000000 0.000000 1.000000 0.000000 0.000000 0.000000 0.000000 1.000000
1.000000 0.000000 0.000000 0.000000 0.000000 1.000000 0.000000 0.000000 0.000000 0.000000 1.000000 0.000000 0.000000 0.000000 0.000000 1.000000
1.000000 0.000000 0.000000 0.000000 0.000000 1.000000 0.000000 0.000000 0.000000 0.000000 1.000000 0.000000 0.000000 0.000000 0.000000 1.000000
1.000000 0.000000 0.000000 0.000000 0.000000 1.000000 0.000000 0.000000 0.000000 0.000000 1.000000 0.000000 0.000000 0.000000 0.000000 1.000000
1.000000 0.000000 0.000000 0.000000 0.000000 1.000000 0.000000 0.000000 0.000000 0.000000 1.000000 0.000000 0.000000 0.000000 0.000000 1.000000
1.000000 0.000000 0.000000 0.000000 0.000000 1.000000 0.000000 0.000000 0.000000 0.000000 1.000000 0.000000 0.000000 0.000000 0.000000 1.000000
1.000000 0.000000 0.000000 0.000000 0.000000 1.000000 0.000000 0.000000 0.000000 0.000000 1.000000 0.000000 0.000000 0.000000 0.000000 1.000000
1.000000 0.000000 0.000000 0.000000 0.000000 1.000000 0.000000 0.000000 0.000000 0.000000 1.000000 0.000000 0.000000 0.000000 0.000000 1.000000
1.000000 0.000000 0.000000 0.000000 0.000000 1.000000 0.000000 0.000000 0.000000 0.000000 1.000000 0.000000 0.000000 0.000000 0.000000 1.000000
1.000000 0.000000 0.000000 0.000000 0.000000 1.000000 0.000000 0.000000 0.000000 0.000000 1.000000 0.000000 0.000000 0.000000 0.000000 1.000000
1.000000 0.000000 0.000000 0.000000 0.000000 1.000000 0.000000 0.000000 0.000000 0.000000 1.000000 0.000000 0.000000 0.000000 0.000000 1.000000
1.000000 0.000000 0.000000 0.000000 0.000000 1.000000 0.000000 0.000000 0.000000 0.000000 1.000000 0.000000 0.000000 0.000000 0.000000 1.000000
1.000000 0.000000 0.000000 0.000000 0.000000 1.000000 0.000000 0.000000 0.000000 0.000000 1.000000 0.000000 0.000000 0.000000 0.000000 1.000000
1.000000 0.000000 0.000000 0.000000 0.000000 1.000000 0.000000 0.000000 0.000000 0.000000 1.000000 0.000000 0.000000 0.000000 0.000000 1.000000
1.000000 0.000000 0.000000 0.000000 0.000000 1.000000 0.000000 0.000000 0.000000 0.000000 1.000000 0.000000 0.000000 0.000000 0.000000 1.000000
1.000000 0.000000 0.000000 0.000000 0.000000 1.000000 0.000000 0.000000 0.000000 0.000000 1.000000 0.000000 0.000000 0.000000 0.000000 1.000000
1.000000 0.000000 0.000000 0.000000 0.000000 1.000000 0.000000 0.000000 0.000000 0.000000 1.000000 0.000000 0.000000 0.000000 0.000000 1.000000
1.000000 0.000000 0.000000 0.000000 0.000000 1.000000 0.000000 0.000000 0.000000 0.000000 1.000000 0.000000 0.000000 0.000000 0.000000 1.000000
1.000000 0.000000 0.000000 0.000000 0.000000 1.000000 0.000000 0.000000 0.000000 0.000000 1.000000 0.000000 0.000000 0.000000 0.000000 1.000000
1.000000 0.000000 0.000000 0.000000 0.000000 1.000000 0.000000 0.000000 0.000000 0.000000 1.000000 0.000000 0.000000 0.000000 0.000000 1.000000
1.000000 0.000000 0.000000 0.000000 0.000000 1.000000 0.000000 0.000000 0.000000 0.000000 1.000000 0.000000 0.000000 0.000000 0.000000 1.000000
1.000000 0.000000 0.000000 0.000000 0.000000 1.000000 0.000000 0.000000 0.000000 0.000000 1.000000 0.000000 0.000000 0.000000 0.000000 1.000000
1.000000 0.000000 0.000000 0.000000 0.000000 1.000000 0.000000 0.000000 0.000000 0.000000 1.000000 0.000000 0.000000 0.000000 0.000000 1.000000
1.000000 0.000000 0.000000 0.000000 0.000000 1.000000 0.000000 0.000000 0.000000 0.000000 1.000000 0.000000 0.000000 0.000000 0.000000 1.000000
1.000000 0.000000 0.000000 0.000000 0.000000 1.000000 0.000000 0.000000 0.000000 0.000000 1.000000 0.000000 0.000000 0.000000 0.000000 1.000000
1.000000 0.000000 0.000000 0.000000 0.000000 1.000000 0.000000 0.000000 0.000000 0.000000 1.000000 0.000000 0.000000 0.000000 0.000000 1.000000</float_array>
        <technique_common>
          <accessor source="#Armature-Matrix-animation-output-transform-array" count="151" stride="16">
            <param type="float4x4"/>
          </accessor>
        </technique_common>
      </source>
      <source id="Armature-Interpolations">
        <Name_array id="Armature-Interpolations-array" count="151">
 LINEAR LINEAR LINEAR LINEAR LINEAR LINEAR LINEAR LINEAR LINEAR LINEAR LINEAR
LINEAR LINEAR LINEAR LINEAR LINEAR LINEAR LINEAR LINEAR LINEAR LINEAR LINEAR LINEAR
LINEAR LINEAR LINEAR LINEAR LINEAR LINEAR LINEAR LINEAR LINEAR LINEAR LINEAR LINEAR
LINEAR LINEAR LINEAR LINEAR LINEAR LINEAR LINEAR LINEAR LINEAR LINEAR LINEAR LINEAR
LINEAR LINEAR LINEAR LINEAR LINEAR LINEAR LINEAR LINEAR LINEAR LINEAR LINEAR LINEAR
LINEAR LINEAR LINEAR LINEAR LINEAR LINEAR LINEAR LINEAR LINEAR LINEAR LINEAR LINEAR
LINEAR LINEAR LINEAR LINEAR LINEAR LINEAR LINEAR LINEAR LINEAR LINEAR LINEAR LINEAR
LINEAR LINEAR LINEAR LINEAR LINEAR LINEAR LINEAR LINEAR LINEAR LINEAR LINEAR LINEAR
LINEAR LINEAR LINEAR LINEAR LINEAR LINEAR LINEAR LINEAR LINEAR LINEAR LINEAR LINEAR
LINEAR LINEAR LINEAR LINEAR LINEAR LINEAR LINEAR LINEAR LINEAR LINEAR LINEAR LINEAR
LINEAR LINEAR LINEAR LINEAR LINEAR LINEAR LINEAR LINEAR LINEAR LINEAR LINEAR LINEAR
LINEAR LINEAR LINEAR LINEAR LINEAR LINEAR LINEAR LINEAR LINEAR LINEAR LINEAR LINEAR
LINEAR LINEAR LINEAR LINEAR LINEAR LINEAR LINEAR LINEAR</Name_array>
        <technique_common>
          <accessor source="#Armature-Interpolations-array" count="151">
            <param type="name"/>
          </accessor>
        </technique_common>
      </source>
      <sampler id="Armature-Matrix-animation-transform">
        <input semantic="INPUT" source="#Armature-Matrix-animation-input"/>
        <input semantic="OUTPUT" source="#Armature-Matrix-animation-output-transform"/>
        <input semantic="INTERPOLATION" source="#Armature-Interpolations"/>
      </sampler>
      <channel source="#Armature-Matrix-animation-transform" target="Armature/matrix"/>
    </animation>
    <animation id="mixamorig_Hips-anim" name="mixamorig_Hips">
      <source id="mixamorig_Hips-Matrix-animation-input">
        <float_array id="mixamorig_Hips-Matrix-animation-input-array" count="151">

0.000000 0.033333 0.066667 0.100000 0.133333 0.166667 0.200000 0.233333 0.266667 0.300000 0.333333 0.366667 0.400000 0.433333 0.466667 0.500000
0.533333 0.566667 0.600000 0.633333 0.666667 0.700000 0.733333 0.766667 0.800000 0.833333 0.866667 0.900000 0.933333 0.966667 1.000000 1.033333
1.066667 1.100000 1.133333 1.166667 1.200000 1.233333 1.266667 1.300000 1.333333 1.366667 1.400000 1.433333 1.466667 1.500000 1.533333 1.566667
1.600000 1.633333 1.666667 1.700000 1.733333 1.766667 1.800000 1.833333 1.866667 1.900000 1.933333 1.966667 2.000000 2.033333 2.066667 2.100000
2.133333 2.166667 2.200000 2.233333 2.266667 2.300000 2.333333 2.366667 2.400000 2.433333 2.466667 2.500000 2.533333 2.566667 2.600000 2.633333
2.666667 2.700000 2.733333 2.766667 2.800000 2.833333 2.866667 2.900000 2.933333 2.966667 3.000000 3.033333 3.066667 3.100000 3.133333 3.166667
3.200000 3.233333 3.266667 3.300000 3.333333 3.366667 3.400000 3.433333 3.466667 3.500000 3.533333 3.566667 3.600000 3.633333 3.666667 3.700000
3.733333 3.766667 3.800000 3.833333 3.866667 3.900000 3.933333 3.966667 4.000000 4.033333 4.066667 4.100000 4.133333 4.166667 4.200000 4.233333
4.266667 4.300000 4.333333 4.366667 4.400000 4.433333 4.466667 4.500000 4.533333 4.566667 4.600000 4.633333 4.666667 4.700000 4.733333 4.766667
4.800000 4.833333 4.866667 4.900000 4.933333 4.966667 5.000000</float_array>
        <technique_common>
          <accessor source="#mixamorig_Hips-Matrix-animation-input-array" count="151">
            <param name="TIME" type="float"/>
          </accessor>
        </technique_common>
      </source>
      <source id="mixamorig_Hips-Matrix-animation-output-transform">
        <float_array id="mixamorig_Hips-Matrix-animation-output-transform-array" count="2416">

-0.034014 0.040368 -0.998606 1.491124 -0.021426 0.998925 0.041111 99.480042 0.999192 0.022795 -0.033113 -0.033992 0.000000 0.000000 0.000000 1.000000
-0.035076 0.040545 -0.998562 1.489263 -0.021502 0.998915 0.041314 99.476761 0.999153 0.022920 -0.034166 -0.049430 0.000000 0.000000 0.000000 1.000000
-0.035502 0.041029 -0.998527 1.491722 -0.022118 0.998880 0.041830 99.471817 0.999125 0.023571 -0.034555 -0.079082 0.000000 0.000000 0.000000 1.000000
-0.035618 0.042267 -0.998471 1.501772 -0.022529 0.998817 0.043086 99.466942 0.999112 0.024029 -0.034623 -0.094946 0.000000 0.000000 0.000000 1.000000
-0.035254 0.044624 -0.998382 1.545921 -0.022657 0.998710 0.045439 99.458961 0.999122 0.024222 -0.034197 -0.092434 0.000000 0.000000 0.000000 1.000000
-0.033900 0.048066 -0.998269 1.667621 -0.023608 0.998526 0.048880 99.442444 0.999146 0.025224 -0.032715 -0.089882 0.000000 0.000000 0.000000 1.000000
-0.031720 0.051899 -0.998148 1.880306 -0.026340 0.998261 0.052742 99.414474 0.999150 0.027964 -0.030298 -0.099317 0.000000 0.000000 0.000000 1.000000
-0.030542 0.055145 -0.998011 2.147233 -0.029683 0.997987 0.056052 99.372810 0.999093 0.031336 -0.028844 -0.096519 0.000000 0.000000 0.000000 1.000000
-0.033042 0.057550 -0.997796 2.411579 -0.031385 0.997789 0.058589 99.319443 0.998961 0.033252 -0.031162 -0.028487 0.000000 0.000000 0.000000 1.000000
-0.040230 0.060151 -0.997378 2.635285 -0.030548 0.997646 0.061399 99.240448 0.998723 0.032938 -0.038298 0.124944 0.000000 0.000000 0.000000 1.000000
-0.050543 0.064499 -0.996637 2.799575 -0.027934 0.997431 0.065967 99.121101 0.998331 0.031174 -0.048612 0.322994 0.000000 0.000000 0.000000 1.000000
-0.062102 0.071241 -0.995524 2.893775 -0.024464 0.997041 0.072876 98.961304 0.997770 0.028880 -0.060176 0.507719 0.000000 0.000000 0.000000 1.000000
-0.073700 0.079716 -0.994089 2.908004 -0.020497 0.996469 0.081427 98.766045 0.997070 0.026377 -0.071805 0.646551 0.000000 0.000000 0.000000 1.000000
-0.083483 0.089121 -0.992516 2.847004 -0.015776 0.995750 0.090738 98.528008 0.996384 0.023233 -0.081722 0.723368 0.000000 0.000000 0.000000 1.000000
-0.089371 0.099505 -0.991015 2.718246 -0.010405 0.994849 0.100829 98.234741 0.995944 0.019323 -0.087875 0.732006 0.000000 0.000000 0.000000 1.000000
-0.091099 0.110868 -0.989651 2.529408 -0.005391 0.993714 0.111819 97.891792 0.995827 0.015522 -0.089929 0.677008 0.000000 0.000000 0.000000 1.000000
-0.090615 0.121814 -0.988408 2.295094 -0.001856 0.992469 0.122485 97.513657 0.995884 0.012934 -0.089707 0.573645 0.000000 0.000000 0.000000 1.000000
-0.090791 0.130944 -0.987224 2.037543 0.000055 0.991319 0.131482 97.100395 0.995870 0.011883 -0.090010 0.446268 0.000000 0.000000 0.000000 1.000000
-0.093627 0.139620 -0.985769 1.784104 0.000811 0.990129 0.140160 96.610695 0.995607 0.012323 -0.092816 0.312966 0.000000 0.000000 0.000000 1.000000
-0.098768 0.151416 -0.983523 1.564144 0.000590 0.988365 0.152102 95.975578 0.995110 0.014443 -0.097708 0.186957 0.000000 0.000000 0.000000 1.000000
-0.103602 0.167991 -0.980329 1.401992 -0.000029 0.985633 0.168903 95.192978 0.994619 0.017527 -0.102108 0.088454 0.000000 0.000000 0.000000 1.000000
-0.104804 0.185906 -0.976962 1.291846 -0.000617 0.982360 0.187000 94.414162 0.994493 0.020201 -0.102840 0.009485 0.000000 0.000000 0.000000 1.000000
-0.099765 0.198788 -0.974951 1.190810 -0.001975 0.979798 0.199979 93.871964 0.995009 0.021876 -0.097357 -0.100850 0.000000 0.000000 0.000000 1.000000
-0.086835 0.203563 -0.975203 1.052607 -0.005629 0.978785 0.204812 93.655334 0.996207 0.023275 -0.083847 -0.289101 0.000000 0.000000 0.000000 1.000000
-0.065576 0.202140 -0.977159 0.862061 -0.011401 0.979051 0.203296 93.694687 0.997782 0.024472 -0.061898 -0.537028 0.000000 0.000000 0.000000 1.000000
-0.037643 0.195502 -0.979981 0.641671 -0.016820 0.980413 0.196235 94.004570 0.999150 0.023871 -0.033617 -0.781196 0.000000 0.000000 0.000000 1.000000
-0.007346 0.180958 -0.983463 0.419595 -0.019397 0.983279 0.181069 94.743004 0.999785 0.020406 -0.003713 -0.976563 0.000000 0.000000 0.000000 1.000000
0.019395 0.156937 -0.987418 0.227778 -0.018322 0.987494 0.156589 95.930786 0.999644 0.015054 0.022028 -1.124710 0.000000 0.000000 0.000000 1.000000
0.038022 0.127934 -0.991054 0.112542 -0.015034 0.991732 0.127445 97.286781 0.999164 0.010053 0.039631 -1.254416 0.000000 0.000000 0.000000 1.000000
0.047825 0.103351 -0.993495 0.137552 -0.010873 0.994628 0.102945 98.414589 0.998797 0.005879 0.048692 -1.366261 0.000000 0.000000 0.000000 1.000000
0.052140 0.089995 -0.994576 0.313127 -0.006088 0.995941 0.089800 99.085106 0.998621 0.001373 0.052476 -1.454696 0.000000 0.000000 0.000000 1.000000
0.057101 0.086520 -0.994612 0.578383 -0.000169 0.996239 0.086652 99.323807 0.998368 -0.004780 0.056901 -1.544381 0.000000 0.000000 0.000000 1.000000
0.069926 0.088094 -0.993655 0.854681 0.005091 0.996049 0.088665 99.298058 0.997539 -0.011258 0.069201 -1.671138 0.000000 0.000000 0.000000 1.000000
0.094565 0.092997 -0.991165 1.097938 0.005896 0.995557 0.093972 99.138809 0.995501 -0.014730 0.093597 -1.856930 0.000000 0.000000 0.000000 1.000000
0.127180 0.101333 -0.986690 1.286631 0.000097 0.994766 0.102175 98.932014 0.991880 -0.013090 0.126504 -2.061005 0.000000 0.000000 0.000000 1.000000
0.158198 0.111966 -0.981039 1.416921 -0.009651 0.993678 0.111852 98.733688 0.987360 -0.008227 0.158279 -2.222611 0.000000 0.000000 0.000000 1.000000
0.180594 0.123155 -0.975817 1.518816 -0.019340 0.992383 0.121666 98.593079 0.983368 -0.003099 0.181600 -2.307333 0.000000 0.000000 0.000000 1.000000
0.193264 0.133140 -0.972071 1.648257 -0.027054 0.991097 0.130367 98.494415 0.980774 0.001104 0.195145 -2.312747 0.000000 0.000000 0.000000 1.000000
0.198661 0.140466 -0.969950 1.856067 -0.033874 0.990069 0.136442 98.391304 0.979483 0.005750 0.201447 -2.220382 0.000000 0.000000 0.000000 1.000000
0.201620 0.144651 -0.968724 2.151751 -0.042375 0.989397 0.138918 98.259781 0.978547 0.013041 0.205611 -2.003270 0.000000 0.000000 0.000000 1.000000
0.207732 0.146293 -0.967184 2.499701 -0.053722 0.988967 0.138049 98.118744 0.976709 0.023282 0.213300 -1.675790 0.000000 0.000000 0.000000 1.000000
0.219393 0.146927 -0.964510 2.851448 -0.066546 0.988547 0.135452 98.015968 0.973364 0.034467 0.226658 -1.285602 0.000000 0.000000 0.000000 1.000000
0.234084 0.148170 -0.960859 3.185968 -0.078720 0.987962 0.133172 97.993332 0.969024 0.044465 0.242930 -0.888036 0.000000 0.000000 0.000000 1.000000
0.247278 0.150315 -0.957214 3.520878 -0.089630 0.987206 0.131871 98.062180 0.964790 0.053186 0.257587 -0.510018 0.000000 0.000000 0.000000 1.000000
0.256354 0.151888 -0.954575 3.888919 -0.099403 0.986483 0.130270 98.187210 0.961458 0.061493 0.267987 -0.155364 0.000000 0.000000 0.000000 1.000000
0.261789 0.151290 -0.953193 4.306397 -0.108187 0.986013 0.126786 98.332153 0.959042 0.069932 0.274495 0.168887 0.000000 0.000000 0.000000 1.000000
0.266532 0.148349 -0.952341 4.757959 -0.116147 0.985827 0.121060 98.448532 0.956802 0.078345 0.279985 0.425207 0.000000 0.000000 0.000000 1.000000
0.275106 0.143654 -0.950621 5.228015 -0.123573 0.985856 0.113217 98.503532 0.953439 0.086325 0.288966 0.593718 0.000000 0.000000 0.000000 1.000000
0.290845 0.136706 -0.946953 5.728702 -0.129916 0.986216 0.102472 98.436394 0.947909 0.093221 0.304596 0.680238 0.000000 0.000000 0.000000 1.000000
0.311625 0.127208 -0.941652 6.271055 -0.134398 0.986936 0.088849 98.221634 0.940653 0.098868 0.324650 0.715310 0.000000 0.000000 0.000000 1.000000
0.330184 0.117042 -0.936632 6.831528 -0.137031 0.987714 0.075118 97.879265 0.933917 0.103545 0.342166 0.703575 0.000000 0.000000 0.000000 1.000000
0.340915 0.108766 -0.933781 7.378418 -0.139354 0.988158 0.064223 97.456909 0.929708 0.108232 0.352035 0.633487 0.000000 0.000000 0.000000 1.000000
0.343090 0.103412 -0.933593 7.913397 -0.142830 0.988107 0.056961 96.971794 0.928380 0.113803 0.353780 0.520875 0.000000 0.000000 0.000000 1.000000
0.336181 0.100782 -0.936389 8.435172 -0.147177 0.987664 0.053461 96.408173 0.930226 0.119842 0.346867 0.415372 0.000000 0.000000 0.000000 1.000000
0.318658 0.100696 -0.942506 8.908758 -0.151315 0.986994 0.054290 95.786674 0.935714 0.125315 0.329750 0.352537 0.000000 0.000000 0.000000 1.000000
0.292179 0.102874 -0.950815 9.282181 -0.154159 0.986263 0.059337 95.157310 0.943857 0.129240 0.304024 0.309257 0.000000 0.000000 0.000000 1.000000
0.262221 0.106734 -0.959087 9.525803 -0.155458 0.985556 0.067176 94.583252 0.952404 0.131483 0.275026 0.232689 0.000000 0.000000 0.000000 1.000000
0.233931 0.111783 -0.965806 9.635585 -0.154839 0.984974 0.076497 94.098831 0.959844 0.131650 0.247724 0.083366 0.000000 0.000000 0.000000 1.000000
0.208191 0.118346 -0.970902 9.619602 -0.151654 0.984554 0.087491 93.700676 0.966260 0.129027 0.222923 -0.142736 0.000000 0.000000 0.000000 1.000000
0.181869 0.127275 -0.975051 9.500154 -0.145796 0.984118 0.101264 93.387894 0.972454 0.123742 0.197536 -0.415360 0.000000 0.000000 0.000000 1.000000
0.151949 0.138772 -0.978598 9.297844 -0.137273 0.983462 0.118147 93.184433 0.978809 0.116383 0.168485 -0.702564 0.000000 0.000000 0.000000 1.000000
0.118827 0.152016 -0.981209 9.029305 -0.125884 0.982543 0.136978 93.112778 0.984903 0.107241 0.135889 -0.984458 0.000000 0.000000 0.000000 1.000000
0.085755 0.165591 -0.982459 8.698138 -0.111958 0.981447 0.155649 93.166512 0.990006 0.096646 0.102703 -1.260940 0.000000 0.000000 0.000000 1.000000
0.056335 0.177614 -0.982486 8.312213 -0.096649 0.980398 0.171694 93.316711 0.993723 0.085284 0.072397 -1.546279 0.000000 0.000000 0.000000 1.000000
0.032959 0.186067 -0.981984 7.883975 -0.081673 0.979733 0.182900 93.540283 0.996114 0.074174 0.047488 -1.849363 0.000000 0.000000 0.000000 1.000000
0.016321 0.189815 -0.981684 7.419809 -0.068386 0.979728 0.188300 93.836548 0.997525 0.064060 0.028970 -2.161345 0.000000 0.000000 0.000000 1.000000
0.005028 0.188866 -0.981990 6.920799 -0.056669 0.980478 0.188285 94.225433 0.998380 0.054702 0.015632 -2.450029 0.000000 0.000000 0.000000 1.000000
-0.004366 0.183581 -0.982995 6.387433 -0.044948 0.981975 0.183591 94.725327 0.998980 0.044985 0.003964 -2.680071 0.000000 0.000000 0.000000 1.000000
-0.015845 0.174047 -0.984610 5.816840 -0.032116 0.984137 0.174480 95.344673 0.999359 0.034386 -0.010004 -2.812852 0.000000 0.000000 0.000000 1.000000
-0.031540 0.160971 -0.986455 5.211962 -0.018041 0.986694 0.161587 96.056061 0.999340 0.022893 -0.028216 -2.825587 0.000000 0.000000 0.000000 1.000000
-0.049902 0.146638 -0.987931 4.604215 -0.003407 0.989132 0.146988 96.790474 0.998748 0.010701 -0.048860 -2.730884 0.000000 0.000000 0.000000 1.000000
-0.066048 0.133512 -0.988844 4.043280 0.010382 0.991046 0.133116 97.456985 0.997762 -0.001474 -0.066843 -2.569575 0.000000 0.000000 0.000000 1.000000
-0.076346 0.122213 -0.989563 3.567589 0.021931 0.992425 0.120875 97.964966 0.996840 -0.012474 -0.078448 -2.398330 0.000000 0.000000 0.000000 1.000000
-0.083326 0.111947 -0.990214 3.181091 0.030561 0.993490 0.109745 98.276535 0.996054 -0.021117 -0.086205 -2.255237 0.000000 0.000000 0.000000 1.000000
-0.093717 0.102559 -0.990302 2.876102 0.036375 0.994369 0.099537 98.412384 0.994934 -0.026694 -0.096920 -2.137441 0.000000 0.000000 0.000000 1.000000
-0.111298 0.095060 -0.989230 2.643776 0.039791 0.995043 0.091142 98.418198 0.992990 -0.029219 -0.114529 -2.030621 0.000000 0.000000 0.000000 1.000000
-0.133725 0.090541 -0.986874 2.475941 0.041164 0.995466 0.085751 98.331757 0.990163 -0.029157 -0.136846 -1.948368 0.000000 0.000000 0.000000 1.000000
-0.156299 0.089149 -0.983678 2.366100 0.041097 0.995643 0.083704 98.179939 0.986854 -0.027343 -0.159282 -1.913676 0.000000 0.000000 0.000000 1.000000
-0.176360 0.089775 -0.980223 2.309201 0.040351 0.995654 0.083928 97.984413 0.983498 -0.024751 -0.179216 -1.928658 0.000000 0.000000 0.000000 1.000000
