<?xml version="1.0" encoding="utf-8"?>
<COLLADA xmlns="http://www.collada.org/2005/11/COLLADASchema" version="1.4.1">
  <asset>
    <contributor>
      <author>Mixamo</author>
      <authoring_tool>COLLADA Mixamo exporter</authoring_tool>
      <comments/>
    </contributor>
    <created>2024-04-05T10:45:47Z</created>
    <modified>2024-04-05T10:45:47Z</modified>
    <revision/>
    <title/>
    <unit meter="0.010000"/>
    <up_axis>Y_UP</up_axis>
  </asset>
  <library_animations>
    <animation id="Armature-anim" name="Armature">
      <source id="Armature-Matrix-animation-input">
        <float_array id="Armature-Matrix-animation-input-array" count="94">

0.000000 0.033333 0.066667 0.100000 0.133333 0.166667 0.200000 0.233333 0.266667 0.300000 0.333333 0.366667 0.400000 0.433333 0.466667 0.500000
0.533333 0.566667 0.600000 0.633333 0.666667 0.700000 0.733333 0.766667 0.800000 0.833333 0.866667 0.900000 0.933333 0.966667 1.000000 1.033333
1.066667 1.100000 1.133333 1.166667 1.200000 1.233333 1.266667 1.300000 1.333333 1.366667 1.400000 1.433333 1.466667 1.500000 1.533333 1.566667
1.600000 1.633333 1.666667 1.700000 1.733333 1.766667 1.800000 1.833333 1.866667 1.900000 1.933333 1.966667 2.000000 2.033333 2.066667 2.100000
2.133333 2.166667 2.200000 2.233333 2.266667 2.300000 2.333333 2.366667 2.400000 2.433333 2.466667 2.500000 2.533333 2.566667 2.600000 2.633333
2.666667 2.700000 2.733333 2.766667 2.800000 2.833333 2.866667 2.900000 2.933333 2.966667 3.000000 3.033333 3.066667 3.100000</float_array>
        <technique_common>
          <accessor source="#Armature-Matrix-animation-input-array" count="94">
            <param name="TIME" type="float"/>
          </accessor>
        </technique_common>
      </source>
      <source id="Armature-Matrix-animation-output-transform">
        <float_array id="Armature-Matrix-animation-output-transform-array" count="1504">

1.000000 0.000000 0.000000 0.000000 0.000000 1.000000 0.000000 0.000000 0.000000 0.000000 1.000000 0.000000 0.000000 0.000000 0.000000 1.000000
1.000000 0.000000 0.000000 0.000000 0.000000 1.000000 0.000000 0.000000 0.000000 0.000000 1.000000 0.000000 0.000000 0.000000 0.000000 1.000000
1.000000 0.000000 0.000000 0.000000 0.000000 1.000000 0.000000 0.000000 0.000000 0.000000 1.000000 0.000000 0.000000 0.000000 0.000000 1.000000
1.000000 0.000000 0.000000 0.000000 0.000000 1.000000 0.000000 0.000000 0.000000 0.000000 1.000000 0.000000 0.000000 0.000000 0.000000 1.000000
1.000000 0.000000 0.000000 0.000000 0.000000 1.000000 0.000000 0.000000 0.000000 0.000000 1.000000 0.000000 0.000000 0.000000 0.000000 1.000000
1.000000 0.000000 0.000000 0.000000 0.000000 1.000000 0.000000 0.000000 0.000000 0.000000 1.000000 0.000000 0.000000 0.000000 0.000000 1.000000
1.000000 0.000000 0.000000 0.000000 0.000000 1.000000 0.000000 0.000000 0.000000 0.000000 1.000000 0.000000 0.000000 0.000000 0.000000 1.000000
1.000000 0.000000 0.000000 0.000000 0.000000 1.000000 0.000000 0.000000 0.000000 0.000000 1.000000 0.000000 0.000000 0.000000 0.000000 1.000000
1.000000 0.000000 0.000000 0.000000 0.000000 1.000000 0.000000 0.000000 0.000000 0.000000 1.000000 0.000000 0.000000 0.000000 0.000000 1.000000
1.000000 0.000000 0.000000 0.000000 0.000000 1.000000 0.000000 0.000000 0.000000 0.000000 1.000000 0.000000 0.000000 0.000000 0.000000 1.000000
1.000000 0.000000 0.000000 0.000000 0.000000 1.000000 0.000000 0.000000 0.000000 0.000000 1.000000 0.000000 0.000000 0.000000 0.000000 1.000000
1.000000 0.000000 0.000000 0.000000 0.000000 1.000000 0.000000 0.000000 0.000000 0.000000 1.000000 0.000000 0.000000 0.000000 0.000000 1.000000
1.000000 0.000000 0.000000 0.000000 0.000000 1.000000 0.000000 0.000000 0.000000 0.000000 1.000000 0.000000 0.000000 0.000000 0.000000 1.000000
1.000000 0.000000 0.000000 0.000000 0.000000 1.000000 0.000000 0.000000 0.000000 0.000000 1.000000 0.000000 0.000000 0.000000 0.000000 1.000000
1.000000 0.000000 0.000000 0.000000 0.000000 1.000000 0.000000 0.000000 0.000000 0.000000 1.000000 0.000000 0.000000 0.000000 0.000000 1.000000
1.000000 0.000000 0.000000 0.000000 0.000000 1.000000 0.000000 0.000000 0.000000 0.000000 1.000000 0.000000 0.000000 0.000000 0.000000 1.000000
1.000000 0.000000 0.000000 0.000000 0.000000 1.000000 0.000000 0.000000 0.000000 0.000000 1.000000 0.000000 0.000000 0.000000 0.000000 1.000000
1.000000 0.000000 0.000000 0.000000 0.000000 1.000000 0.000000 0.000000 0.000000 0.000000 1.000000 0.000000 0.000000 0.000000 0.000000 1.000000
1.000000 0.000000 0.000000 0.000000 0.000000 1.000000 0.000000 0.000000 0.000000 0.000000 1.000000 0.000000 0.000000 0.000000 0.000000 1.000000
1.000000 0.000000 0.000000 0.000000 0.000000 1.000000 0.000000 0.000000 0.000000 0.000000 1.000000 0.000000 0.000000 0.000000 0.000000 1.000000
1.000000 0.000000 0.000000 0.000000 0.000000 1.000000 0.000000 0.000000 0.000000 0.000000 1.000000 0.000000 0.000000 0.000000 0.000000 1.000000
1.000000 0.000000 0.000000 0.000000 0.000000 1.000000 0.000000 0.000000 0.000000 0.000000 1.000000 0.000000 0.000000 0.000000 0.000000 1.000000
1.000000 0.000000 0.000000 0.000000 0.000000 1.000000 0.000000 0.000000 0.000000 0.000000 1.000000 0.000000 0.000000 0.000000 0.000000 1.000000
1.000000 0.000000 0.000000 0.000000 0.000000 1.000000 0.000000 0.000000 0.000000 0.000000 1.000000 0.000000 0.000000 0.000000 0.000000 1.000000
1.000000 0.000000 0.000000 0.000000 0.000000 1.000000 0.000000 0.000000 0.000000 0.000000 1.000000 0.000000 0.000000 0.000000 0.000000 1.000000
1.000000 0.000000 0.000000 0.000000 0.000000 1.000000 0.000000 0.000000 0.000000 0.000000 1.000000 0.000000 0.000000 0.000000 0.000000 1.000000
1.000000 0.000000 0.000000 0.000000 0.000000 1.000000 0.000000 0.000000 0.000000 0.000000 1.000000 0.000000 0.000000 0.000000 0.000000 1.000000
1.000000 0.000000 0.000000 0.000000 0.000000 1.000000 0.000000 0.000000 0.000000 0.000000 1.000000 0.000000 0.000000 0.000000 0.000000 1.000000
1.000000 0.000000 0.000000 0.000000 0.000000 1.000000 0.000000 0.000000 0.000000 0.000000 1.000000 0.000000 0.000000 0.000000 0.000000 1.000000
1.000000 0.000000 0.000000 0.000000 0.000000 1.000000 0.000000 0.000000 0.000000 0.000000 1.000000 0.000000 0.000000 0.000000 0.000000 1.000000
1.000000 0.000000 0.000000 0.000000 0.000000 1.000000 0.000000 0.000000 0.000000 0.000000 1.000000 0.000000 0.000000 0.000000 0.000000 1.000000
1.000000 0.000000 0.000000 0.000000 0.000000 1.000000 0.000000 0.000000 0.000000 0.000000 1.000000 0.000000 0.000000 0.000000 0.000000 1.000000
1.000000 0.000000 0.000000 0.000000 0.000000 1.000000 0.000000 0.000000 0.000000 0.000000 1.000000 0.000000 0.000000 0.000000 0.000000 1.000000
1.000000 0.000000 0.000000 0.000000 0.000000 1.000000 0.000000 0.000000 0.000000 0.000000 1.000000 0.000000 0.000000 0.000000 0.000000 1.000000
1.000000 0.000000 0.000000 0.000000 0.000000 1.000000 0.000000 0.000000 0.000000 0.000000 1.000000 0.000000 0.000000 0.000000 0.000000 1.000000
1.000000 0.000000 0.000000 0.000000 0.000000 1.000000 0.000000 0.000000 0.000000 0.000000 1.000000 0.000000 0.000000 0.000000 0.000000 1.000000
1.000000 0.000000 0.000000 0.000000 0.000000 1.000000 0.000000 0.000000 0.000000 0.000000 1.000000 0.000000 0.000000 0.000000 0.000000 1.000000
1.000000 0.000000 0.000000 0.000000 0.000000 1.000000 0.000000 0.000000 0.000000 0.000000 1.000000 0.000000 0.000000 0.000000 0.000000 1.000000
1.000000 0.000000 0.000000 0.000000 0.000000 1.000000 0.000000 0.000000 0.000000 0.000000 1.000000 0.000000 0.000000 0.000000 0.000000 1.000000
1.000000 0.000000 0.000000 0.000000 0.000000 1.000000 0.000000 0.000000 0.000000 0.000000 1.000000 0.000000 0.000000 0.000000 0.000000 1.000000
1.000000 0.000000 0.000000 0.000000 0.000000 1.000000 0.000000 0.000000 0.000000 0.000000 1.000000 0.000000 0.000000 0.000000 0.000000 1.000000
1.000000 0.000000 0.000000 0.000000 0.000000 1.000000 0.000000 0.000000 0.000000 0.000000 1.000000 0.000000 0.000000 0.000000 0.000000 1.000000
1.000000 0.000000 0.000000 0.000000 0.000000 1.000000 0.000000 0.000000 0.000000 0.000000 1.000000 0.000000 0.000000 0.000000 0.000000 1.000000
1.000000 0.000000 0.000000 0.000000 0.000000 1.000000 0.000000 0.000000 0.000000 0.000000 1.000000 0.000000 0.000000 0.000000 0.000000 1.000000
1.000000 0.000000 0.000000 0.000000 0.000000 1.000000 0.000000 0.000000 0.000000 0.000000 1.000000 0.000000 0.000000 0.000000 0.000000 1.000000
1.000000 0.000000 0.000000 0.000000 0.000000 1.000000 0.000000 0.000000 0.000000 0.000000 1.000000 0.000000 0.000000 0.000000 0.000000 1.000000
1.000000 0.000000 0.000000 0.000000 0.000000 1.000000 0.000000 0.000000 0.000000 0.000000 1.000000 0.000000 0.000000 0.000000 0.000000 1.000000
1.000000 0.000000 0.000000 0.000000 0.000000 1.000000 0.000000 0.000000 0.000000 0.000000 1.000000 0.000000 0.000000 0.000000 0.000000 1.000000
1.000000 0.000000 0.000000 0.000000 0.000000 1.000000 0.000000 0.000000 0.000000 0.000000 1.000000 0.000000 0.000000 0.000000 0.000000 1.000000
1.000000 0.000000 0.000000 0.000000 0.000000 1.000000 0.000000 0.000000 0.000000 0.000000 1.000000 0.000000 0.000000 0.000000 0.000000 1.000000
1.000000 0.000000 0.000000 0.000000 0.000000 1.000000 0.000000 0.000000 0.000000 0.000000 1.000000 0.000000 0.000000 0.000000 0.000000 1.000000
1.000000 0.000000 0.000000 0.000000 0.000000 1.000000 0.000000 0.000000 0.000000 0.000000 1.000000 0.000000 0.000000 0.000000 0.000000 1.000000
1.000000 0.000000 0.000000 0.000000 0.000000 1.000000 0.000000 0.000000 0.000000 0.000000 1.000000 0.000000 0.000000 0.000000 0.000000 1.000000
1.000000 0.000000 0.000000 0.000000 0.000000 1.000000 0.000000 0.000000 0.000000 0.000000 1.000000 0.000000 0.000000 0.000000 0.000000 1.000000
1.000000 0.000000 0.000000 0.000000 0.000000 1.000000 0.000000 0.000000 0.000000 0.000000 1.000000 0.000000 0.000000 0.000000 0.000000 1.000000
1.000000 0.000000 0.000000 0.000000 0.000000 1.000000 0.000000 0.000000 0.000000 0.000000 1.000000 0.000000 0.000000 0.000000 0.000000 1.000000
1.000000 0.000000 0.000000 0.000000 0.000000 1.000000 0.000000 0.000000 0.000000 0.000000 1.000000 0.000000 0.000000 0.000000 0.000000 1.000000
1.000000 0.000000 0.000000 0.000000 0.000000 1.000000 0.000000 0.000000 0.000000 0.000000 1.000000 0.000000 0.000000 0.000000 0.000000 1.000000
1.000000 0.000000 0.000000 0.000000 0.000000 1.000000 0.000000 0.000000 0.000000 0.000000 1.000000 0.000000 0.000000 0.000000 0.000000 1.000000
1.000000 0.000000 0.000000 0.000000 0.000000 1.000000 0.000000 0.000000 0.000000 0.000000 1.000000 0.000000 0.000000 0.000000 0.000000 1.000000
1.000000 0.000000 0.000000 0.000000 0.000000 1.000000 0.000000 0.000000 0.000000 0.000000 1.000000 0.000000 0.000000 0.000000 0.000000 1.000000
1.000000 0.000000 0.000000 0.000000 0.000000 1.000000 0.000000 0.000000 0.000000 0.000000 1.000000 0.000000 0.000000 0.000000 0.000000 1.000000
1.000000 0.000000 0.000000 0.000000 0.000000 1.000000 0.000000 0.000000 0.000000 0.000000 1.000000 0.000000 0.000000 0.000000 0.000000 1.000000
1.000000 0.000000 0.000000 0.000000 0.000000 1.000000 0.000000 0.000000 0.000000 0.000000 1.000000 0.000000 0.000000 0.000000 0.000000 1.000000
1.000000 0.000000 0.000000 0.000000 0.000000 1.000000 0.000000 0.000000 0.000000 0.000000 1.000000 0.000000 0.000000 0.000000 0.000000 1.000000
1.000000 0.000000 0.000000 0.000000 0.000000 1.000000 0.000000 0.000000 0.000000 0.000000 1.000000 0.000000 0.000000 0.000000 0.000000 1.000000
1.000000 0.000000 0.000000 0.000000 0.000000 1.000000 0.000000 0.000000 0.000000 0.000000 1.000000 0.000000 0.000000 0.000000 0.000000 1.000000
1.000000 0.000000 0.000000 0.000000 0.000000 1.000000 0.000000 0.000000 0.000000 0.000000 1.000000 0.000000 0.000000 0.000000 0.000000 1.000000
1.000000 0.000000 0.000000 0.000000 0.000000 1.000000 0.000000 0.000000 0.000000 0.000000 1.000000 0.000000 0.000000 0.000000 0.000000 1.000000
1.000000 0.000000 0.000000 0.000000 0.000000 1.000000 0.000000 0.000000 0.000000 0.000000 1.000000 0.000000 0.000000 0.000000 0.000000 1.000000
1.000000 0.000000 0.000000 0.000000 0.000000 1.000000 0.000000 0.000000 0.000000 0.000000 1.000000 0.000000 0.000000 0.000000 0.000000 1.000000
1.000000 0.000000 0.000000 0.000000 0.000000 1.000000 0.000000 0.000000 0.000000 0.000000 1.000000 0.000000 0.000000 0.000000 0.000000 1.000000
1.000000 0.000000 0.000000 0.000000 0.000000 1.000000 0.000000 0.000000 0.000000 0.000000 1.000000 0.000000 0.000000 0.000000 0.000000 1.000000
1.000000 0.000000 0.000000 0.000000 0.000000 1.000000 0.000000 0.000000 0.000000 0.000000 1.000000 0.000000 0.000000 0.000000 0.000000 1.000000
1.000000 0.000000 0.000000 0.000000 0.000000 1.000000 0.000000 0.000000 0.000000 0.000000 1.000000 0.000000 0.000000 0.000000 0.000000 1.000000
1.000000 0.000000 0.000000 0.000000 0.000000 1.000000 0.000000 0.000000 0.000000 0.000000 1.000000 0.000000 0.000000 0.000000 0.000000 1.000000
1.000000 0.000000 0.000000 0.000000 0.000000 1.000000 0.000000 0.000000 0.000000 0.000000 1.000000 0.000000 0.000000 0.000000 0.000000 1.000000
1.000000 0.000000 0.000000 0.000000 0.000000 1.000000 0.000000 0.000000 0.000000 0.000000 1.000000 0.000000 0.000000 0.000000 0.000000 1.000000
1.000000 0.000000 0.000000 0.000000 0.000000 1.000000 0.000000 0.000000 0.000000 0.000000 1.000000 0.000000 0.000000 0.000000 0.000000 1.000000
1.000000 0.000000 0.000000 0.000000 0.000000 1.000000 0.000000 0.000000 0.000000 0.000000 1.000000 0.000000 0.000000 0.000000 0.000000 1.000000
1.000000 0.000000 0.000000 0.000000 0.000000 1.000000 0.000000 0.000000 0.000000 0.000000 1.000000 0.000000 0.000000 0.000000 0.000000 1.000000
1.000000 0.000000 0.000000 0.000000 0.000000 1.000000 0.000000 0.000000 0.000000 0.000000 1.000000 0.000000 0.000000 0.000000 0.000000 1.000000
1.000000 0.000000 0.000000 0.000000 0.000000 1.000000 0.000000 0.000000 0.000000 0.000000 1.000000 0.000000 0.000000 0.000000 0.000000 1.000000
1.000000 0.000000 0.000000 0.000000 0.000000 1.000000 0.000000 0.000000 0.000000 0.000000 1.000000 0.000000 0.000000 0.000000 0.000000 1.000000
1.000000 0.000000 0.000000 0.000000 0.000000 1.000000 0.000000 0.000000 0.000000 0.000000 1.000000 0.000000 0.000000 0.000000 0.000000 1.000000
1.000000 0.000000 0.000000 0.000000 0.000000 1.000000 0.000000 0.000000 0.000000 0.000000 1.000000 0.000000 0.000000 0.000000 0.000000 1.000000
1.000000 0.000000 0.000000 0.000000 0.000000 1.000000 0.000000 0.000000 0.000000 0.000000 1.000000 0.000000 0.000000 0.000000 0.000000 1.000000
1.000000 0.000000 0.000000 0.000000 0.000000 1.000000 0.000000 0.000000 0.000000 0.000000 1.000000 0.000000 0.000000 0.000000 0.000000 1.000000
1.000000 0.000000 0.000000 0.000000 0.000000 1.000000 0.000000 0.000000 0.000000 0.000000 1.000000 0.000000 0.000000 0.000000 0.000000 1.000000
1.000000 0.000000 0.000000 0.000000 0.000000 1.000000 0.000000 0.000000 0.000000 0.000000 1.000000 0.000000 0.000000 0.000000 0.000000 1.000000
1.000000 0.000000 0.000000 0.000000 0.000000 1.000000 0.000000 0.000000 0.000000 0.000000 1.000000 0.000000 0.000000 0.000000 0.000000 1.000000
1.000000 0.000000 0.000000 0.000000 0.000000 1.000000 0.000000 0.000000 0.000000 0.000000 1.000000 0.000000 0.000000 0.000000 0.000000 1.000000
1.000000 0.000000 0.000000 0.000000 0.000000 1.000000 0.000000 0.000000 0.000000 0.000000 1.000000 0.000000 0.000000 0.000000 0.000000 1.000000
1.000000 0.000000 0.000000 0.000000 0.000000 1.000000 0.000000 0.000000 0.000000 0.000000 1.000000 0.000000 0.000000 0.000000 0.000000 1.000000</float_array>
        <technique_common>
          <accessor source="#Armature-Matrix-animation-output-transform-array" count="94" stride="16">
            <param type="float4x4"/>
          </accessor>
        </technique_common>
      </source>
      <source id="Armature-Interpolations">
        <Name_array id="Armature-Interpolations-array" count="94">
 LINEAR LINEAR LINEAR LINEAR LINEAR LINEAR LINEAR LINEAR LINEAR LINEAR LINEAR
LINEAR LINEAR LINEAR LINEAR LINEAR LINEAR LINEAR LINEAR LINEAR LINEAR LINEAR LINEAR
LINEAR LINEAR LINEAR LINEAR LINEAR LINEAR LINEAR LINEAR LINEAR LINEAR LINEAR LINEAR
LINEAR LINEAR LINEAR LINEAR LINEAR LINEAR LINEAR LINEAR LINEAR LINEAR LINEAR LINEAR
LINEAR LINEAR LINEAR LINEAR LINEAR LINEAR LINEAR LINEAR LINEAR LINEAR LINEAR LINEAR
LINEAR LINEAR LINEAR LINEAR LINEAR LINEAR LINEAR LINEAR LINEAR LINEAR LINEAR LINEAR
LINEAR LINEAR LINEAR LINEAR LINEAR LINEAR LINEAR LINEAR LINEAR LINEAR LINEAR LINEAR
LINEAR LINEAR LINEAR LINEAR LINEAR LINEAR LINEAR LINEAR LINEAR LINEAR LINEAR</Name_array>
        <technique_common>
          <accessor source="#Armature-Interpolations-array" count="94">
            <param type="name"/>
          </accessor>
        </technique_common>
      </source>
      <sampler id="Armature-Matrix-animation-transform">
        <input semantic="INPUT" source="#Armature-Matrix-animation-input"/>
        <input semantic="OUTPUT" source="#Armature-Matrix-animation-output-transform"/>
        <input semantic="INTERPOLATION" source="#Armature-Interpolations"/>
      </sampler>
      <channel source="#Armature-Matrix-animation-transform" target="Armature/matrix"/>
    </animation>
    <animation id="mixamorig_Hips-anim" name="mixamorig_Hips">
      <source id="mixamorig_Hips-Matrix-animation-input">
        <float_array id="mixamorig_Hips-Matrix-animation-input-array" count="94">

0.000000 0.033333 0.066667 0.100000 0.133333 0.166667 0.200000 0.233333 0.266667 0.300000 0.333333 0.366667 0.400000 0.433333 0.466667 0.500000
0.533333 0.566667 0.600000 0.633333 0.666667 0.700000 0.733333 0.766667 0.800000 0.833333 0.866667 0.900000 0.933333 0.966667 1.000000 1.033333
1.066667 1.100000 1.133333 1.166667 1.200000 1.233333 1.266667 1.300000 1.333333 1.366667 1.400000 1.433333 1.466667 1.500000 1.533333 1.566667
1.600000 1.633333 1.666667 1.700000 1.733333 1.766667 1.800000 1.833333 1.866667 1.900000 1.933333 1.966667 2.000000 2.033333 2.066667 2.100000
2.133333 2.166667 2.200000 2.233333 2.266667 2.300000 2.333333 2.366667 2.400000 2.433333 2.466667 2.500000 2.533333 2.566667 2.600000 2.633333
2.666667 2.700000 2.733333 2.766667 2.800000 2.833333 2.866667 2.900000 2.933333 2.966667 3.000000 3.033333 3.066667 3.100000</float_array>
        <technique_common>
          <accessor source="#mixamorig_Hips-Matrix-animation-input-array" count="94">
            <param name="TIME" type="float"/>
          </accessor>
        </technique_common>
      </source>
      <source id="mixamorig_Hips-Matrix-animation-output-transform">
        <float_array id="mixamorig_Hips-Matrix-animation-output-transform-array" count="1504">

0.993288 -0.048220 0.105138 -0.407791 0.045724 0.998615 0.026029 97.098442 -0.106248 -0.021047 0.994117 -2.475662 0.000000 0.000000 0.000000 1.000000
0.993968 -0.050064 0.097578 -0.280635 0.047469 0.998459 0.028733 97.103210 -0.098866 -0.023928 0.994813 -2.674184 0.000000 0.000000 0.000000 1.000000
0.994743 -0.052888 0.087688 -0.091478 0.050751 0.998362 0.026419 97.059105 -0.088942 -0.021830 0.995798 -3.066362 0.000000 0.000000 0.000000 1.000000
0.996320 -0.057483 0.063576 0.216901 0.056749 0.998300 0.013299 96.777176 -0.064233 -0.009642 0.997888 -3.864402 0.000000 0.000000 0.000000 1.000000
0.998283 -0.058301 0.005708 0.512712 0.058334 0.998279 -0.005939 95.941574 -0.005352 0.006261 0.999966 -5.032213 0.000000 0.000000 0.000000 1.000000
0.995575 -0.044349 -0.082846 0.538993 0.043619 0.998992 -0.010601 94.634903 0.083232 0.006940 0.996506 -6.121989 0.000000 0.000000 0.000000 1.000000
0.989623 -0.019177 -0.142400 0.090115 0.022066 0.999581 0.018737 93.288612 0.141981 -0.021685 0.989632 -6.760179 0.000000 0.000000 0.000000 1.000000
0.995790 -0.003909 -0.091579 -0.985175 0.011440 0.996579 0.081847 92.513367 0.090945 -0.082550 0.992429 -6.966205 0.000000 0.000000 0.000000 1.000000
0.995071 -0.013682 0.098216 -2.920866 -0.002202 0.987142 0.159829 92.252548 -0.099140 -0.159258 0.982246 -6.963626 0.000000 0.000000 0.000000 1.000000
0.927549 -0.054303 0.369736 -5.196459 -0.033102 0.973558 0.226029 92.000992 -0.372234 -0.221892 0.901225 -7.070214 0.000000 0.000000 0.000000 1.000000
0.773073 -0.119973 0.622868 -7.063496 -0.074779 0.957866 0.277310 91.538002 -0.629894 -0.260958 0.731529 -7.260537 0.000000 0.000000 0.000000 1.000000
0.575804 -0.191580 0.794825 -8.606395 -0.119909 0.941858 0.313887 91.211143 -0.808747 -0.276044 0.519354 -7.534144 0.000000 0.000000 0.000000 1.000000
0.399643 -0.242807 0.883929 -10.087737 -0.160096 0.930973 0.328113 91.053825 -0.902582 -0.272642 0.333185 -8.177816 0.000000 0.000000 0.000000 1.000000
0.285389 -0.264861 0.921087 -11.474110 -0.191731 0.925851 0.325637 90.607994 -0.939038 -0.269534 0.213446 -9.391840 0.000000 0.000000 0.000000 1.000000
0.238612 -0.272829 0.932002 -12.709506 -0.218991 0.919887 0.325348 89.719315 -0.946101 -0.281732 0.159749 -11.211153 0.000000 0.000000 0.000000 1.000000
0.239179 -0.283616 0.928631 -13.580896 -0.242988 0.908475 0.340044 88.669189 -0.940080 -0.306977 0.148373 -13.376482 0.000000 0.000000 0.000000 1.000000
0.261483 -0.295348 0.918910 -14.026045 -0.262007 0.894567 0.362080 88.075966 -0.928966 -0.335439 0.156531 -15.669571 0.000000 0.000000 0.000000 1.000000
0.302571 -0.291342 0.907508 -14.169034 -0.273609 0.885514 0.375505 88.273781 -0.913011 -0.361920 0.188217 -18.277229 0.000000 0.000000 0.000000 1.000000
0.365765 -0.264786 0.892247 -14.407822 -0.276655 0.884411 0.375871 89.060524 -0.888639 -0.384325 0.250232 -21.680176 0.000000 0.000000 0.000000 1.000000
0.464326 -0.220508 0.857775 -14.879871 -0.262281 0.890831 0.370983 89.630653 -0.845937 -0.397235 0.355801 -25.876963 0.000000 0.000000 0.000000 1.000000
0.596177 -0.172138 0.784182 -14.948862 -0.227633 0.900420 0.370712 90.231949 -0.769907 -0.399515 0.497626 -30.780418 0.000000 0.000000 0.000000 1.000000
0.738386 -0.124270 0.662830 -14.567750 -0.177532 0.912387 0.368826 90.762924 -0.650591 -0.390009 0.651631 -36.460487 0.000000 0.000000 0.000000 1.000000
0.858137 -0.075436 0.507848 -13.805938 -0.127794 0.926632 0.353584 90.501862 -0.497261 -0.368323 0.785538 -42.695877 0.000000 0.000000 0.000000 1.000000
0.928762 -0.029406 0.369508 -13.190742 -0.101514 0.938559 0.329851 88.129486 -0.356505 -0.343863 0.868713 -48.486511 0.000000 0.000000 0.000000 1.000000
0.954265 0.003151 0.298946 -13.036622 -0.102099 0.943261 0.315966 84.283203 -0.280988 -0.332038 0.900442 -53.413433 0.000000 0.000000 0.000000 1.000000
0.951125 0.017285 0.308324 -13.277307 -0.121860 0.938414 0.323309 80.753227 -0.283747 -0.345080 0.894655 -57.476849 0.000000 0.000000 0.000000 1.000000
0.927089 0.023581 0.374099 -13.811615 -0.159349 0.928142 0.336393 78.217049 -0.339284 -0.371478 0.864228 -61.186092 0.000000 0.000000 0.000000 1.000000
0.886653 0.037234 0.460935 -14.809267 -0.208711 0.921681 0.327024 76.256081 -0.412658 -0.386159 0.824982 -65.169983 0.000000 0.000000 0.000000 1.000000
0.834525 0.061719 0.547502 -16.113565 -0.252941 0.925718 0.281189 74.222092 -0.489478 -0.373145 0.788146 -69.744705 0.000000 0.000000 0.000000 1.000000
0.775705 0.083766 0.625512 -17.239113 -0.272154 0.938655 0.211801 71.335892 -0.569398 -0.334531 0.750916 -74.517517 0.000000 0.000000 0.000000 1.000000
0.718052 0.106419 0.687806 -17.937992 -0.283568 0.947230 0.149479 66.419678 -0.635603 -0.302373 0.710338 -79.385162 0.000000 0.000000 0.000000 1.000000
0.672528 0.133862 0.727865 -18.326746 -0.322931 0.938015 0.125870 59.610600 -0.665899 -0.319701 0.674070 -84.009644 0.000000 0.000000 0.000000 1.000000
0.641869 0.161088 0.749703 -18.367050 -0.397453 0.905995 0.145615 52.936012 -0.655770 -0.391438 0.645556 -87.770073 0.000000 0.000000 0.000000 1.000000
0.623365 0.181266 0.760630 -17.958477 -0.472901 0.862090 0.182116 46.341438 -0.622720 -0.473227 0.623118 -91.388832 0.000000 0.000000 0.000000 1.000000
0.602942 0.184438 0.776173 -17.379215 -0.526100 0.823305 0.213044 39.396137 -0.599733 -0.536798 0.593438 -95.363060 0.000000 0.000000 0.000000 1.000000
0.557014 0.174409 0.811983 -16.629480 -0.574615 0.786838 0.225174 32.727215 -0.599627 -0.592003 0.538498 -99.546387 0.000000 0.000000 0.000000 1.000000
0.493668 0.161921 0.854444 -15.788397 -0.633199 0.740401 0.225531 27.108135 -0.596113 -0.652371 0.468041 -104.693192 0.000000 0.000000 0.000000 1.000000
0.466014 0.149477 0.872060 -15.540910 -0.693671 0.673555 0.255234 22.082432 -0.549228 -0.723865 0.417573 -111.334091 0.000000 0.000000 0.000000 1.000000
0.502568 0.136837 0.853640 -15.727724 -0.748049 0.563834 0.350021 17.618021 -0.433415 -0.814473 0.385726 -117.548752 0.000000 0.000000 0.000000 1.000000
0.570441 0.121743 0.812266 -15.955571 -0.774162 0.410041 0.482224 14.812727 -0.274355 -0.903905 0.328153 -123.128349 0.000000 0.000000 0.000000 1.000000
0.628228 0.093650 0.772372 -16.329144 -0.765966 0.248583 0.592877 13.445507 -0.136476 -0.964073 0.227899 -128.650177 0.000000 0.000000 0.000000 1.000000
0.671609 0.057735 0.738653 -17.079273 -0.739742 0.108121 0.664148 12.631643 -0.041519 -0.992460 0.115324 -134.311295 0.000000 0.000000 0.000000 1.000000
0.724607 0.034942 0.688276 -18.140585 -0.688773 0.003149 0.724971 11.874537 0.023164 -0.999384 0.026349 -139.246796 0.000000 0.000000 0.000000 1.000000
0.797660 0.030099 0.602356 -19.062529 -0.600326 -0.056190 0.797779 11.224356 0.057858 -0.997966 -0.026751 -142.850311 0.000000 0.000000 0.000000 1.000000
0.873817 0.025612 0.485580 -19.409573 -0.482556 -0.077271 0.872450 10.757827 0.059867 -0.996681 -0.055162 -145.371216 0.000000 0.000000 0.000000 1.000000
0.933613 0.009974 0.358145 -19.262684 -0.356093 -0.084566 0.930616 10.500938 0.039569 -0.996368 -0.075400 -147.325592 0.000000 0.000000 0.000000 1.000000
0.966446 -0.015287 0.256416 -19.259579 -0.256751 -0.088053 0.962458 10.344769 0.007865 -0.995999 -0.089023 -149.011032 0.000000 0.000000 0.000000 1.000000
0.977580 -0.043437 0.206034 -19.801390 -0.209074 -0.084074 0.974279 10.024948 -0.024998 -0.995512 -0.091271 -150.520401 0.000000 0.000000 0.000000 1.000000
0.979747 -0.065754 0.189137 -20.593748 -0.193846 -0.074662 0.978187 9.517899 -0.050199 -0.995039 -0.085896 -151.792130 0.000000 0.000000 0.000000 1.000000
0.977662 -0.088305 0.190734 -21.311874 -0.196735 -0.065062 0.978296 9.042052 -0.073979 -0.993966 -0.080981 -152.769470 0.000000 0.000000 0.000000 1.000000
0.974606 -0.110895 0.194538 -21.808685 -0.201839 -0.058828 0.977650 8.665688 -0.096972 -0.992090 -0.079717 -153.528030 0.000000 0.000000 0.000000 1.000000
0.973867 -0.126322 0.188747 -22.085510 -0.196761 -0.054181 0.978953 8.369839 -0.113437 -0.990509 -0.077621 -154.087387 0.000000 0.000000 0.000000 1.000000
0.974618 -0.135351 0.178328 -22.244884 -0.186136 -0.047306 0.981385 8.124430 -0.124396 -0.989668 -0.071299 -154.435211 0.000000 0.000000 0.000000 1.000000
0.975009 -0.142228 0.170671 -22.244625 -0.177655 -0.037844 0.983365 7.932819 -0.133403 -0.989110 -0.062165 -154.613770 0.000000 0.000000 0.000000 1.000000
0.974632 -0.147928 0.167956 -22.023512 -0.174062 -0.029254 0.984300 7.896015 -0.140692 -0.988565 -0.054261 -154.702621 0.000000 0.000000 0.000000 1.000000
0.973811 -0.151836 0.169229 -21.658522 -0.174493 -0.021941 0.984414 7.984610 -0.145756 -0.988162 -0.047860 -154.775131 0.000000 0.000000 0.000000 1.000000
0.973213 -0.152996 0.171609 -21.282143 -0.175691 -0.013473 0.984353 8.037504 -0.148290 -0.988135 -0.039993 -154.856949 0.000000 0.000000 0.000000 1.000000
0.973440 -0.151104 0.171993 -21.017239 -0.174913 -0.006148 0.984565 8.110813 -0.147714 -0.988499 -0.032415 -154.965591 0.000000 0.000000 0.000000 1.000000
0.974885 -0.145970 0.168205 -20.933796 -0.170868 -0.005810 0.985277 8.382784 -0.142844 -0.989272 -0.030605 -155.083496 0.000000 0.000000 0.000000 1.000000
0.977342 -0.137516 0.160912 -21.015896 -0.164236 -0.013105 0.986334 8.796478 -0.133528 -0.990413 -0.035393 -155.194534 0.000000 0.000000 0.000000 1.000000
0.980169 -0.126407 0.152612 -21.182659 -0.156937 -0.024933 0.987294 9.224039 -0.120996 -0.991665 -0.044276 -155.245071 0.000000 0.000000 0.000000 1.000000
0.983012 -0.113284 0.144412 -21.391706 -0.149591 -0.038584 0.987995 9.603155 -0.106352 -0.992813 -0.054875 -155.237869 0.000000 0.000000 0.000000 1.000000
0.985818 -0.099456 0.135171 -21.573303 -0.140950 -0.053548 0.988567 9.961379 -0.091081 -0.993600 -0.066807 -155.210037 0.000000 0.000000 0.000000 1.000000
0.988459 -0.087606 0.123588 -21.639381 -0.129795 -0.069096 0.989130 10.259768 -0.078114 -0.993756 -0.079669 -155.197540 0.000000 0.000000 0.000000 1.000000
0.990703 -0.081400 0.109002 -21.574844 -0.115576 -0.080964 0.989993 10.439610 -0.071760 -0.993388 -0.089619 -155.158096 0.000000 0.000000 0.000000 1.000000
0.992946 -0.078639 0.088732 -21.365566 -0.095279 -0.083826 0.991915 10.343618 -0.070565 -0.993373 -0.090728 -155.054153 0.000000 0.000000 0.000000 1.000000
0.995014 -0.077294 0.063035 -21.121424 -0.069086 -0.078276 0.994535 9.997700 -0.071938 -0.993931 -0.083225 -154.870087 0.000000 0.000000 0.000000 1.000000
0.996531 -0.075363 0.035299 -20.906033 -0.040623 -0.070328 0.996696 9.547791 -0.072632 -0.994673 -0.073145 -154.597198 0.000000 0.000000 0.000000 1.000000
0.997472 -0.070493 0.008976 -20.722132 -0.013583 -0.065152 0.997783 9.151445 -0.069752 -0.995382 -0.065945 -154.399902 0.000000 0.000000 0.000000 1.000000
0.997906 -0.062702 -0.015889 -20.572010 0.011958 -0.062586 0.997968 8.868034 -0.063569 -0.996068 -0.061705 -154.406799 0.000000 0.000000 0.000000 1.000000
0.997677 -0.054269 -0.041178 -20.487411 0.037902 -0.060059 0.997475 8.630356 -0.056605 -0.996719 -0.057863 -154.495422 0.000000 0.000000 0.000000 1.000000
0.996508 -0.048452 -0.068003 -20.413733 0.065246 -0.056369 0.996276 8.370785 -0.052104 -0.997234 -0.053011 -154.527908 0.000000 0.000000 0.000000 1.000000
0.994460 -0.046214 -0.094410 -20.290228 0.091937 -0.053005 0.994353 8.128832 -0.050957 -0.997524 -0.048463 -154.510834 0.000000 0.000000 0.000000 1.000000
0.992048 -0.046714 -0.116871 -20.119255 0.114410 -0.052288 0.992057 7.993057 -0.052454 -0.997539 -0.046527 -154.517456 0.000000 0.000000 0.000000 1.000000
0.992619 -0.050305 -0.110352 -20.024475 0.107847 -0.050065 0.992906 8.072302 -0.055473 -0.997478 -0.044270 -154.530930 0.000000 0.000000 0.000000 1.000000
0.993366 -0.054089 -0.101478 -19.987082 0.098863 -0.049016 0.993893 8.169976 -0.058733 -0.997332 -0.043343 -154.516205 0.000000 0.000000 0.000000 1.000000
0.994019 -0.057213 -0.093023 -19.986979 0.090287 -0.048691 0.994725 8.259512 -0.061440 -0.997174 -0.043234 -154.513351 0.000000 0.000000 0.000000 1.000000
0.994513 -0.060476 -0.085362 -19.988020 0.082490 -0.048505 0.995411 8.337572 -0.064339 -0.996990 -0.043250 -154.500595 0.000000 0.000000 0.000000 1.000000
0.994860 -0.063877 -0.078574 -19.969597 0.075571 -0.048145 0.995977 8.400238 -0.067403 -0.996796 -0.043071 -154.472168 0.000000 0.000000 0.000000 1.000000
0.995135 -0.066778 -0.072435 -19.958738 0.069351 -0.047404 0.996465 8.435299 -0.069976 -0.996641 -0.042542 -154.430771 0.000000 0.000000 0.000000 1.000000
0.995400 -0.068844 -0.066633 -19.977438 0.063531 -0.046301 0.996905 8.442488 -0.071716 -0.996552 -0.041715 -154.379211 0.000000 0.000000 0.000000 1.000000
0.995674 -0.069961 -0.061151 -20.023193 0.058076 -0.045171 0.997290 8.440018 -0.072534 -0.996526 -0.040913 -154.317139 0.000000 0.000000 0.000000 1.000000
0.995959 -0.070061 -0.056186 -20.086243 0.053156 -0.044377 0.997600 8.445833 -0.072386 -0.996555 -0.040474 -154.245667 0.000000 0.000000 0.000000 1.000000
0.996237 -0.069447 -0.051855 -20.161028 0.048880 -0.043881 0.997840 8.461300 -0.071573 -0.996620 -0.040321 -154.177277 0.000000 0.000000 0.000000 1.000000
0.996466 -0.068773 -0.048227 -20.237083 0.045312 -0.043337 0.998032 8.476202 -0.070728 -0.996691 -0.040067 -154.129089 0.000000 0.000000 0.000000 1.000000
0.996613 -0.068596 -0.045356 -20.299221 0.042502 -0.042508 0.998192 8.483402 -0.070400 -0.996739 -0.039448 -154.102844 0.000000 0.000000 0.000000 1.000000
0.996691 -0.068901 -0.043136 -20.344530 0.040351 -0.041309 0.998331 8.484047 -0.070568 -0.996768 -0.038393 -154.091751 0.000000 0.000000 0.000000 1.000000
0.996721 -0.069618 -0.041248 -20.377022 0.038541 -0.039790 0.998465 8.474821 -0.071153 -0.996780 -0.036976 -154.087997 0.000000 0.000000 0.000000 1.000000
0.996722 -0.070706 -0.039309 -20.395355 0.036671 -0.038222 0.998596 8.456333 -0.072109 -0.996765 -0.035504 -154.086029 0.000000 0.000000 0.000000 1.000000
0.996730 -0.071803 -0.037053 -20.403372 0.034462 -0.036993 0.998721 8.436716 -0.073082 -0.996733 -0.034398 -154.082382 0.000000 0.000000 0.000000 1.000000
0.996776 -0.072435 -0.034497 -20.410048 0.031931 -0.036284 0.998831 8.424572 -0.073602 -0.996713 -0.033854 -154.076355 0.000000 0.000000 0.000000 1.000000
0.996869 -0.072383 -0.031837 -20.418200 0.029291 -0.035969 0.998924 8.420408 -0.073450 -0.996728 -0.033736 -154.067673 0.000000 0.000000 0.000000 1.000000
0.996989 -0.071827 -0.029204 -20.425768 0.026685 -0.035784 0.999003 8.419588 -0.072801 -0.996775 -0.033760 -154.062195 0.000000 0.000000 0.000000 1.000000
0.997137 -0.070748 -0.026708 -20.430187 0.024245 -0.035442 0.999078 8.418093 -0.071629 -0.996864 -0.033625 -154.056015 0.000000 0.000000 0.000000 1.000000</float_array>
        <technique_common>
          <accessor source="#mixamorig_Hips-Matrix-animation-output-transform-array" count="94" stride="16">
            <param type="float4x4"/>
          </accessor>
        </technique_common>
      </source>
      <source id="mixamorig_Hips-Interpolations">
        <Name_array id="mixamorig_Hips-Interpolations-array" count="94">
 LINEAR LINEAR LINEAR LINEAR LINEAR LINEAR LINEAR LINEAR LINEAR LINEAR LINEAR
LINEAR LINEAR LINEAR LINEAR LINEAR LINEAR LINEAR LINEAR LINEAR LINEAR LINEAR LINEAR
LINEAR LINEAR LINEAR LINEAR LINEAR LINEAR LINEAR LINEAR LINEAR LINEAR LINEAR LINEAR
LINEAR LINEAR LINEAR LINEAR LINEAR LINEAR LINEAR LINEAR LINEAR LINEAR LINEAR LINEAR
LINEAR LINEAR LINEAR LINEAR LINEAR LINEAR LINEAR LINEAR LINEAR LINEAR LINEAR LINEAR
LINEAR LINEAR LINEAR LINEAR LINEAR LINEAR LINEAR LINEAR LINEAR LINEAR LINEAR LINEAR
LINEAR LINEAR LINEAR LINEAR LINEAR LINEAR LINEAR LINEAR LINEAR LINEAR LINEAR LINEAR
LINEAR LINEAR LINEAR LINEAR LINEAR LINEAR LINEAR LINEAR LINEAR LINEAR LINEAR</Name_array>
        <technique_common>
          <accessor source="#mixamorig_Hips-Interpolations-array" count="94">
            <param type="name"/>
          </accessor>
        </technique_common>
      </source>
      <sampler id="mixamorig_Hips-Matrix-animation-transform">
        <input semantic="INPUT" source="#mixamorig_Hips-Matrix-animation-input"/>
        <input semantic="OUTPUT" source="#mixamorig_Hips-Matrix-animation-output-transform"/>
        <input semantic="INTERPOLATION" source="#mixamorig_Hips-Interpolations"/>
      </sampler>
      <channel source="#mixamorig_Hips-Matrix-animation-transform" target="mixamorig_Hips/matrix"/>
    </animation>
    <animation id="mixamorig_Spine-anim" name="mixamorig_Spine">
      <source id="mixamorig_Spine-Matrix-animation-input">
        <float_array id="mixamorig_Spine-Matrix-animation-input-array" count="94">

0.000000 0.033333 0.066667 0.100000 0.133333 0.166667 0.200000 0.233333 0.266667 0.300000 0.333333 0.366667 0.400000 0.433333 0.466667 0.500000
0.533333 0.566667 0.600000 0.633333 0.666667 0.700000 0.733333 0.766667 0.800000 0.833333 0.866667 0.900000 0.933333 0.966667 1.000000 1.033333
1.066667 1.100000 1.133333 1.166667 1.200000 1.233333 1.266667 1.300000 1.333333 1.366667 1.400000 1.433333 1.466667 1.500000 1.533333 1.566667
1.600000 1.633333 1.666667 1.700000 1.733333 1.766667 1.800000 1.833333 1.866667 1.900000 1.933333 1.966667 2.000000 2.033333 2.066667 2.100000
2.133333 2.166667 2.200000 2.233333 2.266667 2.300000 2.333333 2.366667 2.400000 2.433333 2.466667 2.500000 2.533333 2.566667 2.600000 2.633333
2.666667 2.700000 2.733333 2.766667 2.800000 2.833333 2.866667 2.900000 2.933333 2.966667 3.000000 3.033333 3.066667 3.100000</float_array>
        <technique_common>
          <accessor source="#mixamorig_Spine-Matrix-animation-input-array" count="94">
            <param name="TIME" type="float"/>
          </accessor>
        </technique_common>
      </source>
      <source id="mixamorig_Spine-Matrix-animation-output-transform">
        <float_array id="mixamorig_Spine-Matrix-animation-output-transform-array" count="1504">

0.999987 0.005058 0.000682 0.000000 -0.004945 0.993257 -0.115824 12.246100 -0.001264 0.115819 0.993270 0.234600 0.000000 0.000000 0.000000 1.000000
0.999987 0.005065 0.000759 0.000000 -0.004943 0.993230 -0.116055 12.246100 -0.001342 0.116050 0.993242 0.234600 0.000000 0.000000 0.000000 1.000000
0.999988 0.004804 0.001350 0.000000 -0.004617 0.993374 -0.114836 12.246100 -0.001893 0.114829 0.993384 0.234600 0.000000 0.000000 0.000000 1.000000
0.999986 0.004833 0.002245 0.000000 -0.004549 0.993629 -0.112610 12.246100 -0.002775 0.112599 0.993637 0.234600 0.000000 0.000000 0.000000 1.000000
0.999985 0.005302 0.001634 -0.000000 -0.005084 0.993588 -0.112943 12.246100 -0.002222 0.112933 0.993600 0.234600 0.000000 0.000000 0.000000 1.000000
0.999989 0.003792 -0.002767 0.000000 -0.004093 0.992948 -0.118482 12.246100 0.002298 0.118492 0.992952 0.234600 0.000000 0.000000 0.000000 1.000000
0.999953 -0.000124 -0.009645 0.000000 -0.001075 0.992260 -0.124177 12.246100 0.009586 0.124181 0.992213 0.234600 0.000000 0.000000 0.000000 1.000000
0.999900 -0.004711 -0.013335 0.000000 0.003042 0.992455 -0.122571 12.246100 0.013812 0.122518 0.992370 0.234600 0.000000 0.000000 0.000000 1.000000
0.999919 -0.008007 -0.009890 0.000000 0.006828 0.993455 -0.114023 12.246100 0.010738 0.113946 0.993429 0.234600 0.000000 0.000000 0.000000 1.000000
0.999958 -0.009096 -0.000531 0.000000 0.008987 0.994185 -0.107311 12.246100 0.001504 0.107302 0.994225 0.234600 0.000000 0.000000 0.000000 1.000000
0.999899 -0.009359 0.010721 0.000000 0.010479 0.993913 -0.109671 12.246100 -0.009629 0.109773 0.993910 0.234600 0.000000 0.000000 0.000000 1.000000
0.999749 -0.007677 0.021043 0.000000 0.010092 0.993065 -0.117130 12.246100 -0.019998 0.117313 0.992894 0.234600 0.000000 0.000000 0.000000 1.000000
0.999603 -0.002041 0.028110 0.000000 0.005423 0.992665 -0.120772 12.246100 -0.027658 0.120877 0.992282 0.234600 0.000000 0.000000 0.000000 1.000000
0.999520 0.005041 0.030559 0.000000 -0.001440 0.993161 -0.116740 12.246100 -0.030938 0.116640 0.992692 0.234600 0.000000 0.000000 0.000000 1.000000
0.999538 0.008210 0.029249 0.000000 -0.004996 0.994103 -0.108321 12.246100 -0.029966 0.108125 0.993686 0.234600 0.000000 0.000000 0.000000 1.000000
0.999625 0.005733 0.026786 -0.000000 -0.003020 0.994959 -0.100235 12.246100 -0.027225 0.100117 0.994603 0.234600 0.000000 0.000000 0.000000 1.000000
0.999686 0.000245 0.025067 0.000000 0.002120 0.995545 -0.094264 12.246100 -0.024978 0.094287 0.995232 0.234600 0.000000 0.000000 0.000000 1.000000
0.999704 -0.005525 0.023684 -0.000000 0.007569 0.996169 -0.087126 12.246100 -0.023112 0.087279 0.995916 0.234600 0.000000 0.000000 0.000000 1.000000
0.999728 -0.010866 0.020628 0.000000 0.012526 0.996545 -0.082110 12.246100 -0.019665 0.082346 0.996410 0.234600 0.000000 0.000000 0.000000 1.000000
0.999771 -0.014741 0.015484 0.000000 0.015971 0.996460 -0.082534 12.246100 -0.014213 0.082762 0.996468 0.234600 0.000000 0.000000 0.000000 1.000000
0.999730 -0.021298 0.009264 0.000000 0.022044 0.995717 -0.089782 12.246100 -0.007312 0.089962 0.995918 0.234600 0.000000 0.000000 0.000000 1.000000
0.999614 -0.027591 0.003276 0.000000 0.027781 0.994351 -0.102438 12.246100 -0.000431 0.102490 0.994734 0.234600 0.000000 0.000000 0.000000 1.000000
0.999621 -0.027519 -0.001014 0.000000 0.027222 0.993048 -0.114519 12.246100 0.004158 0.114448 0.993421 0.234600 0.000000 0.000000 0.000000 1.000000
0.999803 -0.019705 -0.002348 -0.000000 0.019269 0.992280 -0.122513 12.246100 0.004744 0.122444 0.992464 0.234600 0.000000 0.000000 0.000000 1.000000
0.999945 -0.010514 0.000171 -0.000000 0.010450 0.991771 -0.127597 12.246100 0.001172 0.127592 0.991826 0.234600 0.000000 0.000000 0.000000 1.000000
0.999957 -0.007792 0.005022 0.000000 0.008391 0.991097 -0.132877 12.246100 -0.003942 0.132913 0.991120 0.234600 0.000000 0.000000 0.000000 1.000000
