<?xml version="1.0" encoding="utf-8"?>
<COLLADA xmlns="http://www.collada.org/2005/11/COLLADASchema" version="1.4.1">
  <asset>
    <contributor>
      <author>Mixamo</author>
      <authoring_tool>COLLADA Mixamo exporter</authoring_tool>
      <comments/>
    </contributor>
    <created>2024-04-04T04:21:07Z</created>
    <modified>2024-04-04T04:21:07Z</modified>
    <revision/>
    <title/>
    <unit meter="0.010000"/>
    <up_axis>Y_UP</up_axis>
  </asset>
  <library_animations>
    <animation id="Armature-anim" name="Armature">
      <source id="Armature-Matrix-animation-input">
        <float_array id="Armature-Matrix-animation-input-array" count="137">

0.000000 0.033333 0.066667 0.100000 0.133333 0.166667 0.200000 0.233333 0.266667 0.300000 0.333333 0.366667 0.400000 0.433333 0.466667 0.500000
0.533333 0.566667 0.600000 0.633333 0.666667 0.700000 0.733333 0.766667 0.800000 0.833333 0.866667 0.900000 0.933333 0.966667 1.000000 1.033333
1.066667 1.100000 1.133333 1.166667 1.200000 1.233333 1.266667 1.300000 1.333333 1.366667 1.400000 1.433333 1.466667 1.500000 1.533333 1.566667
1.600000 1.633333 1.666667 1.700000 1.733333 1.766667 1.800000 1.833333 1.866667 1.900000 1.933333 1.966667 2.000000 2.033333 2.066667 2.100000
2.133333 2.166667 2.200000 2.233333 2.266667 2.300000 2.333333 2.366667 2.400000 2.433333 2.466667 2.500000 2.533333 2.566667 2.600000 2.633333
2.666667 2.700000 2.733333 2.766667 2.800000 2.833333 2.866667 2.900000 2.933333 2.966667 3.000000 3.033333 3.066667 3.100000 3.133333 3.166667
3.200000 3.233333 3.266667 3.300000 3.333333 3.366667 3.400000 3.433333 3.466667 3.500000 3.533333 3.566667 3.600000 3.633333 3.666667 3.700000
3.733333 3.766667 3.800000 3.833333 3.866667 3.900000 3.933333 3.966667 4.000000 4.033333 4.066667 4.100000 4.133333 4.166667 4.200000 4.233333
4.266667 4.300000 4.333333 4.366667 4.400000 4.433333 4.466667 4.500000 4.533333</float_array>
        <technique_common>
          <accessor source="#Armature-Matrix-animation-input-array" count="137">
            <param name="TIME" type="float"/>
          </accessor>
        </technique_common>
      </source>
      <source id="Armature-Matrix-animation-output-transform">
        <float_array id="Armature-Matrix-animation-output-transform-array" count="2192">

1.000000 0.000000 0.000000 0.000000 0.000000 1.000000 0.000000 0.000000 0.000000 0.000000 1.000000 0.000000 0.000000 0.000000 0.000000 1.000000
1.000000 0.000000 0.000000 0.000000 0.000000 1.000000 0.000000 0.000000 0.000000 0.000000 1.000000 0.000000 0.000000 0.000000 0.000000 1.000000
1.000000 0.000000 0.000000 0.000000 0.000000 1.000000 0.000000 0.000000 0.000000 0.000000 1.000000 0.000000 0.000000 0.000000 0.000000 1.000000
1.000000 0.000000 0.000000 0.000000 0.000000 1.000000 0.000000 0.000000 0.000000 0.000000 1.000000 0.000000 0.000000 0.000000 0.000000 1.000000
1.000000 0.000000 0.000000 0.000000 0.000000 1.000000 0.000000 0.000000 0.000000 0.000000 1.000000 0.000000 0.000000 0.000000 0.000000 1.000000
1.000000 0.000000 0.000000 0.000000 0.000000 1.000000 0.000000 0.000000 0.000000 0.000000 1.000000 0.000000 0.000000 0.000000 0.000000 1.000000
1.000000 0.000000 0.000000 0.000000 0.000000 1.000000 0.000000 0.000000 0.000000 0.000000 1.000000 0.000000 0.000000 0.000000 0.000000 1.000000
1.000000 0.000000 0.000000 0.000000 0.000000 1.000000 0.000000 0.000000 0.000000 0.000000 1.000000 0.000000 0.000000 0.000000 0.000000 1.000000
1.000000 0.000000 0.000000 0.000000 0.000000 1.000000 0.000000 0.000000 0.000000 0.000000 1.000000 0.000000 0.000000 0.000000 0.000000 1.000000
1.000000 0.000000 0.000000 0.000000 0.000000 1.000000 0.000000 0.000000 0.000000 0.000000 1.000000 0.000000 0.000000 0.000000 0.000000 1.000000
1.000000 0.000000 0.000000 0.000000 0.000000 1.000000 0.000000 0.000000 0.000000 0.000000 1.000000 0.000000 0.000000 0.000000 0.000000 1.000000
1.000000 0.000000 0.000000 0.000000 0.000000 1.000000 0.000000 0.000000 0.000000 0.000000 1.000000 0.000000 0.000000 0.000000 0.000000 1.000000
1.000000 0.000000 0.000000 0.000000 0.000000 1.000000 0.000000 0.000000 0.000000 0.000000 1.000000 0.000000 0.000000 0.000000 0.000000 1.000000
1.000000 0.000000 0.000000 0.000000 0.000000 1.000000 0.000000 0.000000 0.000000 0.000000 1.000000 0.000000 0.000000 0.000000 0.000000 1.000000
1.000000 0.000000 0.000000 0.000000 0.000000 1.000000 0.000000 0.000000 0.000000 0.000000 1.000000 0.000000 0.000000 0.000000 0.000000 1.000000
1.000000 0.000000 0.000000 0.000000 0.000000 1.000000 0.000000 0.000000 0.000000 0.000000 1.000000 0.000000 0.000000 0.000000 0.000000 1.000000
1.000000 0.000000 0.000000 0.000000 0.000000 1.000000 0.000000 0.000000 0.000000 0.000000 1.000000 0.000000 0.000000 0.000000 0.000000 1.000000
1.000000 0.000000 0.000000 0.000000 0.000000 1.000000 0.000000 0.000000 0.000000 0.000000 1.000000 0.000000 0.000000 0.000000 0.000000 1.000000
1.000000 0.000000 0.000000 0.000000 0.000000 1.000000 0.000000 0.000000 0.000000 0.000000 1.000000 0.000000 0.000000 0.000000 0.000000 1.000000
1.000000 0.000000 0.000000 0.000000 0.000000 1.000000 0.000000 0.000000 0.000000 0.000000 1.000000 0.000000 0.000000 0.000000 0.000000 1.000000
1.000000 0.000000 0.000000 0.000000 0.000000 1.000000 0.000000 0.000000 0.000000 0.000000 1.000000 0.000000 0.000000 0.000000 0.000000 1.000000
1.000000 0.000000 0.000000 0.000000 0.000000 1.000000 0.000000 0.000000 0.000000 0.000000 1.000000 0.000000 0.000000 0.000000 0.000000 1.000000
1.000000 0.000000 0.000000 0.000000 0.000000 1.000000 0.000000 0.000000 0.000000 0.000000 1.000000 0.000000 0.000000 0.000000 0.000000 1.000000
1.000000 0.000000 0.000000 0.000000 0.000000 1.000000 0.000000 0.000000 0.000000 0.000000 1.000000 0.000000 0.000000 0.000000 0.000000 1.000000
1.000000 0.000000 0.000000 0.000000 0.000000 1.000000 0.000000 0.000000 0.000000 0.000000 1.000000 0.000000 0.000000 0.000000 0.000000 1.000000
1.000000 0.000000 0.000000 0.000000 0.000000 1.000000 0.000000 0.000000 0.000000 0.000000 1.000000 0.000000 0.000000 0.000000 0.000000 1.000000
1.000000 0.000000 0.000000 0.000000 0.000000 1.000000 0.000000 0.000000 0.000000 0.000000 1.000000 0.000000 0.000000 0.000000 0.000000 1.000000
1.000000 0.000000 0.000000 0.000000 0.000000 1.000000 0.000000 0.000000 0.000000 0.000000 1.000000 0.000000 0.000000 0.000000 0.000000 1.000000
1.000000 0.000000 0.000000 0.000000 0.000000 1.000000 0.000000 0.000000 0.000000 0.000000 1.000000 0.000000 0.000000 0.000000 0.000000 1.000000
1.000000 0.000000 0.000000 0.000000 0.000000 1.000000 0.000000 0.000000 0.000000 0.000000 1.000000 0.000000 0.000000 0.000000 0.000000 1.000000
1.000000 0.000000 0.000000 0.000000 0.000000 1.000000 0.000000 0.000000 0.000000 0.000000 1.000000 0.000000 0.000000 0.000000 0.000000 1.000000
1.000000 0.000000 0.000000 0.000000 0.000000 1.000000 0.000000 0.000000 0.000000 0.000000 1.000000 0.000000 0.000000 0.000000 0.000000 1.000000
1.000000 0.000000 0.000000 0.000000 0.000000 1.000000 0.000000 0.000000 0.000000 0.000000 1.000000 0.000000 0.000000 0.000000 0.000000 1.000000
1.000000 0.000000 0.000000 0.000000 0.000000 1.000000 0.000000 0.000000 0.000000 0.000000 1.000000 0.000000 0.000000 0.000000 0.000000 1.000000
1.000000 0.000000 0.000000 0.000000 0.000000 1.000000 0.000000 0.000000 0.000000 0.000000 1.000000 0.000000 0.000000 0.000000 0.000000 1.000000
1.000000 0.000000 0.000000 0.000000 0.000000 1.000000 0.000000 0.000000 0.000000 0.000000 1.000000 0.000000 0.000000 0.000000 0.000000 1.000000
1.000000 0.000000 0.000000 0.000000 0.000000 1.000000 0.000000 0.000000 0.000000 0.000000 1.000000 0.000000 0.000000 0.000000 0.000000 1.000000
1.000000 0.000000 0.000000 0.000000 0.000000 1.000000 0.000000 0.000000 0.000000 0.000000 1.000000 0.000000 0.000000 0.000000 0.000000 1.000000
1.000000 0.000000 0.000000 0.000000 0.000000 1.000000 0.000000 0.000000 0.000000 0.000000 1.000000 0.000000 0.000000 0.000000 0.000000 1.000000
1.000000 0.000000 0.000000 0.000000 0.000000 1.000000 0.000000 0.000000 0.000000 0.000000 1.000000 0.000000 0.000000 0.000000 0.000000 1.000000
1.000000 0.000000 0.000000 0.000000 0.000000 1.000000 0.000000 0.000000 0.000000 0.000000 1.000000 0.000000 0.000000 0.000000 0.000000 1.000000
1.000000 0.000000 0.000000 0.000000 0.000000 1.000000 0.000000 0.000000 0.000000 0.000000 1.000000 0.000000 0.000000 0.000000 0.000000 1.000000
1.000000 0.000000 0.000000 0.000000 0.000000 1.000000 0.000000 0.000000 0.000000 0.000000 1.000000 0.000000 0.000000 0.000000 0.000000 1.000000
1.000000 0.000000 0.000000 0.000000 0.000000 1.000000 0.000000 0.000000 0.000000 0.000000 1.000000 0.000000 0.000000 0.000000 0.000000 1.000000
1.000000 0.000000 0.000000 0.000000 0.000000 1.000000 0.000000 0.000000 0.000000 0.000000 1.000000 0.000000 0.000000 0.000000 0.000000 1.000000
1.000000 0.000000 0.000000 0.000000 0.000000 1.000000 0.000000 0.000000 0.000000 0.000000 1.000000 0.000000 0.000000 0.000000 0.000000 1.000000
1.000000 0.000000 0.000000 0.000000 0.000000 1.000000 0.000000 0.000000 0.000000 0.000000 1.000000 0.000000 0.000000 0.000000 0.000000 1.000000
1.000000 0.000000 0.000000 0.000000 0.000000 1.000000 0.000000 0.000000 0.000000 0.000000 1.000000 0.000000 0.000000 0.000000 0.000000 1.000000
1.000000 0.000000 0.000000 0.000000 0.000000 1.000000 0.000000 0.000000 0.000000 0.000000 1.000000 0.000000 0.000000 0.000000 0.000000 1.000000
1.000000 0.000000 0.000000 0.000000 0.000000 1.000000 0.000000 0.000000 0.000000 0.000000 1.000000 0.000000 0.000000 0.000000 0.000000 1.000000
1.000000 0.000000 0.000000 0.000000 0.000000 1.000000 0.000000 0.000000 0.000000 0.000000 1.000000 0.000000 0.000000 0.000000 0.000000 1.000000
1.000000 0.000000 0.000000 0.000000 0.000000 1.000000 0.000000 0.000000 0.000000 0.000000 1.000000 0.000000 0.000000 0.000000 0.000000 1.000000
1.000000 0.000000 0.000000 0.000000 0.000000 1.000000 0.000000 0.000000 0.000000 0.000000 1.000000 0.000000 0.000000 0.000000 0.000000 1.000000
1.000000 0.000000 0.000000 0.000000 0.000000 1.000000 0.000000 0.000000 0.000000 0.000000 1.000000 0.000000 0.000000 0.000000 0.000000 1.000000
1.000000 0.000000 0.000000 0.000000 0.000000 1.000000 0.000000 0.000000 0.000000 0.000000 1.000000 0.000000 0.000000 0.000000 0.000000 1.000000
1.000000 0.000000 0.000000 0.000000 0.000000 1.000000 0.000000 0.000000 0.000000 0.000000 1.000000 0.000000 0.000000 0.000000 0.000000 1.000000
1.000000 0.000000 0.000000 0.000000 0.000000 1.000000 0.000000 0.000000 0.000000 0.000000 1.000000 0.000000 0.000000 0.000000 0.000000 1.000000
1.000000 0.000000 0.000000 0.000000 0.000000 1.000000 0.000000 0.000000 0.000000 0.000000 1.000000 0.000000 0.000000 0.000000 0.000000 1.000000
1.000000 0.000000 0.000000 0.000000 0.000000 1.000000 0.000000 0.000000 0.000000 0.000000 1.000000 0.000000 0.000000 0.000000 0.000000 1.000000
1.000000 0.000000 0.000000 0.000000 0.000000 1.000000 0.000000 0.000000 0.000000 0.000000 1.000000 0.000000 0.000000 0.000000 0.000000 1.000000
1.000000 0.000000 0.000000 0.000000 0.000000 1.000000 0.000000 0.000000 0.000000 0.000000 1.000000 0.000000 0.000000 0.000000 0.000000 1.000000
1.000000 0.000000 0.000000 0.000000 0.000000 1.000000 0.000000 0.000000 0.000000 0.000000 1.000000 0.000000 0.000000 0.000000 0.000000 1.000000
1.000000 0.000000 0.000000 0.000000 0.000000 1.000000 0.000000 0.000000 0.000000 0.000000 1.000000 0.000000 0.000000 0.000000 0.000000 1.000000
1.000000 0.000000 0.000000 0.000000 0.000000 1.000000 0.000000 0.000000 0.000000 0.000000 1.000000 0.000000 0.000000 0.000000 0.000000 1.000000
1.000000 0.000000 0.000000 0.000000 0.000000 1.000000 0.000000 0.000000 0.000000 0.000000 1.000000 0.000000 0.000000 0.000000 0.000000 1.000000
1.000000 0.000000 0.000000 0.000000 0.000000 1.000000 0.000000 0.000000 0.000000 0.000000 1.000000 0.000000 0.000000 0.000000 0.000000 1.000000
1.000000 0.000000 0.000000 0.000000 0.000000 1.000000 0.000000 0.000000 0.000000 0.000000 1.000000 0.000000 0.000000 0.000000 0.000000 1.000000
1.000000 0.000000 0.000000 0.000000 0.000000 1.000000 0.000000 0.000000 0.000000 0.000000 1.000000 0.000000 0.000000 0.000000 0.000000 1.000000
1.000000 0.000000 0.000000 0.000000 0.000000 1.000000 0.000000 0.000000 0.000000 0.000000 1.000000 0.000000 0.000000 0.000000 0.000000 1.000000
1.000000 0.000000 0.000000 0.000000 0.000000 1.000000 0.000000 0.000000 0.000000 0.000000 1.000000 0.000000 0.000000 0.000000 0.000000 1.000000
1.000000 0.000000 0.000000 0.000000 0.000000 1.000000 0.000000 0.000000 0.000000 0.000000 1.000000 0.000000 0.000000 0.000000 0.000000 1.000000
1.000000 0.000000 0.000000 0.000000 0.000000 1.000000 0.000000 0.000000 0.000000 0.000000 1.000000 0.000000 0.000000 0.000000 0.000000 1.000000
1.000000 0.000000 0.000000 0.000000 0.000000 1.000000 0.000000 0.000000 0.000000 0.000000 1.000000 0.000000 0.000000 0.000000 0.000000 1.000000
1.000000 0.000000 0.000000 0.000000 0.000000 1.000000 0.000000 0.000000 0.000000 0.000000 1.000000 0.000000 0.000000 0.000000 0.000000 1.000000
1.000000 0.000000 0.000000 0.000000 0.000000 1.000000 0.000000 0.000000 0.000000 0.000000 1.000000 0.000000 0.000000 0.000000 0.000000 1.000000
1.000000 0.000000 0.000000 0.000000 0.000000 1.000000 0.000000 0.000000 0.000000 0.000000 1.000000 0.000000 0.000000 0.000000 0.000000 1.000000
1.000000 0.000000 0.000000 0.000000 0.000000 1.000000 0.000000 0.000000 0.000000 0.000000 1.000000 0.000000 0.000000 0.000000 0.000000 1.000000
1.000000 0.000000 0.000000 0.000000 0.000000 1.000000 0.000000 0.000000 0.000000 0.000000 1.000000 0.000000 0.000000 0.000000 0.000000 1.000000
1.000000 0.000000 0.000000 0.000000 0.000000 1.000000 0.000000 0.000000 0.000000 0.000000 1.000000 0.000000 0.000000 0.000000 0.000000 1.000000
1.000000 0.000000 0.000000 0.000000 0.000000 1.000000 0.000000 0.000000 0.000000 0.000000 1.000000 0.000000 0.000000 0.000000 0.000000 1.000000
1.000000 0.000000 0.000000 0.000000 0.000000 1.000000 0.000000 0.000000 0.000000 0.000000 1.000000 0.000000 0.000000 0.000000 0.000000 1.000000
1.000000 0.000000 0.000000 0.000000 0.000000 1.000000 0.000000 0.000000 0.000000 0.000000 1.000000 0.000000 0.000000 0.000000 0.000000 1.000000
1.000000 0.000000 0.000000 0.000000 0.000000 1.000000 0.000000 0.000000 0.000000 0.000000 1.000000 0.000000 0.000000 0.000000 0.000000 1.000000
1.000000 0.000000 0.000000 0.000000 0.000000 1.000000 0.000000 0.000000 0.000000 0.000000 1.000000 0.000000 0.000000 0.000000 0.000000 1.000000
1.000000 0.000000 0.000000 0.000000 0.000000 1.000000 0.000000 0.000000 0.000000 0.000000 1.000000 0.000000 0.000000 0.000000 0.000000 1.000000
1.000000 0.000000 0.000000 0.000000 0.000000 1.000000 0.000000 0.000000 0.000000 0.000000 1.000000 0.000000 0.000000 0.000000 0.000000 1.000000
1.000000 0.000000 0.000000 0.000000 0.000000 1.000000 0.000000 0.000000 0.000000 0.000000 1.000000 0.000000 0.000000 0.000000 0.000000 1.000000
1.000000 0.000000 0.000000 0.000000 0.000000 1.000000 0.000000 0.000000 0.000000 0.000000 1.000000 0.000000 0.000000 0.000000 0.000000 1.000000
1.000000 0.000000 0.000000 0.000000 0.000000 1.000000 0.000000 0.000000 0.000000 0.000000 1.000000 0.000000 0.000000 0.000000 0.000000 1.000000
1.000000 0.000000 0.000000 0.000000 0.000000 1.000000 0.000000 0.000000 0.000000 0.000000 1.000000 0.000000 0.000000 0.000000 0.000000 1.000000
1.000000 0.000000 0.000000 0.000000 0.000000 1.000000 0.000000 0.000000 0.000000 0.000000 1.000000 0.000000 0.000000 0.000000 0.000000 1.000000
1.000000 0.000000 0.000000 0.000000 0.000000 1.000000 0.000000 0.000000 0.000000 0.000000 1.000000 0.000000 0.000000 0.000000 0.000000 1.000000
1.000000 0.000000 0.000000 0.000000 0.000000 1.000000 0.000000 0.000000 0.000000 0.000000 1.000000 0.000000 0.000000 0.000000 0.000000 1.000000
1.000000 0.000000 0.000000 0.000000 0.000000 1.000000 0.000000 0.000000 0.000000 0.000000 1.000000 0.000000 0.000000 0.000000 0.000000 1.000000
1.000000 0.000000 0.000000 0.000000 0.000000 1.000000 0.000000 0.000000 0.000000 0.000000 1.000000 0.000000 0.000000 0.000000 0.000000 1.000000
1.000000 0.000000 0.000000 0.000000 0.000000 1.000000 0.000000 0.000000 0.000000 0.000000 1.000000 0.000000 0.000000 0.000000 0.000000 1.000000
1.000000 0.000000 0.000000 0.000000 0.000000 1.000000 0.000000 0.000000 0.000000 0.000000 1.000000 0.000000 0.000000 0.000000 0.000000 1.000000
1.000000 0.000000 0.000000 0.000000 0.000000 1.000000 0.000000 0.000000 0.000000 0.000000 1.000000 0.000000 0.000000 0.000000 0.000000 1.000000
1.000000 0.000000 0.000000 0.000000 0.000000 1.000000 0.000000 0.000000 0.000000 0.000000 1.000000 0.000000 0.000000 0.000000 0.000000 1.000000
1.000000 0.000000 0.000000 0.000000 0.000000 1.000000 0.000000 0.000000 0.000000 0.000000 1.000000 0.000000 0.000000 0.000000 0.000000 1.000000
1.000000 0.000000 0.000000 0.000000 0.000000 1.000000 0.000000 0.000000 0.000000 0.000000 1.000000 0.000000 0.000000 0.000000 0.000000 1.000000
1.000000 0.000000 0.000000 0.000000 0.000000 1.000000 0.000000 0.000000 0.000000 0.000000 1.000000 0.000000 0.000000 0.000000 0.000000 1.000000
1.000000 0.000000 0.000000 0.000000 0.000000 1.000000 0.000000 0.000000 0.000000 0.000000 1.000000 0.000000 0.000000 0.000000 0.000000 1.000000
1.000000 0.000000 0.000000 0.000000 0.000000 1.000000 0.000000 0.000000 0.000000 0.000000 1.000000 0.000000 0.000000 0.000000 0.000000 1.000000
1.000000 0.000000 0.000000 0.000000 0.000000 1.000000 0.000000 0.000000 0.000000 0.000000 1.000000 0.000000 0.000000 0.000000 0.000000 1.000000
1.000000 0.000000 0.000000 0.000000 0.000000 1.000000 0.000000 0.000000 0.000000 0.000000 1.000000 0.000000 0.000000 0.000000 0.000000 1.000000
1.000000 0.000000 0.000000 0.000000 0.000000 1.000000 0.000000 0.000000 0.000000 0.000000 1.000000 0.000000 0.000000 0.000000 0.000000 1.000000
1.000000 0.000000 0.000000 0.000000 0.000000 1.000000 0.000000 0.000000 0.000000 0.000000 1.000000 0.000000 0.000000 0.000000 0.000000 1.000000
1.000000 0.000000 0.000000 0.000000 0.000000 1.000000 0.000000 0.000000 0.000000 0.000000 1.000000 0.000000 0.000000 0.000000 0.000000 1.000000
1.000000 0.000000 0.000000 0.000000 0.000000 1.000000 0.000000 0.000000 0.000000 0.000000 1.000000 0.000000 0.000000 0.000000 0.000000 1.000000
1.000000 0.000000 0.000000 0.000000 0.000000 1.000000 0.000000 0.000000 0.000000 0.000000 1.000000 0.000000 0.000000 0.000000 0.000000 1.000000
1.000000 0.000000 0.000000 0.000000 0.000000 1.000000 0.000000 0.000000 0.000000 0.000000 1.000000 0.000000 0.000000 0.000000 0.000000 1.000000
1.000000 0.000000 0.000000 0.000000 0.000000 1.000000 0.000000 0.000000 0.000000 0.000000 1.000000 0.000000 0.000000 0.000000 0.000000 1.000000
1.000000 0.000000 0.000000 0.000000 0.000000 1.000000 0.000000 0.000000 0.000000 0.000000 1.000000 0.000000 0.000000 0.000000 0.000000 1.000000
1.000000 0.000000 0.000000 0.000000 0.000000 1.000000 0.000000 0.000000 0.000000 0.000000 1.000000 0.000000 0.000000 0.000000 0.000000 1.000000
1.000000 0.000000 0.000000 0.000000 0.000000 1.000000 0.000000 0.000000 0.000000 0.000000 1.000000 0.000000 0.000000 0.000000 0.000000 1.000000
1.000000 0.000000 0.000000 0.000000 0.000000 1.000000 0.000000 0.000000 0.000000 0.000000 1.000000 0.000000 0.000000 0.000000 0.000000 1.000000
1.000000 0.000000 0.000000 0.000000 0.000000 1.000000 0.000000 0.000000 0.000000 0.000000 1.000000 0.000000 0.000000 0.000000 0.000000 1.000000
1.000000 0.000000 0.000000 0.000000 0.000000 1.000000 0.000000 0.000000 0.000000 0.000000 1.000000 0.000000 0.000000 0.000000 0.000000 1.000000
1.000000 0.000000 0.000000 0.000000 0.000000 1.000000 0.000000 0.000000 0.000000 0.000000 1.000000 0.000000 0.000000 0.000000 0.000000 1.000000
1.000000 0.000000 0.000000 0.000000 0.000000 1.000000 0.000000 0.000000 0.000000 0.000000 1.000000 0.000000 0.000000 0.000000 0.000000 1.000000
1.000000 0.000000 0.000000 0.000000 0.000000 1.000000 0.000000 0.000000 0.000000 0.000000 1.000000 0.000000 0.000000 0.000000 0.000000 1.000000
1.000000 0.000000 0.000000 0.000000 0.000000 1.000000 0.000000 0.000000 0.000000 0.000000 1.000000 0.000000 0.000000 0.000000 0.000000 1.000000
1.000000 0.000000 0.000000 0.000000 0.000000 1.000000 0.000000 0.000000 0.000000 0.000000 1.000000 0.000000 0.000000 0.000000 0.000000 1.000000
1.000000 0.000000 0.000000 0.000000 0.000000 1.000000 0.000000 0.000000 0.000000 0.000000 1.000000 0.000000 0.000000 0.000000 0.000000 1.000000
1.000000 0.000000 0.000000 0.000000 0.000000 1.000000 0.000000 0.000000 0.000000 0.000000 1.000000 0.000000 0.000000 0.000000 0.000000 1.000000
1.000000 0.000000 0.000000 0.000000 0.000000 1.000000 0.000000 0.000000 0.000000 0.000000 1.000000 0.000000 0.000000 0.000000 0.000000 1.000000
1.000000 0.000000 0.000000 0.000000 0.000000 1.000000 0.000000 0.000000 0.000000 0.000000 1.000000 0.000000 0.000000 0.000000 0.000000 1.000000
1.000000 0.000000 0.000000 0.000000 0.000000 1.000000 0.000000 0.000000 0.000000 0.000000 1.000000 0.000000 0.000000 0.000000 0.000000 1.000000
1.000000 0.000000 0.000000 0.000000 0.000000 1.000000 0.000000 0.000000 0.000000 0.000000 1.000000 0.000000 0.000000 0.000000 0.000000 1.000000
1.000000 0.000000 0.000000 0.000000 0.000000 1.000000 0.000000 0.000000 0.000000 0.000000 1.000000 0.000000 0.000000 0.000000 0.000000 1.000000
1.000000 0.000000 0.000000 0.000000 0.000000 1.000000 0.000000 0.000000 0.000000 0.000000 1.000000 0.000000 0.000000 0.000000 0.000000 1.000000
1.000000 0.000000 0.000000 0.000000 0.000000 1.000000 0.000000 0.000000 0.000000 0.000000 1.000000 0.000000 0.000000 0.000000 0.000000 1.000000
1.000000 0.000000 0.000000 0.000000 0.000000 1.000000 0.000000 0.000000 0.000000 0.000000 1.000000 0.000000 0.000000 0.000000 0.000000 1.000000
1.000000 0.000000 0.000000 0.000000 0.000000 1.000000 0.000000 0.000000 0.000000 0.000000 1.000000 0.000000 0.000000 0.000000 0.000000 1.000000
1.000000 0.000000 0.000000 0.000000 0.000000 1.000000 0.000000 0.000000 0.000000 0.000000 1.000000 0.000000 0.000000 0.000000 0.000000 1.000000
1.000000 0.000000 0.000000 0.000000 0.000000 1.000000 0.000000 0.000000 0.000000 0.000000 1.000000 0.000000 0.000000 0.000000 0.000000 1.000000</float_array>
        <technique_common>
          <accessor source="#Armature-Matrix-animation-output-transform-array" count="137" stride="16">
            <param type="float4x4"/>
          </accessor>
        </technique_common>
      </source>
      <source id="Armature-Interpolations">
        <Name_array id="Armature-Interpolations-array" count="137">
 LINEAR LINEAR LINEAR LINEAR LINEAR LINEAR LINEAR LINEAR LINEAR LINEAR LINEAR
LINEAR LINEAR LINEAR LINEAR LINEAR LINEAR LINEAR LINEAR LINEAR LINEAR LINEAR LINEAR
LINEAR LINEAR LINEAR LINEAR LINEAR LINEAR LINEAR LINEAR LINEAR LINEAR LINEAR LINEAR
LINEAR LINEAR LINEAR LINEAR LINEAR LINEAR LINEAR LINEAR LINEAR LINEAR LINEAR LINEAR
LINEAR LINEAR LINEAR LINEAR LINEAR LINEAR LINEAR LINEAR LINEAR LINEAR LINEAR LINEAR
LINEAR LINEAR LINEAR LINEAR LINEAR LINEAR LINEAR LINEAR LINEAR LINEAR LINEAR LINEAR
LINEAR LINEAR LINEAR LINEAR LINEAR LINEAR LINEAR LINEAR LINEAR LINEAR LINEAR LINEAR
LINEAR LINEAR LINEAR LINEAR LINEAR LINEAR LINEAR LINEAR LINEAR LINEAR LINEAR LINEAR
LINEAR LINEAR LINEAR LINEAR LINEAR LINEAR LINEAR LINEAR LINEAR LINEAR LINEAR LINEAR
LINEAR LINEAR LINEAR LINEAR LINEAR LINEAR LINEAR LINEAR LINEAR LINEAR LINEAR LINEAR
LINEAR LINEAR LINEAR LINEAR LINEAR LINEAR LINEAR LINEAR LINEAR LINEAR LINEAR LINEAR
LINEAR LINEAR LINEAR LINEAR LINEAR LINEAR</Name_array>
        <technique_common>
          <accessor source="#Armature-Interpolations-array" count="137">
            <param type="name"/>
          </accessor>
        </technique_common>
      </source>
      <sampler id="Armature-Matrix-animation-transform">
        <input semantic="INPUT" source="#Armature-Matrix-animation-input"/>
        <input semantic="OUTPUT" source="#Armature-Matrix-animation-output-transform"/>
        <input semantic="INTERPOLATION" source="#Armature-Interpolations"/>
      </sampler>
      <channel source="#Armature-Matrix-animation-transform" target="Armature/matrix"/>
    </animation>
    <animation id="mixamorig_Hips-anim" name="mixamorig_Hips">
      <source id="mixamorig_Hips-Matrix-animation-input">
        <float_array id="mixamorig_Hips-Matrix-animation-input-array" count="137">

0.000000 0.033333 0.066667 0.100000 0.133333 0.166667 0.200000 0.233333 0.266667 0.300000 0.333333 0.366667 0.400000 0.433333 0.466667 0.500000
0.533333 0.566667 0.600000 0.633333 0.666667 0.700000 0.733333 0.766667 0.800000 0.833333 0.866667 0.900000 0.933333 0.966667 1.000000 1.033333
1.066667 1.100000 1.133333 1.166667 1.200000 1.233333 1.266667 1.300000 1.333333 1.366667 1.400000 1.433333 1.466667 1.500000 1.533333 1.566667
1.600000 1.633333 1.666667 1.700000 1.733333 1.766667 1.800000 1.833333 1.866667 1.900000 1.933333 1.966667 2.000000 2.033333 2.066667 2.100000
2.133333 2.166667 2.200000 2.233333 2.266667 2.300000 2.333333 2.366667 2.400000 2.433333 2.466667 2.500000 2.533333 2.566667 2.600000 2.633333
2.666667 2.700000 2.733333 2.766667 2.800000 2.833333 2.866667 2.900000 2.933333 2.966667 3.000000 3.033333 3.066667 3.100000 3.133333 3.166667
3.200000 3.233333 3.266667 3.300000 3.333333 3.366667 3.400000 3.433333 3.466667 3.500000 3.533333 3.566667 3.600000 3.633333 3.666667 3.700000
3.733333 3.766667 3.800000 3.833333 3.866667 3.900000 3.933333 3.966667 4.000000 4.033333 4.066667 4.100000 4.133333 4.166667 4.200000 4.233333
4.266667 4.300000 4.333333 4.366667 4.400000 4.433333 4.466667 4.500000 4.533333</float_array>
        <technique_common>
          <accessor source="#mixamorig_Hips-Matrix-animation-input-array" count="137">
            <param name="TIME" type="float"/>
          </accessor>
        </technique_common>
      </source>
      <source id="mixamorig_Hips-Matrix-animation-output-transform">
        <float_array id="mixamorig_Hips-Matrix-animation-output-transform-array" count="2192">

0.996394 -0.019789 -0.082511 -6.611451 0.013622 0.997117 -0.074647 102.855309 0.083750 0.073254 0.993791 -11.388720 0.000000 0.000000 0.000000 1.000000
0.995122 -0.023275 -0.095870 -6.094654 0.015645 0.996705 -0.079587 102.964104 0.097406 0.077698 0.992207 -8.197737 0.000000 0.000000 0.000000 1.000000
0.994109 -0.025460 -0.105356 -5.549414 0.015949 0.995800 -0.090152 102.917435 0.107209 0.087940 0.990340 -5.000287 0.000000 0.000000 0.000000 1.000000
0.993992 -0.026338 -0.106238 -5.065932 0.015986 0.995142 -0.097143 102.679070 0.108280 0.094861 0.989584 -1.591955 0.000000 0.000000 0.000000 1.000000
0.994268 -0.025936 -0.103721 -4.512368 0.015955 0.995261 -0.095921 102.191292 0.105717 0.093717 0.989970 2.112249 0.000000 0.000000 0.000000 1.000000
0.994215 -0.023797 -0.104741 -3.736737 0.014382 0.995861 -0.089747 101.410339 0.106443 0.087722 0.990442 6.188568 0.000000 0.000000 0.000000 1.000000
0.993889 -0.024508 -0.107631 -2.869820 0.015224 0.996158 -0.086244 100.644501 0.109331 0.084078 0.990443 10.490376 0.000000 0.000000 0.000000 1.000000
0.992965 -0.029951 -0.114557 -1.939680 0.020069 0.996053 -0.086464 100.143784 0.116695 0.083556 0.989647 14.982102 0.000000 0.000000 0.000000 1.000000
0.990953 -0.039552 -0.128252 -0.814839 0.028511 0.995817 -0.086810 99.785561 0.131150 0.082368 0.987935 19.824091 0.000000 0.000000 0.000000 1.000000
0.989202 -0.052241 -0.136930 0.365536 0.041191 0.995754 -0.082325 99.498619 0.140649 0.075795 0.987154 24.854015 0.000000 0.000000 0.000000 1.000000
0.988968 -0.061999 -0.134533 1.518130 0.053218 0.996270 -0.067920 99.286743 0.138242 0.060011 0.988579 29.819818 0.000000 0.000000 0.000000 1.000000
0.988215 -0.073281 -0.134388 2.707826 0.067003 0.996466 -0.050662 99.436943 0.137626 0.041061 0.989633 34.369389 0.000000 0.000000 0.000000 1.000000
0.985897 -0.088604 -0.141971 3.816908 0.083239 0.995588 -0.043308 99.682648 0.145182 0.030880 0.988923 38.364689 0.000000 0.000000 0.000000 1.000000
0.984772 -0.096112 -0.144868 4.598296 0.090832 0.994952 -0.042652 100.097435 0.148236 0.028844 0.988531 42.085167 0.000000 0.000000 0.000000 1.000000
0.986821 -0.089718 -0.134669 5.028835 0.085480 0.995655 -0.036938 100.790848 0.137398 0.024940 0.990202 45.759182 0.000000 0.000000 0.000000 1.000000
0.990375 -0.079413 -0.113359 5.320124 0.076788 0.996672 -0.027346 101.519531 0.115154 0.018379 0.993178 49.366421 0.000000 0.000000 0.000000 1.000000
0.993688 -0.072292 -0.085777 5.582220 0.071153 0.997333 -0.016272 102.120651 0.086725 0.010067 0.996181 52.854710 0.000000 0.000000 0.000000 1.000000
0.996095 -0.066168 -0.058454 5.819276 0.066042 0.997808 -0.004082 102.568146 0.058596 0.000206 0.998282 56.235573 0.000000 0.000000 0.000000 1.000000
0.997422 -0.059637 -0.039916 6.077658 0.059823 0.998203 0.003467 102.809608 0.039637 -0.005846 0.999197 59.533245 0.000000 0.000000 0.000000 1.000000
0.997972 -0.054887 -0.032241 6.327670 0.055007 0.998482 0.002861 102.849777 0.032035 -0.004629 0.999476 62.811901 0.000000 0.000000 0.000000 1.000000
0.998144 -0.052698 -0.030518 6.509350 0.052536 0.998600 -0.006101 102.726448 0.030797 0.004486 0.999516 66.113342 0.000000 0.000000 0.000000 1.000000
0.998086 -0.053865 -0.030386 6.658098 0.053213 0.998344 -0.021864 102.299217 0.031513 0.020205 0.999299 69.496941 0.000000 0.000000 0.000000 1.000000
0.997862 -0.057902 -0.030302 6.803293 0.056818 0.997754 -0.035487 101.671883 0.032289 0.033689 0.998911 73.125015 0.000000 0.000000 0.000000 1.000000
0.997752 -0.063048 -0.022698 6.815053 0.062098 0.997252 -0.040395 100.891029 0.025182 0.038895 0.998926 77.188347 0.000000 0.000000 0.000000 1.000000
0.997596 -0.069165 -0.004290 6.616555 0.068947 0.996864 -0.038844 99.951889 0.006963 0.038455 0.999236 81.639725 0.000000 0.000000 0.000000 1.000000
0.997701 -0.067031 0.010017 6.313373 0.067339 0.997136 -0.034417 99.325966 -0.007682 0.035013 0.999357 86.275169 0.000000 0.000000 0.000000 1.000000
0.997629 -0.061690 0.030493 5.798024 0.062584 0.997610 -0.029287 98.753494 -0.028614 0.031126 0.999106 91.391884 0.000000 0.000000 0.000000 1.000000
0.996721 -0.046602 0.066145 5.134881 0.048590 0.998405 -0.028759 98.442490 -0.064699 0.031879 0.997395 96.490402 0.000000 0.000000 0.000000 1.000000
0.996217 -0.022900 0.083830 4.534385 0.025039 0.999385 -0.024553 98.197334 -0.083217 0.026559 0.996178 101.162331 0.000000 0.000000 0.000000 1.000000
0.997334 0.003000 0.072911 3.967041 -0.002307 0.999951 -0.009594 97.746841 -0.072936 0.009400 0.997292 105.635445 0.000000 0.000000 0.000000 1.000000
0.996903 0.027947 0.073511 3.343088 -0.028196 0.999600 0.002354 97.580414 -0.073416 -0.004419 0.997292 109.906181 0.000000 0.000000 0.000000 1.000000
0.996178 0.037829 0.078729 2.962953 -0.038093 0.999272 0.001857 97.974213 -0.078601 -0.004849 0.996894 113.952843 0.000000 0.000000 0.000000 1.000000
0.997770 0.031915 0.058626 2.995910 -0.031592 0.999480 -0.006419 98.631493 -0.058801 0.004553 0.998259 117.724312 0.000000 0.000000 0.000000 1.000000
0.999375 0.024305 0.025652 3.195172 -0.024055 0.999660 -0.010015 99.311287 -0.025887 0.009392 0.999621 121.482140 0.000000 0.000000 0.000000 1.000000
0.999713 0.021651 -0.010286 3.400910 -0.021742 0.999725 -0.008771 99.922882 0.010093 0.008993 0.999909 125.332260 0.000000 0.000000 0.000000 1.000000
0.997804 0.019275 -0.063371 3.610181 -0.020098 0.999721 -0.012369 100.430649 0.063115 0.013616 0.997913 129.058807 0.000000 0.000000 0.000000 1.000000
0.989157 0.014750 -0.146121 4.005137 -0.017459 0.999698 -0.017275 100.785934 0.145823 0.019639 0.989116 132.431534 0.000000 0.000000 0.000000 1.000000
0.968411 0.006056 -0.249285 5.182785 -0.011092 0.999762 -0.018801 100.968063 0.249111 0.020972 0.968248 135.749481 0.000000 0.000000 0.000000 1.000000
0.923477 -0.018026 -0.383231 7.459764 0.007821 0.999573 -0.028169 101.041771 0.383575 0.023016 0.923223 139.357361 0.000000 0.000000 0.000000 1.000000
0.813809 -0.049446 -0.579025 10.452343 0.022005 0.998281 -0.054322 100.591743 0.580715 0.031466 0.813498 142.413849 0.000000 0.000000 0.000000 1.000000
0.617803 -0.094163 -0.780674 13.705308 0.026175 0.994717 -0.099266 99.522667 0.785897 0.040892 0.617004 144.979767 0.000000 0.000000 0.000000 1.000000
0.370809 -0.158002 -0.915170 16.520777 0.046034 0.987337 -0.151809 97.882751 0.927568 0.014163 0.373387 147.543228 0.000000 0.000000 0.000000 1.000000
0.126808 -0.191648 -0.973237 19.450745 0.019033 0.981447 -0.190784 97.757767 0.991745 0.005669 0.128103 150.608444 0.000000 0.000000 0.000000 1.000000
-0.070290 -0.220058 -0.972951 22.610981 -0.061911 0.974445 -0.215924 99.216446 0.995604 0.045059 -0.082118 154.130539 0.000000 0.000000 0.000000 1.000000
-0.211479 -0.245606 -0.946020 25.046112 -0.116401 0.967352 -0.225123 100.234604 0.970426 0.062509 -0.233164 157.847961 0.000000 0.000000 0.000000 1.000000
-0.323375 -0.237963 -0.915861 26.412067 -0.106365 0.970871 -0.214700 99.860916 0.940274 0.027987 -0.339267 161.380356 0.000000 0.000000 0.000000 1.000000
-0.425893 -0.207060 -0.880762 27.336359 -0.089494 0.978328 -0.186722 99.667374 0.900336 -0.000701 -0.435194 165.027771 0.000000 0.000000 0.000000 1.000000
-0.518182 -0.191667 -0.833517 27.743528 -0.108054 0.981428 -0.158504 100.550560 0.848417 0.007931 -0.529269 169.249130 0.000000 0.000000 0.000000 1.000000
-0.592465 -0.185643 -0.783915 27.409872 -0.128824 0.982396 -0.135284 101.331863 0.795229 0.020836 -0.605951 173.108810 0.000000 0.000000 0.000000 1.000000
-0.655475 -0.173025 -0.735129 26.880215 -0.133119 0.984631 -0.113054 101.492294 0.743392 0.023755 -0.668434 175.980377 0.000000 0.000000 0.000000 1.000000
-0.714148 -0.149091 -0.683933 26.756376 -0.118482 0.988703 -0.091811 101.118141 0.689894 0.015467 -0.723745 177.876755 0.000000 0.000000 0.000000 1.000000
-0.768102 -0.124550 -0.628098 26.961977 -0.105398 0.992113 -0.067841 100.860123 0.631594 0.014092 -0.775171 179.368103 0.000000 0.000000 0.000000 1.000000
-0.813016 -0.106472 -0.572424 27.256630 -0.101948 0.993982 -0.040084 100.994537 0.573247 0.025768 -0.818978 180.738037 0.000000 0.000000 0.000000 1.000000
-0.851279 -0.092037 -0.516579 27.720322 -0.097778 0.995077 -0.016161 101.240295 0.515523 0.036753 -0.856087 182.122437 0.000000 0.000000 0.000000 1.000000
-0.887001 -0.075595 -0.455538 28.512646 -0.085302 0.996355 0.000754 101.234543 0.453821 0.039527 -0.890216 183.841187 0.000000 0.000000 0.000000 1.000000
-0.917840 -0.052386 -0.393479 29.780638 -0.061873 0.998018 0.011454 100.775902 0.392099 0.034858 -0.919262 186.077469 0.000000 0.000000 0.000000 1.000000
-0.944730 -0.021364 -0.327152 31.428394 -0.026433 0.999589 0.011056 99.802353 0.326782 0.019093 -0.944907 189.038467 0.000000 0.000000 0.000000 1.000000
-0.968814 0.001710 -0.247785 32.824532 0.002559 0.999992 -0.003103 98.782837 0.247778 -0.003640 -0.968810 192.691315 0.000000 0.000000 0.000000 1.000000
-0.988807 0.014610 -0.148485 33.826328 0.019154 0.999389 -0.029224 97.982376 0.147967 -0.031741 -0.988483 196.793259 0.000000 0.000000 0.000000 1.000000
-0.998967 0.033620 -0.030568 34.784981 0.035740 0.996787 -0.071680 96.588898 0.028060 -0.072698 -0.996959 201.642548 0.000000 0.000000 0.000000 1.000000
-0.994588 0.048495 0.091889 35.208969 0.035214 0.989382 -0.141008 95.106743 -0.097751 -0.137009 -0.985735 206.906662 0.000000 0.000000 0.000000 1.000000
-0.974861 0.090099 0.203785 35.144104 0.043160 0.973632 -0.224006 93.808907 -0.218594 -0.209579 -0.953044 211.838989 0.000000 0.000000 0.000000 1.000000
-0.947423 0.155891 0.279441 35.053612 0.073509 0.955978 -0.284081 93.216057 -0.311425 -0.248603 -0.917176 215.734344 0.000000 0.000000 0.000000 1.000000
-0.922534 0.199134 0.330571 34.564014 0.085623 0.940854 -0.327815 93.845505 -0.376298 -0.274116 -0.885020 218.718063 0.000000 0.000000 0.000000 1.000000
-0.893774 0.226170 0.387318 33.816063 0.074247 0.926244 -0.369539 94.794731 -0.442330 -0.301528 -0.844645 221.325195 0.000000 0.000000 0.000000 1.000000
-0.861454 0.250509 0.441749 33.241096 0.054874 0.910691 -0.409427 95.740974 -0.504862 -0.328462 -0.798265 223.704681 0.000000 0.000000 0.000000 1.000000
-0.840070 0.269995 0.470516 33.056900 0.039109 0.895231 -0.443883 96.410522 -0.541067 -0.354491 -0.762616 225.632477 0.000000 0.000000 0.000000 1.000000
-0.829897 0.281385 0.481760 33.098915 0.031240 0.885581 -0.463433 96.740097 -0.557041 -0.369552 -0.743732 226.988251 0.000000 0.000000 0.000000 1.000000
-0.824571 0.284379 0.489092 33.323410 0.036389 0.889358 -0.455761 96.846832 -0.564587 -0.358010 -0.743687 227.810608 0.000000 0.000000 0.000000 1.000000
-0.824076 0.275990 0.494701 33.764065 0.051492 0.906169 -0.419769 96.790466 -0.564135 -0.320448 -0.760963 228.151611 0.000000 0.000000 0.000000 1.000000
-0.833306 0.252647 0.491702 34.381569 0.060284 0.925681 -0.373470 96.625107 -0.549515 -0.281573 -0.786606 228.269699 0.000000 0.000000 0.000000 1.000000
-0.848438 0.221291 0.480815 35.156944 0.060116 0.942817 -0.327844 96.500237 -0.525870 -0.249251 -0.813225 228.212936 0.000000 0.000000 0.000000 1.000000
-0.861658 0.192002 0.469768 36.003693 0.057007 0.956429 -0.286345 96.528458 -0.504278 -0.219951 -0.835060 227.907898 0.000000 0.000000 0.000000 1.000000
-0.871179 0.168437 0.461168 36.805370 0.053920 0.966451 -0.251128 96.735695 -0.487995 -0.193912 -0.851034 227.414429 0.000000 0.000000 0.000000 1.000000
-0.878958 0.149475 0.452869 37.567463 0.052189 0.974056 -0.220207 97.077042 -0.474036 -0.169918 -0.863955 226.833176 0.000000 0.000000 0.000000 1.000000
-0.886893 0.131156 0.442965 38.323658 0.050116 0.980509 -0.189974 97.523056 -0.459248 -0.146287 -0.876180 226.196106 0.000000 0.000000 0.000000 1.000000
-0.894176 0.114686 0.432777 39.009972 0.048305 0.985705 -0.161407 97.961617 -0.445102 -0.123421 -0.886934 225.512115 0.000000 0.000000 0.000000 1.000000
-0.900049 0.100789 0.423973 39.601978 0.048001 0.989896 -0.133423 98.327057 -0.433137 -0.099736 -0.895793 224.770050 0.000000 0.000000 0.000000 1.000000
-0.905281 0.088414 0.415511 40.120087 0.049171 0.993336 -0.104234 98.635742 -0.421958 -0.073930 -0.903596 223.974548 0.000000 0.000000 0.000000 1.000000
-0.910149 0.076495 0.407157 40.557419 0.050970 0.996015 -0.073192 98.909943 -0.411134 -0.045863 -0.910421 223.151382 0.000000 0.000000 0.000000 1.000000
-0.914640 0.066171 0.398816 40.933262 0.054928 0.997706 -0.039565 99.148193 -0.400520 -0.014281 -0.916177 222.310486 0.000000 0.000000 0.000000 1.000000
-0.918378 0.058066 0.391420 41.267731 0.060760 0.998137 -0.005510 99.347496 -0.391011 0.018722 -0.920196 221.434372 0.000000 0.000000 0.000000 1.000000
-0.921994 0.050374 0.383914 41.556820 0.065394 0.997517 0.026161 99.510468 -0.381642 0.049226 -0.922998 220.535477 0.000000 0.000000 0.000000 1.000000
-0.927323 0.043072 0.371774 41.861561 0.067584 0.996297 0.053150 99.622688 -0.368108 0.074413 -0.926800 219.735886 0.000000 0.000000 0.000000 1.000000
-0.933500 0.038278 0.356528 42.230507 0.069041 0.994869 0.073958 99.688347 -0.351867 0.093655 -0.931353 219.108841 0.000000 0.000000 0.000000 1.000000
-0.938219 0.036242 0.344139 42.639931 0.070771 0.993576 0.088306 99.743683 -0.338728 0.107205 -0.934757 218.643494 0.000000 0.000000 0.000000 1.000000
-0.941551 0.035269 0.335020 43.063267 0.071684 0.992704 0.096957 99.788567 -0.329156 0.115306 -0.937209 218.357986 0.000000 0.000000 0.000000 1.000000
-0.944979 0.034432 0.325313 43.495998 0.071000 0.992328 0.101214 99.807098 -0.319332 0.118743 -0.940174 218.251907 0.000000 0.000000 0.000000 1.000000
-0.949541 0.034487 0.311740 43.939693 0.069367 0.992414 0.101500 99.836555 -0.305875 0.118003 -0.944731 218.260895 0.000000 0.000000 0.000000 1.000000
-0.955355 0.035467 0.293324 44.363453 0.067305 0.992792 0.099167 99.870796 -0.287692 0.114482 -0.950856 218.355942 0.000000 0.000000 0.000000 1.000000
-0.961489 0.037891 0.272217 44.700043 0.066366 0.993150 0.096168 99.854042 -0.266709 0.110530 -0.957418 218.550110 0.000000 0.000000 0.000000 1.000000
-0.966722 0.042053 0.252349 44.914379 0.067346 0.993438 0.092442 99.791718 -0.246806 0.106360 -0.963211 218.825211 0.000000 0.000000 0.000000 1.000000
-0.970745 0.046203 0.235627 45.033779 0.068401 0.993864 0.086918 99.700249 -0.230166 0.100492 -0.967949 219.094803 0.000000 0.000000 0.000000 1.000000
