<?xml version="1.0" encoding="utf-8"?>
<COLLADA xmlns="http://www.collada.org/2005/11/COLLADASchema" version="1.4.1">
  <asset>
    <contributor>
      <author>Mixamo</author>
      <authoring_tool>COLLADA Mixamo exporter</authoring_tool>
      <comments/>
    </contributor>
    <created>2024-03-29T12:43:39Z</created>
    <modified>2024-03-29T12:43:39Z</modified>
    <revision/>
    <title/>
    <unit meter="0.010000"/>
    <up_axis>Y_UP</up_axis>
  </asset>
  <library_animations>
    <animation id="mixamorig_Hips-anim" name="mixamorig_Hips">
      <source id="mixamorig_Hips-Matrix-animation-input">
        <float_array id="mixamorig_Hips-Matrix-animation-input-array" count="116">

0.000000 0.033333 0.066667 0.100000 0.133333 0.166667 0.200000 0.233333 0.266667 0.300000 0.333333 0.366667 0.400000 0.433333 0.466667 0.500000
0.533333 0.566667 0.600000 0.633333 0.666667 0.700000 0.733333 0.766667 0.800000 0.833333 0.866667 0.900000 0.933333 0.966667 1.000000 1.033333
1.066667 1.100000 1.133333 1.166667 1.200000 1.233333 1.266667 1.300000 1.333333 1.366667 1.400000 1.433333 1.466667 1.500000 1.533333 1.566667
1.600000 1.633333 1.666667 1.700000 1.733333 1.766667 1.800000 1.833333 1.866667 1.900000 1.933333 1.966667 2.000000 2.033333 2.066667 2.100000
2.133333 2.166667 2.200000 2.233333 2.266667 2.300000 2.333333 2.366667 2.400000 2.433333 2.466667 2.500000 2.533333 2.566667 2.600000 2.633333
2.666667 2.700000 2.733333 2.766667 2.800000 2.833333 2.866667 2.900000 2.933333 2.966667 3.000000 3.033333 3.066667 3.100000 3.133333 3.166667
3.200000 3.233333 3.266667 3.300000 3.333333 3.366667 3.400000 3.433333 3.466667 3.500000 3.533333 3.566667 3.600000 3.633333 3.666667 3.700000
3.733333 3.766667 3.800000 3.833333</float_array>
        <technique_common>
          <accessor source="#mixamorig_Hips-Matrix-animation-input-array" count="116">
            <param name="TIME" type="float"/>
          </accessor>
        </technique_common>
      </source>
      <source id="mixamorig_Hips-Matrix-animation-output-transform">
        <float_array id="mixamorig_Hips-Matrix-animation-output-transform-array" count="1856">

0.996869 0.041765 -0.067135 -0.011304 -0.034158 0.993265 0.110718 84.771347 0.071307 -0.108078 0.991582 -0.422035 0.000000 0.000000 0.000000 1.000000
0.994951 0.050273 -0.086863 0.988849 -0.041685 0.994313 0.097998 84.797165 0.091296 -0.093882 0.991389 -0.449761 0.000000 0.000000 0.000000 1.000000
0.992652 0.057510 -0.106465 2.039805 -0.048635 0.995264 0.084166 85.101784 0.110801 -0.078370 0.990748 -0.372469 0.000000 0.000000 0.000000 1.000000
0.989889 0.065263 -0.125938 3.124188 -0.056624 0.995868 0.071000 85.692833 0.130052 -0.063151 0.989494 -0.185157 0.000000 0.000000 0.000000 1.000000
0.986549 0.074906 -0.145293 4.221859 -0.066806 0.995969 0.059861 86.541183 0.149191 -0.049350 0.987576 0.099817 0.000000 0.000000 0.000000 1.000000
0.982844 0.087552 -0.162333 5.523817 -0.080079 0.995430 0.052029 88.589127 0.166146 -0.038137 0.985363 0.881360 0.000000 0.000000 0.000000 1.000000
0.977530 0.108828 -0.180533 6.869184 -0.098042 0.992880 0.067655 90.191582 0.186611 -0.048435 0.981239 1.799969 0.000000 0.000000 0.000000 1.000000
0.968742 0.137993 -0.206148 8.146645 -0.116280 0.986650 0.114021 91.115746 0.219130 -0.086486 0.971855 2.859726 0.000000 0.000000 0.000000 1.000000
0.968068 0.140127 -0.207867 8.190538 -0.117418 0.986060 0.117889 91.136604 0.221489 -0.089717 0.971027 2.907689 0.000000 0.000000 0.000000 1.000000
0.958060 0.171324 -0.229716 9.376060 -0.131609 0.975124 0.178362 91.352783 0.254560 -0.140648 0.956775 4.009823 0.000000 0.000000 0.000000 1.000000
0.948735 0.202901 -0.242350 10.590832 -0.143949 0.959990 0.240202 91.008095 0.281391 -0.193002 0.939984 5.227620 0.000000 0.000000 0.000000 1.000000
0.942191 0.228523 -0.245056 11.748692 -0.154575 0.945309 0.287223 90.354927 0.297291 -0.232739 0.925986 6.339933 0.000000 0.000000 0.000000 1.000000
0.936916 0.248981 -0.245352 12.787455 -0.163941 0.932898 0.320663 89.629578 0.308727 -0.260211 0.914865 7.304324 0.000000 0.000000 0.000000 1.000000
0.930506 0.267257 -0.250465 13.682713 -0.171838 0.922416 0.345863 88.995171 0.323467 -0.278788 0.904238 8.079725 0.000000 0.000000 0.000000 1.000000
0.921852 0.285594 -0.261963 14.471537 -0.179306 0.913576 0.365005 88.582138 0.343566 -0.289509 0.893390 8.622612 0.000000 0.000000 0.000000 1.000000
0.912411 0.304059 -0.273958 15.185017 -0.189079 0.906819 0.376733 88.471367 0.362980 -0.291936 0.884884 8.970745 0.000000 0.000000 0.000000 1.000000
0.905305 0.319970 -0.279359 15.821333 -0.202122 0.902961 0.379220 88.666435 0.373590 -0.286846 0.882128 9.115374 0.000000 0.000000 0.000000 1.000000
0.902239 0.330921 -0.276506 16.335016 -0.216177 0.901887 0.373988 89.044769 0.373138 -0.277652 0.885256 9.144035 0.000000 0.000000 0.000000 1.000000
0.902662 0.337007 -0.267633 16.707470 -0.228708 0.902468 0.365025 89.414383 0.364547 -0.268285 0.891700 9.135328 0.000000 0.000000 0.000000 1.000000
0.906161 0.338114 -0.254071 16.952765 -0.238669 0.904749 0.352797 89.556625 0.349156 -0.259052 0.900546 9.080083 0.000000 0.000000 0.000000 1.000000
0.913138 0.332733 -0.235517 17.144550 -0.245634 0.910180 0.333520 89.239609 0.325336 -0.246699 0.912850 8.850161 0.000000 0.000000 0.000000 1.000000
0.922143 0.322817 -0.213169 17.420433 -0.249770 0.917627 0.309154 88.289177 0.295410 -0.231841 0.926813 8.325870 0.000000 0.000000 0.000000 1.000000
0.929557 0.314444 -0.192478 17.796127 -0.252235 0.923182 0.290022 86.753273 0.268888 -0.221042 0.937464 7.547571 0.000000 0.000000 0.000000 1.000000
0.934175 0.307673 -0.180705 18.168905 -0.251954 0.927396 0.276505 84.928505 0.252658 -0.212774 0.943870 6.571025 0.000000 0.000000 0.000000 1.000000
0.938986 0.294898 -0.177032 18.561094 -0.246117 0.935608 0.253107 83.284470 0.240274 -0.194094 0.951103 5.334803 0.000000 0.000000 0.000000 1.000000
0.947050 0.272366 -0.170040 18.940220 -0.234882 0.948740 0.211478 82.109856 0.218924 -0.160340 0.962478 3.872136 0.000000 0.000000 0.000000 1.000000
0.956465 0.249842 -0.150845 19.327183 -0.225621 0.960847 0.160836 81.738350 0.185123 -0.119800 0.975386 2.392366 0.000000 0.000000 0.000000 1.000000
0.963704 0.235228 -0.126263 19.546583 -0.221823 0.968681 0.111582 82.261032 0.148556 -0.079524 0.985701 1.113282 0.000000 0.000000 0.000000 1.000000
0.967101 0.228817 -0.111165 19.549870 -0.222294 0.972601 0.068069 83.647575 0.123694 -0.041119 0.991468 0.177826 0.000000 0.000000 0.000000 1.000000
0.967108 0.226862 -0.115049 19.393221 -0.224423 0.973902 0.033896 85.570351 0.119736 -0.006962 0.992781 -0.342096 0.000000 0.000000 0.000000 1.000000
0.964716 0.225719 -0.135552 19.114954 -0.226139 0.974015 0.012498 87.529816 0.134851 0.018596 0.990691 -0.447911 0.000000 0.000000 0.000000 1.000000
0.960312 0.226699 -0.162505 18.866978 -0.228874 0.973441 0.005461 89.294762 0.159427 0.031949 0.986693 -0.241336 0.000000 0.000000 0.000000 1.000000
0.954650 0.230945 -0.187906 18.662317 -0.232674 0.972466 0.013109 90.619797 0.185760 0.031207 0.982099 0.205065 0.000000 0.000000 0.000000 1.000000
0.947629 0.239616 -0.211148 18.532804 -0.237161 0.970755 0.037261 91.379623 0.213902 0.014767 0.976744 0.896667 0.000000 0.000000 0.000000 1.000000
0.939055 0.252668 -0.233099 18.467197 -0.239864 0.967319 0.082218 91.518669 0.246254 -0.021295 0.968971 1.910429 0.000000 0.000000 0.000000 1.000000
0.930102 0.269520 -0.249536 18.449078 -0.238242 0.959766 0.148625 91.090515 0.279554 -0.078786 0.956892 3.254711 0.000000 0.000000 0.000000 1.000000
0.923189 0.288300 -0.254177 18.467779 -0.233495 0.945988 0.224915 90.232063 0.305291 -0.148290 0.940642 4.792002 0.000000 0.000000 0.000000 1.000000
0.919844 0.305687 -0.245852 18.438345 -0.230412 0.928229 0.292064 89.097336 0.317487 -0.212006 0.924259 6.169071 0.000000 0.000000 0.000000 1.000000
0.919200 0.319994 -0.229512 18.292025 -0.232760 0.911614 0.338797 87.906769 0.317639 -0.258001 0.912437 7.080255 0.000000 0.000000 0.000000 1.000000
0.919035 0.331852 -0.212718 18.033907 -0.239688 0.898901 0.366778 86.856903 0.312928 -0.286096 0.905663 7.571733 0.000000 0.000000 0.000000 1.000000
0.917528 0.342123 -0.202719 17.715366 -0.247312 0.890099 0.382833 86.145775 0.311416 -0.301126 0.901301 7.774819 0.000000 0.000000 0.000000 1.000000
0.914013 0.350808 -0.203751 17.391260 -0.252417 0.884951 0.391342 85.902771 0.317595 -0.306261 0.897406 7.751662 0.000000 0.000000 0.000000 1.000000
0.909083 0.357196 -0.214426 17.079271 -0.254675 0.883786 0.392509 86.180756 0.329710 -0.302214 0.894404 7.478301 0.000000 0.000000 0.000000 1.000000
0.904888 0.359319 -0.228183 16.748154 -0.255602 0.887371 0.383719 86.934143 0.340360 -0.288899 0.894814 6.932068 0.000000 0.000000 0.000000 1.000000
0.904306 0.354634 -0.237623 16.338017 -0.256156 0.896089 0.362504 87.969299 0.341488 -0.266946 0.901180 6.270187 0.000000 0.000000 0.000000 1.000000
0.908576 0.342699 -0.238845 15.868973 -0.256286 0.908848 0.329110 89.107071 0.329860 -0.237809 0.913586 5.563725 0.000000 0.000000 0.000000 1.000000
0.916835 0.324554 -0.232549 15.419515 -0.254816 0.924038 0.284997 90.179840 0.307381 -0.202038 0.929891 4.855044 0.000000 0.000000 0.000000 1.000000
0.927911 0.300432 -0.220731 15.000007 -0.249773 0.940552 0.230165 90.950272 0.276758 -0.158440 0.947788 4.171257 0.000000 0.000000 0.000000 1.000000
0.940913 0.271642 -0.202224 14.605831 -0.240311 0.956316 0.166465 91.157684 0.238609 -0.108032 0.965088 3.427967 0.000000 0.000000 0.000000 1.000000
0.954273 0.242250 -0.175154 14.340409 -0.226542 0.968324 0.105016 90.599113 0.195046 -0.060534 0.978924 2.481233 0.000000 0.000000 0.000000 1.000000
0.965476 0.215589 -0.146208 14.286927 -0.208240 0.975981 0.064013 89.259407 0.156496 -0.031356 0.987181 1.385853 0.000000 0.000000 0.000000 1.000000
0.973106 0.189533 -0.130930 14.425156 -0.184561 0.981587 0.049235 87.366280 0.137851 -0.023747 0.990168 0.290421 0.000000 0.000000 0.000000 1.000000
0.977971 0.157910 -0.136516 14.538277 -0.153265 0.987207 0.043953 85.165199 0.141711 -0.022062 0.989662 -0.721487 0.000000 0.000000 0.000000 1.000000
0.981185 0.120416 -0.150918 14.568952 -0.117169 0.992651 0.030262 83.154968 0.153453 -0.012010 0.988083 -1.644931 0.000000 0.000000 0.000000 1.000000
0.984257 0.083221 -0.155926 14.517863 -0.082814 0.996523 0.009121 81.826546 0.156143 0.003936 0.987727 -2.445871 0.000000 0.000000 0.000000 1.000000
0.988547 0.047915 -0.143107 14.013420 -0.049806 0.998712 -0.009663 81.093872 0.142460 0.016680 0.989660 -2.965578 0.000000 0.000000 0.000000 1.000000
0.993248 0.019105 -0.114425 13.360900 -0.021934 0.999483 -0.023513 81.484207 0.113916 0.025864 0.993154 -3.225781 0.000000 0.000000 0.000000 1.000000
0.997408 -0.005712 -0.071722 12.542083 0.003163 0.999361 -0.035604 82.906349 0.071879 0.035285 0.996789 -3.228382 0.000000 0.000000 0.000000 1.000000
0.999493 -0.026557 -0.017585 11.602869 0.025704 0.998562 -0.047041 85.075912 0.018809 0.046565 0.998738 -3.019304 0.000000 0.000000 0.000000 1.000000
0.998223 -0.042793 0.041462 10.496489 0.045082 0.997416 -0.055941 87.467552 -0.038961 0.057711 0.997573 -2.657367 0.000000 0.000000 0.000000 1.000000
0.993432 -0.055195 0.100228 9.191778 0.061286 0.996390 -0.058737 89.607643 -0.096624 0.064494 0.993229 -2.196890 0.000000 0.000000 0.000000 1.000000
0.985180 -0.067585 0.157648 7.747439 0.076292 0.995839 -0.049842 91.231819 -0.153623 0.061131 0.986237 -1.702579 0.000000 0.000000 0.000000 1.000000
0.973992 -0.083203 0.210755 6.307216 0.090276 0.995624 -0.024147 92.144455 -0.207823 0.042545 0.977241 -1.198049 0.000000 0.000000 0.000000 1.000000
0.961467 -0.104443 0.254309 4.830372 0.103101 0.994496 0.018638 92.410080 -0.254856 0.008299 0.966943 -0.662862 0.000000 0.000000 0.000000 1.000000
0.949745 -0.127603 0.285835 3.346579 0.111011 0.991091 0.073590 92.088699 -0.292679 -0.038161 0.955449 -0.015149 0.000000 0.000000 0.000000 1.000000
0.940053 -0.149955 0.306292 1.858205 0.113367 0.984470 0.134042 91.252327 -0.321635 -0.091283 0.942453 0.697961 0.000000 0.000000 0.000000 1.000000
0.932882 -0.170410 0.317320 0.426981 0.111952 0.974546 0.194236 90.020424 -0.342343 -0.145675 0.928214 1.383113 0.000000 0.000000 0.000000 1.000000
0.927433 -0.188847 0.322806 -0.871479 0.108699 0.961998 0.250489 88.529587 -0.357843 -0.197223 0.912716 1.987263 0.000000 0.000000 0.000000 1.000000
0.921752 -0.205252 0.329005 -1.987903 0.103894 0.948131 0.300424 87.001534 -0.373603 -0.242734 0.895266 2.533107 0.000000 0.000000 0.000000 1.000000
0.915141 -0.219842 0.337915 -2.909520 0.098606 0.934827 0.341138 85.701820 -0.390889 -0.278869 0.877176 2.969360 0.000000 0.000000 0.000000 1.000000
0.909892 -0.233089 0.343171 -3.668024 0.097417 0.924147 0.369407 84.920242 -0.403246 -0.302689 0.863581 3.341395 0.000000 0.000000 0.000000 1.000000
0.908914 -0.244588 0.337716 -4.317503 0.104725 0.917840 0.382886 84.844963 -0.403619 -0.312643 0.859852 3.669205 0.000000 0.000000 0.000000 1.000000
0.911912 -0.253534 0.322704 -4.813914 0.120154 0.916828 0.380774 85.432999 -0.392403 -0.308458 0.866530 3.976537 0.000000 0.000000 0.000000 1.000000
0.916318 -0.259412 0.305067 -5.092988 0.139407 0.920801 0.364267 86.467110 -0.375402 -0.291256 0.879911 4.236838 0.000000 0.000000 0.000000 1.000000
0.920695 -0.261422 0.289793 -5.188909 0.157752 0.928431 0.336348 87.657944 -0.356982 -0.263958 0.896041 4.381738 0.000000 0.000000 0.000000 1.000000
0.925014 -0.259216 0.277769 -5.180143 0.172282 0.937795 0.301430 88.759056 -0.338626 -0.230973 0.912131 4.388362 0.000000 0.000000 0.000000 1.000000
0.929267 -0.253502 0.268699 -5.161362 0.181831 0.947050 0.264640 89.551636 -0.321558 -0.197063 0.926157 4.213447 0.000000 0.000000 0.000000 1.000000
0.933121 -0.246150 0.262098 -5.234439 0.187379 0.955027 0.229810 89.877533 -0.306878 -0.165329 0.937279 3.775887 0.000000 0.000000 0.000000 1.000000
0.936854 -0.238688 0.255602 -5.461066 0.190253 0.961110 0.200179 89.604691 -0.293442 -0.138909 0.945831 3.042130 0.000000 0.000000 0.000000 1.000000
0.941255 -0.231221 0.246123 -5.902213 0.189530 0.964921 0.181675 88.663895 -0.279497 -0.124355 0.952060 2.078096 0.000000 0.000000 0.000000 1.000000
0.946050 -0.222686 0.235373 -6.562190 0.182870 0.966614 0.179490 87.138336 -0.267485 -0.126764 0.955187 1.029175 0.000000 0.000000 0.000000 1.000000
0.949989 -0.211271 0.229967 -7.338894 0.169308 0.967234 0.189192 85.266708 -0.262403 -0.140795 0.954632 0.021807 0.000000 0.000000 0.000000 1.000000
0.952585 -0.195216 0.233394 -8.090193 0.149886 0.968592 0.198401 83.400177 -0.264794 -0.154011 0.951927 -0.900135 0.000000 0.000000 0.000000 1.000000
0.953853 -0.175358 0.243750 -8.734709 0.127988 0.971759 0.198252 81.948532 -0.271631 -0.157906 0.949359 -1.718732 0.000000 0.000000 0.000000 1.000000
0.953115 -0.156952 0.258722 -9.252897 0.109413 0.975875 0.188937 81.231834 -0.282134 -0.151772 0.947294 -2.365745 0.000000 0.000000 0.000000 1.000000
0.949406 -0.146165 0.277965 -9.680428 0.099379 0.979435 0.175590 81.426971 -0.297914 -0.139083 0.944406 -2.774397 0.000000 0.000000 0.000000 1.000000
0.942693 -0.142238 0.301826 -9.873121 0.096097 0.981996 0.162632 82.369614 -0.319524 -0.124307 0.939389 -2.891784 0.000000 0.000000 0.000000 1.000000
0.932822 -0.142728 0.330866 -9.841599 0.096790 0.983712 0.151467 83.906563 -0.347096 -0.109267 0.931443 -2.717754 0.000000 0.000000 0.000000 1.000000
0.918818 -0.148307 0.365757 -9.742491 0.102748 0.984643 0.141142 85.892952 -0.381072 -0.092103 0.919946 -2.304469 0.000000 0.000000 0.000000 1.000000
0.900209 -0.159446 0.405217 -9.602282 0.115334 0.984623 0.131212 87.975273 -0.419907 -0.071383 0.904756 -1.703763 0.000000 0.000000 0.000000 1.000000
0.878162 -0.175989 0.444813 -9.432206 0.133563 0.983091 0.125273 89.794357 -0.459338 -0.050600 0.886819 -0.970541 0.000000 0.000000 0.000000 1.000000
0.857866 -0.191626 0.476807 -8.797895 0.145619 0.980488 0.132056 90.575478 -0.492809 -0.043854 0.869032 -0.056840 0.000000 0.000000 0.000000 1.000000
0.842360 -0.213017 0.495029 -8.156683 0.151745 0.975152 0.161405 90.747063 -0.517111 -0.060843 0.853753 0.864747 0.000000 0.000000 0.000000 1.000000
0.832581 -0.247106 0.495729 -8.085907 0.158190 0.963777 0.214733 90.918793 -0.530834 -0.100364 0.841512 1.685732 0.000000 0.000000 0.000000 1.000000
0.831574 -0.283988 0.477321 -8.273413 0.163260 0.946413 0.278654 90.802872 -0.530877 -0.153794 0.833377 2.459421 0.000000 0.000000 0.000000 1.000000
0.840387 -0.309482 0.444938 -8.173864 0.164170 0.927729 0.335213 89.790009 -0.516524 -0.208663 0.830459 3.198281 0.000000 0.000000 0.000000 1.000000
0.853171 -0.325413 0.407683 -8.030751 0.167641 0.911144 0.376449 88.464859 -0.493959 -0.252832 0.831914 3.749091 0.000000 0.000000 0.000000 1.000000
0.863631 -0.335498 0.376275 -7.827445 0.172767 0.898164 0.404293 87.193779 -0.473596 -0.284152 0.833645 4.131094 0.000000 0.000000 0.000000 1.000000
0.868841 -0.342866 0.357153 -7.532952 0.177209 0.888961 0.422309 86.209976 -0.462290 -0.303629 0.833125 4.413120 0.000000 0.000000 0.000000 1.000000
0.870817 -0.348021 0.347217 -7.190102 0.181395 0.883918 0.431028 85.671638 -0.456918 -0.312363 0.832860 4.621090 0.000000 0.000000 0.000000 1.000000
0.873634 -0.349147 0.338911 -6.820745 0.186950 0.883901 0.428682 85.642365 -0.449237 -0.311152 0.837479 4.774455 0.000000 0.000000 0.000000 1.000000
0.879605 -0.344210 0.328351 -6.394006 0.193647 0.889551 0.413763 86.115189 -0.434506 -0.300364 0.849109 4.884432 0.000000 0.000000 0.000000 1.000000
0.888915 -0.332468 0.315110 -5.920790 0.199696 0.900359 0.386620 86.996277 -0.412251 -0.280746 0.866736 4.910803 0.000000 0.000000 0.000000 1.000000
0.901298 -0.314438 0.297976 -5.412342 0.203598 0.914617 0.349318 88.123505 -0.382373 -0.254172 0.888362 4.856998 0.000000 0.000000 0.000000 1.000000
0.916306 -0.290923 0.275222 -4.907695 0.204264 0.930628 0.303658 89.316795 -0.344471 -0.222026 0.912165 4.746079 0.000000 0.000000 0.000000 1.000000
0.932546 -0.262600 0.247789 -4.437496 0.200646 0.947491 0.249003 90.367912 -0.300166 -0.182489 0.936268 4.561863 0.000000 0.000000 0.000000 1.000000
0.947875 -0.232200 0.218211 -3.991652 0.194014 0.963811 0.182831 91.094810 -0.252767 -0.130965 0.958622 4.227198 0.000000 0.000000 0.000000 1.000000
0.961371 -0.203596 0.185241 -3.526194 0.185760 0.976508 0.109207 91.317833 -0.203124 -0.070578 0.976606 3.662376 0.000000 0.000000 0.000000 1.000000
0.974013 -0.176106 0.142425 -3.092100 0.170738 0.984089 0.049173 90.930946 -0.148818 -0.023578 0.988583 2.888537 0.000000 0.000000 0.000000 1.000000
0.986018 -0.141267 0.088385 -2.855849 0.138986 0.989794 0.031479 89.969986 -0.091930 -0.018754 0.995589 2.027899 0.000000 0.000000 0.000000 1.000000
0.995141 -0.090162 0.039557 -2.919411 0.087397 0.993931 0.066804 88.422348 -0.045341 -0.063022 0.996982 1.206298 0.000000 0.000000 0.000000 1.000000
0.999123 -0.039523 0.013841 -2.936026 0.037805 0.993455 0.107784 86.827888 -0.018011 -0.107166 0.994078 0.527478 0.000000 0.000000 0.000000 1.000000
0.999943 -0.008315 -0.006722 -2.448216 0.009073 0.992505 0.121869 85.987114 0.005658 -0.121923 0.992523 0.159409 0.000000 0.000000 0.000000 1.000000
0.999527 0.014542 -0.027107 -1.761387 -0.011037 0.992064 0.125249 85.369606 0.028713 -0.124890 0.991755 -0.111912 0.000000 0.000000 0.000000 1.000000
0.998424 0.030263 -0.047258 -0.946771 -0.024377 0.992414 0.120503 84.982376 0.050547 -0.119161 0.991587 -0.308987 0.000000 0.000000 0.000000 1.000000
0.996869 0.041765 -0.067135 -0.011304 -0.034158 0.993265 0.110718 84.771347 0.071307 -0.108078 0.991582 -0.422035 0.000000 0.000000 0.000000 1.000000</float_array>
        <technique_common>
          <accessor source="#mixamorig_Hips-Matrix-animation-output-transform-array" count="116" stride="16">
            <param type="float4x4"/>
          </accessor>
        </technique_common>
      </source>
      <source id="mixamorig_Hips-Interpolations">
        <Name_array id="mixamorig_Hips-Interpolations-array" count="116">
 LINEAR LINEAR LINEAR LINEAR LINEAR LINEAR LINEAR LINEAR LINEAR LINEAR LINEAR
LINEAR LINEAR LINEAR LINEAR LINEAR LINEAR LINEAR LINEAR LINEAR LINEAR LINEAR LINEAR
LINEAR LINEAR LINEAR LINEAR LINEAR LINEAR LINEAR LINEAR LINEAR LINEAR LINEAR LINEAR
LINEAR LINEAR LINEAR LINEAR LINEAR LINEAR LINEAR LINEAR LINEAR LINEAR LINEAR LINEAR
LINEAR LINEAR LINEAR LINEAR LINEAR LINEAR LINEAR LINEAR LINEAR LINEAR LINEAR LINEAR
LINEAR LINEAR LINEAR LINEAR LINEAR LINEAR LINEAR LINEAR LINEAR LINEAR LINEAR LINEAR
LINEAR LINEAR LINEAR LINEAR LINEAR LINEAR LINEAR LINEAR LINEAR LINEAR LINEAR LINEAR
LINEAR LINEAR LINEAR LINEAR LINEAR LINEAR LINEAR LINEAR LINEAR LINEAR LINEAR LINEAR
LINEAR LINEAR LINEAR LINEAR LINEAR LINEAR LINEAR LINEAR LINEAR LINEAR LINEAR LINEAR
LINEAR LINEAR LINEAR LINEAR LINEAR LINEAR LINEAR LINEAR LINEAR</Name_array>
        <technique_common>
          <accessor source="#mixamorig_Hips-Interpolations-array" count="116">
            <param type="name"/>
          </accessor>
        </technique_common>
      </source>
      <sampler id="mixamorig_Hips-Matrix-animation-transform">
        <input semantic="INPUT" source="#mixamorig_Hips-Matrix-animation-input"/>
        <input semantic="OUTPUT" source="#mixamorig_Hips-Matrix-animation-output-transform"/>
        <input semantic="INTERPOLATION" source="#mixamorig_Hips-Interpolations"/>
      </sampler>
      <channel source="#mixamorig_Hips-Matrix-animation-transform" target="mixamorig_Hips/matrix"/>
    </animation>
    <animation id="mixamorig_Spine-anim" name="mixamorig_Spine">
      <source id="mixamorig_Spine-Matrix-animation-input">
        <float_array id="mixamorig_Spine-Matrix-animation-input-array" count="116">

0.000000 0.033333 0.066667 0.100000 0.133333 0.166667 0.200000 0.233333 0.266667 0.300000 0.333333 0.366667 0.400000 0.433333 0.466667 0.500000
0.533333 0.566667 0.600000 0.633333 0.666667 0.700000 0.733333 0.766667 0.800000 0.833333 0.866667 0.900000 0.933333 0.966667 1.000000 1.033333
1.066667 1.100000 1.133333 1.166667 1.200000 1.233333 1.266667 1.300000 1.333333 1.366667 1.400000 1.433333 1.466667 1.500000 1.533333 1.566667
1.600000 1.633333 1.666667 1.700000 1.733333 1.766667 1.800000 1.833333 1.866667 1.900000 1.933333 1.966667 2.000000 2.033333 2.066667 2.100000
2.133333 2.166667 2.200000 2.233333 2.266667 2.300000 2.333333 2.366667 2.400000 2.433333 2.466667 2.500000 2.533333 2.566667 2.600000 2.633333
2.666667 2.700000 2.733333 2.766667 2.800000 2.833333 2.866667 2.900000 2.933333 2.966667 3.000000 3.033333 3.066667 3.100000 3.133333 3.166667
3.200000 3.233333 3.266667 3.300000 3.333333 3.366667 3.400000 3.433333 3.466667 3.500000 3.533333 3.566667 3.600000 3.633333 3.666667 3.700000
3.733333 3.766667 3.800000 3.833333</float_array>
        <technique_common>
          <accessor source="#mixamorig_Spine-Matrix-animation-input-array" count="116">
            <param name="TIME" type="float"/>
          </accessor>
        </technique_common>
      </source>
      <source id="mixamorig_Spine-Matrix-animation-output-transform">
        <float_array id="mixamorig_Spine-Matrix-animation-output-transform-array" count="1856">

0.995067 -0.033429 0.093407 0.000000 0.064281 0.934399 -0.350379 14.652500 -0.075567 0.354655 0.931939 0.432500 0.000000 0.000000 0.000000 1.000000
0.995711 -0.036610 0.084966 0.000000 0.061668 0.947237 -0.314545 14.652500 -0.068968 0.318436 0.945432 0.432500 0.000000 0.000000 0.000000 1.000000
0.996292 -0.037583 0.077394 0.000000 0.057586 0.959631 -0.275303 14.652500 -0.063923 0.278739 0.958237 0.432500 0.000000 0.000000 0.000000 1.000000
0.996817 -0.035603 0.071334 -0.000000 0.051580 0.970256 -0.236520 14.652500 -0.060791 0.239447 0.969004 0.432500 0.000000 0.000000 0.000000 1.000000
0.997282 -0.030362 0.067125 -0.000000 0.043347 0.978552 -0.201389 14.652500 -0.059571 0.203751 0.977209 0.432500 0.000000 0.000000 0.000000 1.000000
0.997681 -0.014620 0.066471 0.000000 0.025665 0.985369 -0.168492 14.652500 -0.063035 0.169808 0.983459 0.432500 0.000000 0.000000 0.000000 1.000000
0.998206 -0.001363 0.059854 -0.000000 0.010999 0.986897 -0.160975 14.652500 -0.058850 0.161344 0.985142 0.432500 0.000000 0.000000 0.000000 1.000000
0.998733 0.010657 0.049191 0.000000 -0.001549 0.983374 -0.181586 14.652500 -0.050309 0.181280 0.982144 0.432500 0.000000 0.000000 0.000000 1.000000
0.998764 0.011372 0.048375 -0.000000 -0.002292 0.982971 -0.183748 14.652500 -0.049641 0.183410 0.981782 0.432500 0.000000 0.000000 0.000000 1.000000
0.999156 0.021176 0.035205 -0.000000 -0.012865 0.975099 -0.221395 14.652500 -0.039017 0.220756 0.974548 0.432500 0.000000 0.000000 0.000000 1.000000
0.999406 0.029625 0.017592 -0.000000 -0.023915 0.964018 -0.264759 14.652500 -0.024802 0.264181 0.964154 0.432500 0.000000 0.000000 0.000000 1.000000
0.999380 0.035078 -0.002930 -0.000000 -0.034372 0.954532 -0.296120 14.652500 -0.007591 0.296037 0.955146 0.432500 0.000000 0.000000 0.000000 1.000000
0.999021 0.037163 -0.024002 -0.000000 -0.042745 0.950698 -0.307157 14.652500 0.011403 0.307883 0.951356 0.432500 0.000000 0.000000 0.000000 1.000000
0.998454 0.035962 -0.042390 0.000000 -0.047000 0.953319 -0.298286 14.652500 0.029684 0.299817 0.953535 0.432500 0.000000 0.000000 0.000000 1.000000
0.997929 0.032349 -0.055605 -0.000000 -0.046501 0.960026 -0.276022 14.652500 0.044453 0.278036 0.959542 0.432500 0.000000 0.000000 0.000000 1.000000
0.997618 0.027807 -0.063123 0.000000 -0.042720 0.967582 -0.248918 14.652500 0.054155 0.251022 0.966465 0.432500 0.000000 0.000000 0.000000 1.000000
0.997501 0.023855 -0.066508 0.000000 -0.038255 0.973722 -0.224502 14.652500 0.059405 0.226485 0.972201 0.432500 0.000000 0.000000 0.000000 1.000000
0.997427 0.021076 -0.068519 0.000000 -0.034947 0.977493 -0.208051 14.652500 0.062592 0.209910 0.975715 0.432500 0.000000 0.000000 0.000000 1.000000
0.997252 0.018685 -0.071684 0.000000 -0.032895 0.978728 -0.202506 14.652500 0.066375 0.204308 0.976654 0.432500 0.000000 0.000000 0.000000 1.000000
0.996919 0.015512 -0.076885 0.000000 -0.031287 0.977531 -0.208457 14.652500 0.071924 0.210220 0.975005 0.432500 0.000000 0.000000 0.000000 1.000000
0.996525 0.011042 -0.082558 0.000000 -0.029358 0.974126 -0.224090 14.652500 0.077948 0.225735 0.971065 0.432500 0.000000 0.000000 0.000000 1.000000
0.996385 0.005992 -0.084739 -0.000000 -0.026715 0.969003 -0.245601 14.652500 0.080640 0.246977 0.965660 0.432500 0.000000 0.000000 0.000000 1.000000
0.996915 0.002199 -0.078458 -0.000000 -0.023245 0.963036 -0.268366 14.652500 0.074967 0.269362 0.960117 0.432500 0.000000 0.000000 0.000000 1.000000
0.998172 0.001853 -0.060401 0.000000 -0.019238 0.957270 -0.288554 14.652500 0.057286 0.289188 0.955557 0.432500 0.000000 0.000000 0.000000 1.000000
0.999502 0.005606 -0.031039 0.000000 -0.014796 0.952413 -0.304450 14.652500 0.027855 0.304758 0.952023 0.432500 0.000000 0.000000 0.000000 1.000000
0.999892 0.013767 0.005130 -0.000000 -0.011436 0.948539 -0.316454 14.652500 -0.009222 0.316361 0.948594 0.432500 0.000000 0.000000 0.000000 1.000000
0.998860 0.023388 0.041603 0.000000 -0.008571 0.945436 -0.325694 14.652500 -0.046950 0.324966 0.944560 0.432500 0.000000 0.000000 0.000000 1.000000
0.996853 0.033072 0.072041 0.000000 -0.007315 0.943312 -0.331827 14.652500 -0.078931 0.330256 0.940585 0.432500 0.000000 0.000000 0.000000 1.000000
0.994827 0.041496 0.092718 0.000000 -0.008413 0.943277 -0.331901 14.652500 -0.101231 0.329404 0.938747 0.432500 0.000000 0.000000 0.000000 1.000000
0.993482 0.047823 0.103477 -0.000000 -0.012098 0.946851 -0.321446 14.652500 -0.113350 0.318099 0.941257 0.432500 0.000000 0.000000 0.000000 1.000000
0.992918 0.052639 0.106507 -0.000000 -0.018649 0.954432 -0.297846 14.652500 -0.117332 0.293750 0.948654 0.432500 0.000000 0.000000 0.000000 1.000000
0.992831 0.055492 0.105863 -0.000000 -0.025794 0.964298 -0.263560 14.652500 -0.116709 0.258940 0.958817 0.432500 0.000000 0.000000 0.000000 1.000000
0.992819 0.058823 0.104160 0.000000 -0.033743 0.973096 -0.227917 14.652500 -0.114765 0.222765 0.968093 0.432500 0.000000 0.000000 0.000000 1.000000
0.992587 0.065375 0.102459 -0.000000 -0.043338 0.977977 -0.204165 14.652500 -0.113549 0.198211 0.973560 0.432500 0.000000 0.000000 0.000000 1.000000
0.991971 0.077207 0.100161 0.000000 -0.055559 0.977544 -0.203277 14.652500 -0.113606 0.196080 0.973985 0.432500 0.000000 0.000000 0.000000 1.000000
0.991018 0.093123 0.095980 0.000000 -0.069223 0.971284 -0.227630 14.652500 -0.114421 0.218941 0.969006 0.432500 0.000000 0.000000 0.000000 1.000000
0.990130 0.108628 0.088563 0.000000 -0.081208 0.959659 -0.269184 14.652500 -0.114231 0.259335 0.959008 0.432500 0.000000 0.000000 0.000000 1.000000
0.989900 0.118976 0.077094 0.000000 -0.089188 0.945325 -0.313697 14.652500 -0.110202 0.303653 0.946388 0.432500 0.000000 0.000000 0.000000 1.000000
0.990668 0.121393 0.061974 0.000000 -0.092557 0.932953 -0.347895 14.652500 -0.100051 0.338912 0.935483 0.432500 0.000000 0.000000 0.000000 1.000000
0.992232 0.116148 0.044557 0.000000 -0.092090 0.926592 -0.364619 14.652500 -0.083636 0.357684 0.930090 0.432500 0.000000 0.000000 0.000000 1.000000
0.993975 0.106345 0.026530 0.000000 -0.089526 0.927390 -0.363226 14.652500 -0.063230 0.358663 0.931323 0.432500 0.000000 0.000000 0.000000 1.000000
0.995269 0.096688 0.009531 0.000000 -0.087409 0.933925 -0.346619 14.652500 -0.042416 0.344146 0.937958 0.432500 0.000000 0.000000 0.000000 1.000000
0.995806 0.091353 -0.005060 -0.000000 -0.088214 0.943970 -0.318024 14.652500 -0.024276 0.317137 0.948069 0.432500 0.000000 0.000000 0.000000 1.000000
0.995604 0.092225 -0.016332 -0.000000 -0.093104 0.955556 -0.279723 14.652500 -0.010191 0.280014 0.959942 0.432500 0.000000 0.000000 0.000000 1.000000
0.994886 0.098104 -0.024018 0.000000 -0.101001 0.966990 -0.233943 14.652500 0.000275 0.235172 0.971954 0.432500 0.000000 0.000000 0.000000 1.000000
0.994103 0.104571 -0.028693 0.000000 -0.108085 0.976836 -0.184686 14.652500 0.008715 0.186698 0.982379 0.432500 0.000000 0.000000 0.000000 1.000000
0.993862 0.106014 -0.031620 0.000000 -0.109404 0.984276 -0.138676 14.652500 0.016421 0.141284 0.989833 0.432500 0.000000 0.000000 0.000000 1.000000
0.994554 0.098448 -0.034209 0.000000 -0.101521 0.989349 -0.104319 14.652500 0.023575 0.107224 0.993955 0.432500 0.000000 0.000000 0.000000 1.000000
0.996031 0.080824 -0.037270 -0.000000 -0.083866 0.992497 -0.088977 14.652500 0.029799 0.091749 0.995336 0.432500 0.000000 0.000000 0.000000 1.000000
0.997634 0.055637 -0.040394 -0.000000 -0.059301 0.993611 -0.096029 14.652500 0.034794 0.098197 0.994559 0.432500 0.000000 0.000000 0.000000 1.000000
0.998719 0.027854 -0.042238 0.000000 -0.032875 0.991828 -0.123274 14.652500 0.038459 0.124504 0.991473 0.432500 0.000000 0.000000 0.000000 1.000000
0.999119 0.002646 -0.041874 -0.000000 -0.009461 0.986514 -0.163400 14.652500 0.040877 0.163653 0.985671 0.432500 0.000000 0.000000 0.000000 1.000000
0.999069 -0.015691 -0.040175 0.000000 0.007068 0.978444 -0.206390 14.652500 0.042547 0.205914 0.977645 0.432500 0.000000 0.000000 0.000000 1.000000
0.998844 -0.028379 -0.038786 -0.000000 0.018122 0.969868 -0.242954 14.652500 0.044512 0.241971 0.969262 0.432500 0.000000 0.000000 0.000000 1.000000
0.998446 -0.039242 -0.039575 -0.000000 0.027286 0.963353 -0.266846 14.652500 0.048596 0.265352 0.962926 0.432500 0.000000 0.000000 0.000000 1.000000
0.997805 -0.047431 -0.046211 0.000000 0.032932 0.960842 -0.275133 14.652500 0.057451 0.273007 0.960295 0.432500 0.000000 0.000000 0.000000 1.000000
0.996591 -0.058613 -0.058068 -0.000000 0.041000 0.962564 -0.267936 14.652500 0.071599 0.264642 0.961685 0.432500 0.000000 0.000000 0.000000 1.000000
0.994623 -0.071624 -0.074804 -0.000000 0.051131 0.967731 -0.246742 14.652500 0.090063 0.241590 0.966190 0.432500 0.000000 0.000000 0.000000 1.000000
0.991960 -0.084833 -0.093903 -0.000000 0.063060 0.974704 -0.214419 14.652500 0.109717 0.206774 0.972217 0.432500 0.000000 0.000000 0.000000 1.000000
0.989091 -0.096074 -0.111663 0.000000 0.075534 0.981582 -0.175475 14.652500 0.126465 0.165126 0.978131 0.432500 0.000000 0.000000 0.000000 1.000000
0.986796 -0.103928 -0.124230 0.000000 0.086786 0.986870 -0.136223 14.652500 0.136756 0.123643 0.982858 0.432500 0.000000 0.000000 0.000000 1.000000
0.985717 -0.108156 -0.129088 0.000000 0.094995 0.990020 -0.104101 14.652500 0.139059 0.090352 0.986154 0.432500 0.000000 0.000000 0.000000 1.000000
0.985948 -0.110100 -0.125635 0.000000 0.099734 0.991288 -0.086030 14.652500 0.134012 0.072291 0.988339 0.432500 0.000000 0.000000 0.000000 1.000000
0.987364 -0.108281 -0.115706 0.000000 0.098669 0.991414 -0.085808 14.652500 0.124004 0.073307 0.989570 0.432500 0.000000 0.000000 0.000000 1.000000
0.989445 -0.103447 -0.101479 0.000000 0.092965 0.990317 -0.103098 14.652500 0.111161 0.092575 0.989481 0.432500 0.000000 0.000000 0.000000 1.000000
0.991709 -0.096507 -0.084849 0.000000 0.084749 0.987530 -0.132676 14.652500 0.096595 0.124385 0.987521 0.432500 0.000000 0.000000 0.000000 1.000000
0.993657 -0.090434 -0.066836 0.000000 0.078300 0.983012 -0.165999 14.652500 0.080712 0.159713 0.983858 0.432500 0.000000 0.000000 0.000000 1.000000
0.994925 -0.088441 -0.047992 0.000000 0.077578 0.977946 -0.193917 14.652500 0.064084 0.189209 0.979843 0.432500 0.000000 0.000000 0.000000 1.000000
0.995283 -0.092596 -0.028940 0.000000 0.084527 0.974102 -0.209713 14.652500 0.047609 0.206278 0.977335 0.432500 0.000000 0.000000 0.000000 1.000000
0.994558 -0.103635 -0.010721 -0.000000 0.099063 0.972490 -0.210829 14.652500 0.032275 0.208620 0.977464 0.432500 0.000000 0.000000 0.000000 1.000000
0.992734 -0.120203 0.005445 -0.000000 0.118885 0.972856 -0.198540 14.652500 0.018568 0.197744 0.980078 0.432500 0.000000 0.000000 0.000000 1.000000
0.989984 -0.139902 0.018969 -0.000000 0.141046 0.974176 -0.176317 14.652500 0.006188 0.177227 0.984151 0.432500 0.000000 0.000000 0.000000 1.000000
0.986568 -0.160467 0.030552 -0.000000 0.163238 0.975406 -0.148113 14.652500 -0.006034 0.151111 0.988498 0.432500 0.000000 0.000000 0.000000 1.000000
0.982774 -0.179977 0.042002 -0.000000 0.183748 0.975908 -0.117646 14.652500 -0.019816 0.123337 0.992167 0.432500 0.000000 0.000000 0.000000 1.000000
0.978907 -0.196775 0.054955 -0.000000 0.201084 0.975541 -0.088804 14.652500 -0.036136 0.097981 0.994532 0.432500 0.000000 0.000000 0.000000 1.000000
0.975496 -0.208816 0.069309 0.000000 0.213363 0.974718 -0.066335 14.652500 -0.053705 0.079498 0.995387 0.432500 0.000000 0.000000 0.000000 1.000000
0.973225 -0.214583 0.082388 0.000000 0.219482 0.974020 -0.055799 14.652500 -0.068274 0.072388 0.995037 0.432500 0.000000 0.000000 0.000000 1.000000
0.972745 -0.213814 0.089727 -0.000000 0.219752 0.973556 -0.062441 14.652500 -0.074003 0.080457 0.994007 0.432500 0.000000 0.000000 0.000000 1.000000
0.974236 -0.208142 0.086845 -0.000000 0.215700 0.972372 -0.089252 14.652500 -0.065869 0.105685 0.992216 0.432500 0.000000 0.000000 0.000000 1.000000
0.977087 -0.200685 0.070894 0.000000 0.208742 0.968599 -0.135067 14.652500 -0.041562 0.146771 0.988297 0.432500 0.000000 0.000000 0.000000 1.000000
0.979910 -0.195046 0.041626 0.000000 0.199426 0.960563 -0.193772 14.652500 -0.002190 0.198181 0.980163 0.432500 0.000000 0.000000 0.000000 1.000000
0.980976 -0.194122 0.001738 0.000000 0.188104 0.948276 -0.255715 14.652500 0.047992 0.251177 0.966751 0.432500 0.000000 0.000000 0.000000 1.000000
0.979063 -0.198806 -0.043735 -0.000000 0.175757 0.933989 -0.311086 14.652500 0.102693 0.296886 0.949375 0.432500 0.000000 0.000000 0.000000 1.000000
0.974206 -0.207422 -0.088870 0.000000 0.163910 0.921120 -0.353089 14.652500 0.155098 0.329415 0.931360 0.432500 0.000000 0.000000 0.000000 1.000000
0.967801 -0.216573 -0.128289 0.000000 0.154019 0.912605 -0.378722 14.652500 0.199098 0.346769 0.916576 0.432500 0.000000 0.000000 0.000000 1.000000
0.962134 -0.221717 -0.158558 0.000000 0.146004 0.910407 -0.387095 14.652500 0.230178 0.349287 0.908304 0.432500 0.000000 0.000000 0.000000 1.000000
0.958987 -0.220789 -0.177755 -0.000000 0.140681 0.915160 -0.377745 14.652500 0.246076 0.337246 0.908687 0.432500 0.000000 0.000000 0.000000 1.000000
0.959279 -0.211830 -0.186846 0.000000 0.136550 0.926849 -0.349721 14.652500 0.247259 0.309967 0.918032 0.432500 0.000000 0.000000 0.000000 1.000000
0.962761 -0.193257 -0.189060 0.000000 0.129901 0.943962 -0.303417 14.652500 0.237103 0.267558 0.933914 0.432500 0.000000 0.000000 0.000000 1.000000
0.968003 -0.167350 -0.186987 0.000000 0.119169 0.962335 -0.244356 14.652500 0.220837 0.214254 0.951486 0.432500 0.000000 0.000000 0.000000 1.000000
0.973471 -0.138486 -0.182143 0.000000 0.104541 0.977290 -0.184325 14.652500 0.203533 0.160393 0.965841 0.432500 0.000000 0.000000 0.000000 1.000000
0.977752 -0.118869 -0.172834 -0.000000 0.095109 0.985600 -0.139810 14.652500 0.186964 0.120262 0.974978 0.432500 0.000000 0.000000 0.000000 1.000000
0.981221 -0.106380 -0.160897 -0.000000 0.087201 0.988703 -0.121908 14.652500 0.172048 0.105588 0.979413 0.432500 0.000000 0.000000 0.000000 1.000000
0.984694 -0.093324 -0.147199 0.000000 0.073808 0.988378 -0.132893 14.652500 0.157890 0.119995 0.980139 0.432500 0.000000 0.000000 0.000000 1.000000
0.988139 -0.083509 -0.128869 -0.000000 0.061362 0.984020 -0.167152 14.652500 0.140768 0.157262 0.977473 0.432500 0.000000 0.000000 0.000000 1.000000
0.990952 -0.082924 -0.105540 -0.000000 0.059048 0.975479 -0.212025 14.652500 0.120534 0.203874 0.971549 0.432500 0.000000 0.000000 0.000000 1.000000
0.993235 -0.084266 -0.079901 0.000000 0.061677 0.965796 -0.251860 14.652500 0.098391 0.245228 0.964460 0.432500 0.000000 0.000000 0.000000 1.000000
0.994872 -0.085110 -0.054639 0.000000 0.066858 0.958790 -0.276137 14.652500 0.075890 0.271068 0.959564 0.432500 0.000000 0.000000 0.000000 1.000000
0.995769 -0.086025 -0.032304 0.000000 0.073534 0.956806 -0.281275 14.652500 0.055105 0.277710 0.959083 0.432500 0.000000 0.000000 0.000000 1.000000
0.995941 -0.088793 -0.014727 -0.000000 0.081560 0.959526 -0.269550 14.652500 0.038065 0.267255 0.962874 0.432500 0.000000 0.000000 0.000000 1.000000
0.995452 -0.095233 -0.002610 0.000000 0.091653 0.964787 -0.246546 14.652500 0.025997 0.245186 0.969127 0.432500 0.000000 0.000000 0.000000 1.000000
0.994380 -0.105774 0.004571 0.000000 0.104215 0.970294 -0.218331 14.652500 0.018658 0.217580 0.975864 0.432500 0.000000 0.000000 0.000000 1.000000
0.992918 -0.118496 0.008478 0.000000 0.117951 0.974806 -0.189319 14.652500 0.014169 0.188978 0.981879 0.432500 0.000000 0.000000 0.000000 1.000000
0.991542 -0.129267 0.011628 0.000000 0.129440 0.978336 -0.161568 14.652500 0.009509 0.161707 0.986793 0.432500 0.000000 0.000000 0.000000 1.000000
0.990995 -0.132831 0.016900 0.000000 0.133894 0.981641 -0.135841 14.652500 0.001454 0.136881 0.990586 0.432500 0.000000 0.000000 0.000000 1.000000
0.991687 -0.125850 0.026798 0.000000 0.128105 0.985189 -0.113984 14.652500 -0.012056 0.116470 0.993121 0.432500 0.000000 0.000000 0.000000 1.000000
0.993192 -0.108402 0.042653 -0.000000 0.112241 0.988503 -0.101309 14.652500 -0.031180 0.105406 0.993940 0.432500 0.000000 0.000000 0.000000 1.000000
0.994382 -0.084552 0.063682 0.000000 0.091027 0.990107 -0.106780 14.652500 -0.054024 0.111977 0.992241 0.432500 0.000000 0.000000 0.000000 1.000000
0.994424 -0.060272 0.086538 -0.000000 0.072002 0.987595 -0.139540 14.652500 -0.077054 0.144993 0.986428 0.432500 0.000000 0.000000 0.000000 1.000000
0.993535 -0.040477 0.106068 0.000000 0.061470 0.977281 -0.202839 14.652500 -0.095448 0.208047 0.973451 0.432500 0.000000 0.000000 0.000000 1.000000
0.992652 -0.027848 0.117755 0.000000 0.061669 0.953718 -0.294311 14.652500 -0.104109 0.299410 0.948428 0.432500 0.000000 0.000000 0.000000 1.000000
0.992531 -0.023009 0.119804 -0.000000 0.066615 0.924937 -0.374238 14.652500 -0.102201 0.379423 0.919561 0.432500 0.000000 0.000000 0.000000 1.000000
0.992993 -0.023241 0.115868 -0.000000 0.067730 0.915385 -0.396840 14.652500 -0.096841 0.401907 0.910545 0.432500 0.000000 0.000000 0.000000 1.000000
0.993631 -0.025617 0.109732 0.000000 0.067406 0.915495 -0.396644 14.652500 -0.090298 0.401514 0.911391 0.432500 0.000000 0.000000 0.000000 1.000000
