<?xml version="1.0" encoding="utf-8"?>
<COLLADA xmlns="http://www.collada.org/2005/11/COLLADASchema" version="1.4.1">
  <asset>
    <contributor>
      <author>Mixamo</author>
      <authoring_tool>COLLADA Mixamo exporter</authoring_tool>
      <comments/>
    </contributor>
    <created>2024-05-15T12:27:31Z</created>
    <modified>2024-05-15T12:27:31Z</modified>
    <revision/>
    <title/>
    <unit meter="0.010000"/>
    <up_axis>Y_UP</up_axis>
  </asset>
  <library_animations>
    <animation id="Armature-anim" name="Armature">
      <source id="Armature-Matrix-animation-input">
        <float_array id="Armature-Matrix-animation-input-array" count="22">

0.000000 0.033333 0.066667 0.100000 0.133333 0.166667 0.200000 0.233333 0.266667 0.300000 0.333333 0.366667 0.400000 0.433333 0.466667 0.500000
0.533333 0.566667 0.600000 0.633333 0.666667 0.700000</float_array>
        <technique_common>
          <accessor source="#Armature-Matrix-animation-input-array" count="22">
            <param name="TIME" type="float"/>
          </accessor>
        </technique_common>
      </source>
      <source id="Armature-Matrix-animation-output-transform">
        <float_array id="Armature-Matrix-animation-output-transform-array" count="352">

1.000000 0.000000 0.000000 0.000000 0.000000 1.000000 0.000000 0.000000 0.000000 0.000000 1.000000 0.000000 0.000000 0.000000 0.000000 1.000000
1.000000 0.000000 0.000000 0.000000 0.000000 1.000000 0.000000 0.000000 0.000000 0.000000 1.000000 0.000000 0.000000 0.000000 0.000000 1.000000
1.000000 0.000000 0.000000 0.000000 0.000000 1.000000 0.000000 0.000000 0.000000 0.000000 1.000000 0.000000 0.000000 0.000000 0.000000 1.000000
1.000000 0.000000 0.000000 0.000000 0.000000 1.000000 0.000000 0.000000 0.000000 0.000000 1.000000 0.000000 0.000000 0.000000 0.000000 1.000000
1.000000 0.000000 0.000000 0.000000 0.000000 1.000000 0.000000 0.000000 0.000000 0.000000 1.000000 0.000000 0.000000 0.000000 0.000000 1.000000
1.000000 0.000000 0.000000 0.000000 0.000000 1.000000 0.000000 0.000000 0.000000 0.000000 1.000000 0.000000 0.000000 0.000000 0.000000 1.000000
1.000000 0.000000 0.000000 0.000000 0.000000 1.000000 0.000000 0.000000 0.000000 0.000000 1.000000 0.000000 0.000000 0.000000 0.000000 1.000000
1.000000 0.000000 0.000000 0.000000 0.000000 1.000000 0.000000 0.000000 0.000000 0.000000 1.000000 0.000000 0.000000 0.000000 0.000000 1.000000
1.000000 0.000000 0.000000 0.000000 0.000000 1.000000 0.000000 0.000000 0.000000 0.000000 1.000000 0.000000 0.000000 0.000000 0.000000 1.000000
1.000000 0.000000 0.000000 0.000000 0.000000 1.000000 0.000000 0.000000 0.000000 0.000000 1.000000 0.000000 0.000000 0.000000 0.000000 1.000000
1.000000 0.000000 0.000000 0.000000 0.000000 1.000000 0.000000 0.000000 0.000000 0.000000 1.000000 0.000000 0.000000 0.000000 0.000000 1.000000
1.000000 0.000000 0.000000 0.000000 0.000000 1.000000 0.000000 0.000000 0.000000 0.000000 1.000000 0.000000 0.000000 0.000000 0.000000 1.000000
1.000000 0.000000 0.000000 0.000000 0.000000 1.000000 0.000000 0.000000 0.000000 0.000000 1.000000 0.000000 0.000000 0.000000 0.000000 1.000000
1.000000 0.000000 0.000000 0.000000 0.000000 1.000000 0.000000 0.000000 0.000000 0.000000 1.000000 0.000000 0.000000 0.000000 0.000000 1.000000
1.000000 0.000000 0.000000 0.000000 0.000000 1.000000 0.000000 0.000000 0.000000 0.000000 1.000000 0.000000 0.000000 0.000000 0.000000 1.000000
1.000000 0.000000 0.000000 0.000000 0.000000 1.000000 0.000000 0.000000 0.000000 0.000000 1.000000 0.000000 0.000000 0.000000 0.000000 1.000000
1.000000 0.000000 0.000000 0.000000 0.000000 1.000000 0.000000 0.000000 0.000000 0.000000 1.000000 0.000000 0.000000 0.000000 0.000000 1.000000
1.000000 0.000000 0.000000 0.000000 0.000000 1.000000 0.000000 0.000000 0.000000 0.000000 1.000000 0.000000 0.000000 0.000000 0.000000 1.000000
1.000000 0.000000 0.000000 0.000000 0.000000 1.000000 0.000000 0.000000 0.000000 0.000000 1.000000 0.000000 0.000000 0.000000 0.000000 1.000000
1.000000 0.000000 0.000000 0.000000 0.000000 1.000000 0.000000 0.000000 0.000000 0.000000 1.000000 0.000000 0.000000 0.000000 0.000000 1.000000
1.000000 0.000000 0.000000 0.000000 0.000000 1.000000 0.000000 0.000000 0.000000 0.000000 1.000000 0.000000 0.000000 0.000000 0.000000 1.000000
1.000000 0.000000 0.000000 0.000000 0.000000 1.000000 0.000000 0.000000 0.000000 0.000000 1.000000 0.000000 0.000000 0.000000 0.000000 1.000000</float_array>
        <technique_common>
          <accessor source="#Armature-Matrix-animation-output-transform-array" count="22" stride="16">
            <param type="float4x4"/>
          </accessor>
        </technique_common>
      </source>
      <source id="Armature-Interpolations">
        <Name_array id="Armature-Interpolations-array" count="22">
 LINEAR LINEAR LINEAR LINEAR LINEAR LINEAR LINEAR LINEAR LINEAR LINEAR LINEAR
LINEAR LINEAR LINEAR LINEAR LINEAR LINEAR LINEAR LINEAR LINEAR LINEAR LINEAR</Name_array>
        <technique_common>
          <accessor source="#Armature-Interpolations-array" count="22">
            <param type="name"/>
          </accessor>
        </technique_common>
      </source>
      <sampler id="Armature-Matrix-animation-transform">
        <input semantic="INPUT" source="#Armature-Matrix-animation-input"/>
        <input semantic="OUTPUT" source="#Armature-Matrix-animation-output-transform"/>
        <input semantic="INTERPOLATION" source="#Armature-Interpolations"/>
      </sampler>
      <channel source="#Armature-Matrix-animation-transform" target="Armature/matrix"/>
    </animation>
    <animation id="mixamorig_Hips-anim" name="mixamorig_Hips">
      <source id="mixamorig_Hips-Matrix-animation-input">
        <float_array id="mixamorig_Hips-Matrix-animation-input-array" count="22">

0.000000 0.033333 0.066667 0.100000 0.133333 0.166667 0.200000 0.233333 0.266667 0.300000 0.333333 0.366667 0.400000 0.433333 0.466667 0.500000
0.533333 0.566667 0.600000 0.633333 0.666667 0.700000</float_array>
        <technique_common>
          <accessor source="#mixamorig_Hips-Matrix-animation-input-array" count="22">
            <param name="TIME" type="float"/>
          </accessor>
        </technique_common>
      </source>
      <source id="mixamorig_Hips-Matrix-animation-output-transform">
        <float_array id="mixamorig_Hips-Matrix-animation-output-transform-array" count="352">

0.996249 -0.063550 -0.058736 0.254492 0.041478 0.946370 -0.320410 88.205986 0.075948 0.316772 0.945456 -1.531548 0.000000 0.000000 0.000000 1.000000
0.996629 -0.067559 -0.046547 0.000753 0.049992 0.949950 -0.308375 91.235603 0.065051 0.305009 0.950125 -2.553798 0.000000 0.000000 0.000000 1.000000
0.994620 -0.101650 -0.019964 -0.353158 0.091498 0.952398 -0.290801 93.518967 0.048574 0.287410 0.956575 -3.742963 0.000000 0.000000 0.000000 1.000000
0.989068 -0.146397 0.017682 -0.939504 0.145703 0.951764 -0.270029 95.270271 0.022703 0.269654 0.962690 -4.749977 0.000000 0.000000 0.000000 1.000000
0.991170 -0.131146 0.019556 -1.416465 0.131193 0.948564 -0.288122 97.009781 0.019236 0.288144 0.957394 -5.370222 0.000000 0.000000 0.000000 1.000000
0.998807 -0.048415 -0.006375 -1.693199 0.044726 0.959384 -0.278537 97.764130 0.019602 0.277919 0.960404 -4.891927 0.000000 0.000000 0.000000 1.000000
0.999812 0.004233 -0.018905 -2.006481 -0.008688 0.970176 -0.242245 97.055908 0.017316 0.242364 0.970031 -5.091021 0.000000 0.000000 0.000000 1.000000
0.999965 -0.006847 -0.004711 -2.468526 0.005660 0.976077 -0.217353 95.733994 0.006086 0.217319 0.976082 -6.230709 0.000000 0.000000 0.000000 1.000000
0.999895 -0.014415 -0.001426 -2.568832 0.013704 0.973265 -0.229277 92.891151 0.004693 0.229233 0.973360 -7.157062 0.000000 0.000000 0.000000 1.000000
0.999611 -0.027783 0.002404 -2.655709 0.027451 0.965114 -0.260388 90.324173 0.004915 0.260353 0.965501 -8.577243 0.000000 0.000000 0.000000 1.000000
0.999006 -0.044531 0.002149 -2.922279 0.043359 0.959239 -0.279250 88.442909 0.010374 0.279066 0.960216 -9.809076 0.000000 0.000000 0.000000 1.000000
0.999298 -0.037228 -0.004111 -2.823437 0.034462 0.956901 -0.288364 88.418915 0.014669 0.288020 0.957512 -9.603598 0.000000 0.000000 0.000000 1.000000
0.999645 -0.009269 -0.024993 -2.399184 0.001792 0.958843 -0.283930 89.930862 0.026596 0.283784 0.958519 -8.112944 0.000000 0.000000 0.000000 1.000000
0.996791 0.072494 -0.033954 -1.911451 -0.079176 0.955369 -0.284606 90.752045 0.011806 0.286381 0.958043 -6.738845 0.000000 0.000000 0.000000 1.000000
0.992098 0.120805 -0.033890 -1.663328 -0.125383 0.944612 -0.303293 91.821945 -0.004626 0.305145 0.952295 -5.617882 0.000000 0.000000 0.000000 1.000000
0.992344 0.118832 -0.033642 -1.545408 -0.123366 0.940961 -0.315236 92.924423 -0.005804 0.316973 0.948417 -4.558301 0.000000 0.000000 0.000000 1.000000
0.997181 0.064843 -0.037767 -1.290046 -0.073236 0.950650 -0.301497 93.435280 0.016353 0.303412 0.952719 -3.409280 0.000000 0.000000 0.000000 1.000000
0.998912 0.026827 -0.038139 -0.549831 -0.036494 0.958924 -0.281307 91.429291 0.029026 0.282393 0.958860 -2.730851 0.000000 0.000000 0.000000 1.000000
0.998435 -0.018335 -0.052840 0.042404 0.002558 0.958721 -0.284338 88.077583 0.055872 0.283758 0.957267 -2.042887 0.000000 0.000000 0.000000 1.000000
0.997416 -0.029078 -0.065697 0.490498 0.007269 0.950584 -0.310382 85.752914 0.071475 0.309103 0.948339 -2.449571 0.000000 0.000000 0.000000 1.000000
0.996835 -0.041190 -0.067991 0.743450 0.017024 0.946062 -0.323537 85.221886 0.077650 0.321355 0.943770 -2.758324 0.000000 0.000000 0.000000 1.000000
0.996425 -0.056585 -0.062735 0.492563 0.033229 0.945210 -0.324768 86.716660 0.077675 0.321522 0.943711 -2.211168 0.000000 0.000000 0.000000 1.000000</float_array>
        <technique_common>
          <accessor source="#mixamorig_Hips-Matrix-animation-output-transform-array" count="22" stride="16">
            <param type="float4x4"/>
          </accessor>
        </technique_common>
      </source>
      <source id="mixamorig_Hips-Interpolations">
        <Name_array id="mixamorig_Hips-Interpolations-array" count="22">
 LINEAR LINEAR LINEAR LINEAR LINEAR LINEAR LINEAR LINEAR LINEAR LINEAR LINEAR
LINEAR LINEAR LINEAR LINEAR LINEAR LINEAR LINEAR LINEAR LINEAR LINEAR LINEAR</Name_array>
        <technique_common>
          <accessor source="#mixamorig_Hips-Interpolations-array" count="22">
            <param type="name"/>
          </accessor>
        </technique_common>
      </source>
      <sampler id="mixamorig_Hips-Matrix-animation-transform">
        <input semantic="INPUT" source="#mixamorig_Hips-Matrix-animation-input"/>
        <input semantic="OUTPUT" source="#mixamorig_Hips-Matrix-animation-output-transform"/>
        <input semantic="INTERPOLATION" source="#mixamorig_Hips-Interpolations"/>
      </sampler>
      <channel source="#mixamorig_Hips-Matrix-animation-transform" target="mixamorig_Hips/matrix"/>
    </animation>
    <animation id="mixamorig_Spine-anim" name="mixamorig_Spine">
      <source id="mixamorig_Spine-Matrix-animation-input">
        <float_array id="mixamorig_Spine-Matrix-animation-input-array" count="22">

0.000000 0.033333 0.066667 0.100000 0.133333 0.166667 0.200000 0.233333 0.266667 0.300000 0.333333 0.366667 0.400000 0.433333 0.466667 0.500000
0.533333 0.566667 0.600000 0.633333 0.666667 0.700000</float_array>
        <technique_common>
          <accessor source="#mixamorig_Spine-Matrix-animation-input-array" count="22">
            <param name="TIME" type="float"/>
          </accessor>
        </technique_common>
      </source>
      <source id="mixamorig_Spine-Matrix-animation-output-transform">
        <float_array id="mixamorig_Spine-Matrix-animation-output-transform-array" count="352">

0.998184 0.003558 0.060126 0.000000 0.001942 0.995833 -0.091180 12.246100 -0.060200 0.091131 0.994018 0.234600 0.000000 0.000000 0.000000 1.000000
0.995677 0.012141 0.092092 -0.000000 -0.004126 0.996223 -0.086730 12.246100 -0.092797 0.085975 0.991966 0.234600 0.000000 0.000000 0.000000 1.000000
0.993148 0.053736 0.103781 0.000000 -0.044010 0.994614 -0.093837 12.246100 -0.108264 0.088626 0.990164 0.234600 0.000000 0.000000 0.000000 1.000000
0.987883 0.113910 0.105410 0.000000 -0.102686 0.989007 -0.106402 12.246100 -0.116372 0.094289 0.988720 0.234600 0.000000 0.000000 0.000000 1.000000
0.985708 0.119721 0.118517 0.000000 -0.109039 0.989690 -0.092861 12.246100 -0.128413 0.078611 0.988600 0.234600 0.000000 0.000000 0.000000 1.000000
0.988901 0.054132 0.138365 0.000000 -0.042773 0.995565 -0.083786 12.246100 -0.142287 0.076937 0.986831 0.234600 0.000000 0.000000 0.000000 1.000000
0.990647 0.019318 0.135072 0.000000 -0.006126 0.995225 -0.097410 12.246100 -0.136309 0.095672 0.986036 0.234600 0.000000 0.000000 0.000000 1.000000
0.994793 0.046099 0.090890 0.000000 -0.035186 0.992365 -0.118213 12.246100 -0.095646 0.114400 0.988820 0.234600 0.000000 0.000000 0.000000 1.000000
0.996509 0.060806 0.057198 -0.000000 -0.054289 0.992524 -0.109315 12.246100 -0.063417 0.105828 0.992360 0.234600 0.000000 0.000000 0.000000 1.000000
0.996245 0.079867 0.033423 0.000000 -0.075931 0.991472 -0.105910 12.246100 -0.041596 0.102975 0.993814 0.234600 0.000000 0.000000 0.000000 1.000000
0.994589 0.103275 0.011238 0.000000 -0.101481 0.989013 -0.107492 12.246100 -0.022216 0.105770 0.994142 0.234600 0.000000 0.000000 0.000000 1.000000
0.995279 0.094675 -0.021385 -0.000000 -0.096296 0.990770 -0.095405 12.246100 0.012155 0.097014 0.995209 0.234600 0.000000 0.000000 0.000000 1.000000
0.997061 0.057531 -0.050588 0.000000 -0.061667 0.994522 -0.084396 12.246100 0.045455 0.087268 0.995147 0.234600 0.000000 0.000000 0.000000 1.000000
0.995630 -0.043157 -0.082821 0.000000 0.036496 0.996101 -0.080321 12.246100 0.085964 0.076947 0.993322 0.234600 0.000000 0.000000 0.000000 1.000000
0.987585 -0.107527 -0.114514 -0.000000 0.098942 0.992016 -0.078196 12.246100 0.122008 0.065895 0.990339 0.234600 0.000000 0.000000 0.000000 1.000000
0.985048 -0.119504 -0.124094 0.000000 0.109637 0.990456 -0.083526 12.246100 0.132891 0.068672 0.988749 0.234600 0.000000 0.000000 0.000000 1.000000
0.991207 -0.078004 -0.106881 0.000000 0.068672 0.993717 -0.088377 12.246100 0.113103 0.080260 0.990336 0.234600 0.000000 0.000000 0.000000 1.000000
0.992896 -0.070983 -0.095494 0.000000 0.061698 0.993380 -0.096904 12.246100 0.101741 0.090324 0.990702 0.234600 0.000000 0.000000 0.000000 1.000000
0.996568 -0.048919 -0.066775 0.000000 0.042731 0.994921 -0.091142 12.246100 0.070894 0.087976 0.993597 0.234600 0.000000 0.000000 0.000000 1.000000
0.998309 -0.047937 -0.032875 0.000000 0.044824 0.994965 -0.089646 12.246100 0.037006 0.088020 0.995431 0.234600 0.000000 0.000000 0.000000 1.000000
0.999332 -0.036457 -0.002572 0.000000 0.036057 0.994963 -0.093530 12.246100 0.005969 0.093375 0.995613 0.234600 0.000000 0.000000 0.000000 1.000000
0.999244 -0.009835 0.037617 0.000000 0.013270 0.995655 -0.092173 12.246100 -0.036547 0.092603 0.995032 0.234600 0.000000 0.000000 0.000000 1.000000</float_array>
        <technique_common>
          <accessor source="#mixamorig_Spine-Matrix-animation-output-transform-array" count="22" stride="16">
            <param type="float4x4"/>
          </accessor>
        </technique_common>
      </source>
      <source id="mixamorig_Spine-Interpolations">
        <Name_array id="mixamorig_Spine-Interpolations-array" count="22">
 LINEAR LINEAR LINEAR LINEAR LINEAR LINEAR LINEAR LINEAR LINEAR LINEAR LINEAR
LINEAR LINEAR LINEAR LINEAR LINEAR LINEAR LINEAR LINEAR LINEAR LINEAR LINEAR</Name_array>
        <technique_common>
          <accessor source="#mixamorig_Spine-Interpolations-array" count="22">
            <param type="name"/>
          </accessor>
        </technique_common>
      </source>
      <sampler id="mixamorig_Spine-Matrix-animation-transform">
        <input semantic="INPUT" source="#mixamorig_Spine-Matrix-animation-input"/>
        <input semantic="OUTPUT" source="#mixamorig_Spine-Matrix-animation-output-transform"/>
        <input semantic="INTERPOLATION" source="#mixamorig_Spine-Interpolations"/>
      </sampler>
      <channel source="#mixamorig_Spine-Matrix-animation-transform" target="mixamorig_Spine/matrix"/>
    </animation>
    <animation id="mixamorig_Spine1-anim" name="mixamorig_Spine1">
      <source id="mixamorig_Spine1-Matrix-animation-input">
        <float_array id="mixamorig_Spine1-Matrix-animation-input-array" count="22">

0.000000 0.033333 0.066667 0.100000 0.133333 0.166667 0.200000 0.233333 0.266667 0.300000 0.333333 0.366667 0.400000 0.433333 0.466667 0.500000
0.533333 0.566667 0.600000 0.633333 0.666667 0.700000</float_array>
        <technique_common>
          <accessor source="#mixamorig_Spine1-Matrix-animation-input-array" count="22">
            <param name="TIME" type="float"/>
          </accessor>
        </technique_common>
      </source>
      <source id="mixamorig_Spine1-Matrix-animation-output-transform">
        <float_array id="mixamorig_Spine1-Matrix-animation-output-transform-array" count="352">

0.999027 -0.010990 0.042714 0.000000 0.013277 0.998473 -0.053626 14.289700 -0.042060 0.054141 0.997647 0.000000 0.000000 0.000000 0.000000 1.000000
0.998310 0.001614 0.058099 0.000000 0.001423 0.998636 -0.052197 14.289700 -0.058104 0.052192 0.996945 0.000000 0.000000 0.000000 0.000000 1.000000
0.997914 0.010232 0.063738 -0.000000 -0.006689 0.998433 -0.055555 14.289700 -0.064207 0.055013 0.996419 0.000000 0.000000 0.000000 0.000000 1.000000
0.997944 0.018917 0.061238 -0.000000 -0.015172 0.998020 -0.061045 14.289700 -0.062272 0.059990 0.996255 0.000000 0.000000 0.000000 0.000000 1.000000
0.997932 0.023338 0.059887 -0.000000 -0.020335 0.998528 -0.050275 14.289700 -0.060972 0.048953 0.996938 0.000000 0.000000 0.000000 0.000000 1.000000
0.997842 0.018716 0.062935 0.000000 -0.016015 0.998940 -0.043156 14.289700 -0.063676 0.042055 0.997084 0.000000 0.000000 0.000000 0.000000 1.000000
0.997961 0.015514 0.061906 0.000000 -0.012210 0.998499 -0.053397 14.289700 -0.062641 0.052532 0.996653 0.000000 0.000000 0.000000 0.000000 1.000000
0.998450 0.019511 0.052127 0.000000 -0.015915 0.997522 -0.068532 14.289700 -0.053335 0.067596 0.996286 0.000000 0.000000 0.000000 0.000000 1.000000
0.998953 0.024930 0.038347 0.000000 -0.022471 0.997743 -0.063277 14.289700 -0.039838 0.062349 0.997259 0.000000 0.000000 0.000000 0.000000 1.000000
0.999156 0.030436 0.027580 0.000000 -0.028699 0.997706 -0.061314 14.289700 -0.029383 0.060470 0.997737 0.000000 0.000000 0.000000 0.000000 1.000000
0.999365 0.030501 0.018435 -0.000000 -0.029271 0.997539 -0.063709 14.289700 -0.020333 0.063129 0.997798 -0.000000 0.000000 0.000000 0.000000 1.000000
0.999796 0.019596 0.004872 0.000000 -0.019284 0.998161 -0.057470 14.289700 -0.005990 0.057364 0.998335 0.000000 0.000000 0.000000 0.000000 1.000000
0.999959 0.000802 -0.008992 -0.000000 -0.001257 0.998713 -0.050710 14.289700 0.008939 0.050720 0.998673 0.000000 0.000000 0.000000 0.000000 1.000000
0.999525 -0.023829 -0.019534 0.000000 0.022871 0.998591 -0.047889 14.289700 0.020647 0.047419 0.998662 0.000000 0.000000 0.000000 0.000000 1.000000
0.998816 -0.038287 -0.030000 0.000000 0.036929 0.998323 -0.044577 14.289700 0.031656 0.043417 0.998555 0.000000 0.000000 0.000000 0.000000 1.000000
0.998446 -0.040862 -0.037894 0.000000 0.039099 0.998170 -0.046133 14.289700 0.039710 0.044580 0.998216 0.000000 0.000000 0.000000 0.000000 1.000000
0.998829 -0.033489 -0.034917 -0.000000 0.031710 0.998230 -0.050305 14.289700 0.036540 0.049139 0.998123 0.000000 0.000000 0.000000 0.000000 1.000000
0.999314 -0.028492 -0.023678 0.000000 0.027171 0.998153 -0.054340 14.289700 0.025182 0.053660 0.998242 0.000000 0.000000 0.000000 0.000000 1.000000
0.999510 -0.030267 -0.007946 0.000000 0.029833 0.998305 -0.049979 14.289700 0.009445 0.049717 0.998719 -0.000000 0.000000 0.000000 0.000000 1.000000
0.999257 -0.038251 0.004631 0.000000 0.038433 0.998033 -0.049534 14.289700 -0.002728 0.049675 0.998762 0.000000 0.000000 0.000000 0.000000 1.000000
0.999241 -0.036503 0.013591 -0.000000 0.037169 0.997933 -0.052431 14.289700 -0.011649 0.052896 0.998532 0.000000 0.000000 0.000000 0.000000 1.000000
0.999284 -0.020804 0.031598 0.000000 0.022463 0.998336 -0.053111 14.289700 -0.030440 0.053783 0.998089 0.000000 0.000000 0.000000 0.000000 1.000000</float_array>
        <technique_common>
          <accessor source="#mixamorig_Spine1-Matrix-animation-output-transform-array" count="22" stride="16">
            <param type="float4x4"/>
          </accessor>
        </technique_common>
      </source>
      <source id="mixamorig_Spine1-Interpolations">
        <Name_array id="mixamorig_Spine1-Interpolations-array" count="22">
 LINEAR LINEAR LINEAR LINEAR LINEAR LINEAR LINEAR LINEAR LINEAR LINEAR LINEAR
LINEAR LINEAR LINEAR LINEAR LINEAR LINEAR LINEAR LINEAR LINEAR LINEAR LINEAR</Name_array>
        <technique_common>
          <accessor source="#mixamorig_Spine1-Interpolations-array" count="22">
            <param type="name"/>
          </accessor>
        </technique_common>
      </source>
      <sampler id="mixamorig_Spine1-Matrix-animation-transform">
        <input semantic="INPUT" source="#mixamorig_Spine1-Matrix-animation-input"/>
        <input semantic="OUTPUT" source="#mixamorig_Spine1-Matrix-animation-output-transform"/>
        <input semantic="INTERPOLATION" source="#mixamorig_Spine1-Interpolations"/>
      </sampler>
      <channel source="#mixamorig_Spine1-Matrix-animation-transform" target="mixamorig_Spine1/matrix"/>
    </animation>
    <animation id="mixamorig_Spine2-anim" name="mixamorig_Spine2">
      <source id="mixamorig_Spine2-Matrix-animation-input">
        <float_array id="mixamorig_Spine2-Matrix-animation-input-array" count="22">

0.000000 0.033333 0.066667 0.100000 0.133333 0.166667 0.200000 0.233333 0.266667 0.300000 0.333333 0.366667 0.400000 0.433333 0.466667 0.500000
0.533333 0.566667 0.600000 0.633333 0.666667 0.700000</float_array>
        <technique_common>
          <accessor source="#mixamorig_Spine2-Matrix-animation-input-array" count="22">
            <param name="TIME" type="float"/>
          </accessor>
        </technique_common>
      </source>
      <source id="mixamorig_Spine2-Matrix-animation-output-transform">
        <float_array id="mixamorig_Spine2-Matrix-animation-output-transform-array" count="352">

0.998981 -0.012486 0.043367 0.000000 0.014752 0.998521 -0.052334 16.330999 -0.042650 0.052920 0.997688 0.000000 0.000000 0.000000 0.000000 1.000000
0.998252 -0.000148 0.059109 0.000000 0.003160 0.998700 -0.050872 16.330999 -0.059025 0.050970 0.996954 0.000000 0.000000 0.000000 0.000000 1.000000
0.997843 0.008134 0.065141 0.000000 -0.004604 0.998521 -0.054171 16.330999 -0.065486 0.053754 0.996405 0.000000 0.000000 0.000000 0.000000 1.000000
0.997886 0.016695 0.062811 0.000000 -0.012929 0.998121 -0.059895 16.330999 -0.063693 0.058956 0.996227 0.000000 0.000000 0.000000 0.000000 1.000000
0.997889 0.021675 0.061223 0.000000 -0.018666 0.998610 -0.049292 16.330999 -0.062206 0.048046 0.996906 -0.000000 0.000000 0.000000 0.000000 1.000000
0.997785 0.017893 0.064075 -0.000000 -0.015214 0.998999 -0.042055 16.330999 -0.064763 0.040987 0.997059 0.000000 0.000000 0.000000 0.000000 1.000000
0.997893 0.014818 0.063159 -0.000000 -0.011512 0.998560 -0.052390 16.330999 -0.063844 0.051553 0.996627 0.000000 0.000000 0.000000 0.000000 1.000000
0.998398 0.018465 0.053484 0.000000 -0.014816 0.997587 -0.067835 16.330999 -0.054608 0.066934 0.996262 -0.000000 0.000000 0.000000 0.000000 1.000000
0.998910 0.024218 0.039912 0.000000 -0.021690 0.997803 -0.062605 16.330999 -0.041340 0.061671 0.997240 0.000000 0.000000 0.000000 0.000000 1.000000
0.999116 0.030058 0.029401 -0.000000 -0.028233 0.997761 -0.060627 16.330999 -0.031157 0.059744 0.997727 0.000000 0.000000 0.000000 0.000000 1.000000
0.999335 0.030451 0.020077 0.000000 -0.029130 0.997581 -0.063111 16.330999 -0.021950 0.062484 0.997805 0.000000 0.000000 0.000000 0.000000 1.000000
0.999781 0.020008 0.006097 0.000000 -0.019629 0.998183 -0.056961 16.330999 -0.007226 0.056829 0.998358 0.000000 0.000000 0.000000 0.000000 1.000000
0.999966 0.001459 -0.008072 0.000000 -0.001864 0.998730 -0.050340 16.330999 0.007988 0.050353 0.998700 0.000000 0.000000 0.000000 0.000000 1.000000
0.999562 -0.022958 -0.018666 0.000000 0.022045 0.998618 -0.047705 16.330999 0.019736 0.047273 0.998687 0.000000 0.000000 0.000000 0.000000 1.000000
0.998872 -0.037454 -0.029184 0.000000 0.036137 0.998359 -0.044419 16.330999 0.030799 0.043315 0.998587 0.000000 0.000000 0.000000 0.000000 1.000000
0.998497 -0.040392 -0.037055 0.000000 0.038682 0.998204 -0.045734 16.330999 0.038836 0.044232 0.998266 0.000000 0.000000 0.000000 0.000000 1.000000
0.998867 -0.033063 -0.034219 -0.000000 0.031343 0.998275 -0.049653 16.330999 0.035802 0.048525 0.998180 0.000000 0.000000 0.000000 0.000000 1.000000
0.999349 -0.027897 -0.022862 0.000000 0.026638 0.998205 -0.053639 16.330999 0.024317 0.052995 0.998299 -0.000000 0.000000 0.000000 0.000000 1.000000
0.999526 -0.029942 -0.007134 0.000000 0.029557 0.998356 -0.049110 16.330999 0.008592 0.048876 0.998768 0.000000 0.000000 0.000000 0.000000 1.000000
0.999245 -0.038486 0.005375 0.000000 0.038702 0.998078 -0.048402 16.330999 -0.003502 0.048573 0.998813 0.000000 0.000000 0.000000 0.000000 1.000000
0.999196 -0.037421 0.014362 0.000000 0.038107 0.997974 -0.050946 16.330999 -0.012426 0.051453 0.998598 0.000000 0.000000 0.000000 0.000000 1.000000
0.999236 -0.022095 0.032232 0.000000 0.023744 0.998380 -0.051709 16.330999 -0.031037 0.052435 0.998142 0.000000 0.000000 0.000000 0.000000 1.000000</float_array>
        <technique_common>
          <accessor source="#mixamorig_Spine2-Matrix-animation-output-transform-array" count="22" stride="16">
            <param type="float4x4"/>
          </accessor>
        </technique_common>
      </source>
      <source id="mixamorig_Spine2-Interpolations">
        <Name_array id="mixamorig_Spine2-Interpolations-array" count="22">
 LINEAR LINEAR LINEAR LINEAR LINEAR LINEAR LINEAR LINEAR LINEAR LINEAR LINEAR
LINEAR LINEAR LINEAR LINEAR LINEAR LINEAR LINEAR LINEAR LINEAR LINEAR LINEAR</Name_array>
        <technique_common>
          <accessor source="#mixamorig_Spine2-Interpolations-array" count="22">
            <param type="name"/>
          </accessor>
        </technique_common>
      </source>
      <sampler id="mixamorig_Spine2-Matrix-animation-transform">
        <input semantic="INPUT" source="#mixamorig_Spine2-Matrix-animation-input"/>
        <input semantic="OUTPUT" source="#mixamorig_Spine2-Matrix-animation-output-transform"/>
        <input semantic="INTERPOLATION" source="#mixamorig_Spine2-Interpolations"/>
      </sampler>
      <channel source="#mixamorig_Spine2-Matrix-animation-transform" target="mixamorig_Spine2/matrix"/>
    </animation>
    <animation id="mixamorig_Neck-anim" name="mixamorig_Neck">
      <source id="mixamorig_Neck-Matrix-animation-input">
        <float_array id="mixamorig_Neck-Matrix-animation-input-array" count="22">

0.000000 0.033333 0.066667 0.100000 0.133333 0.166667 0.200000 0.233333 0.266667 0.300000 0.333333 0.366667 0.400000 0.433333 0.466667 0.500000
0.533333 0.566667 0.600000 0.633333 0.666667 0.700000</float_array>
        <technique_common>
          <accessor source="#mixamorig_Neck-Matrix-animation-input-array" count="22">
            <param name="TIME" type="float"/>
          </accessor>
        </technique_common>
      </source>
      <source id="mixamorig_Neck-Matrix-animation-output-transform">
        <float_array id="mixamorig_Neck-Matrix-animation-output-transform-array" count="352">

0.999713 -0.023547 -0.004423 0.000000 0.023936 0.989579 0.141986 18.372400 0.001034 -0.142051 0.989859 0.000000 0.000000 0.000000 0.000000 1.000000
0.999716 -0.020007 -0.012933 0.000000 0.021494 0.991615 0.127430 18.372400 0.010275 -0.127672 0.991763 0.000000 0.000000 0.000000 0.000000 1.000000
0.999683 -0.014816 -0.020376 0.000000 0.017064 0.993217 0.115014 18.372400 0.018534 -0.115326 0.993155 0.000000 0.000000 0.000000 0.000000 1.000000
0.999665 -0.001634 -0.025839 -0.000000 0.004138 0.995260 0.097161 18.372400 0.025558 -0.097235 0.994933 0.000000 0.000000 0.000000 0.000000 1.000000
0.999605 0.003560 -0.027881 0.000000 -0.001003 0.995834 0.091174 18.372400 0.028090 -0.091110 0.995445 -0.000000 0.000000 0.000000 0.000000 1.000000
0.999551 -0.002546 -0.029859 -0.000000 0.005403 0.995370 0.095965 18.372400 0.029477 -0.096083 0.994937 -0.000000 0.000000 0.000000 0.000000 1.000000
0.999548 -0.009008 -0.028674 -0.000000 0.011484 0.996108 0.087393 18.372400 0.027775 -0.087682 0.995761 0.000000 0.000000 0.000000 0.000000 1.000000
0.999605 -0.015320 -0.023569 -0.000000 0.016818 0.997763 0.064697 18.372400 0.022525 -0.065067 0.997627 -0.000000 0.000000 0.000000 0.000000 1.000000
0.999168 -0.034023 -0.022505 0.000000 0.035249 0.997776 0.056571 18.372400 0.020531 -0.057317 0.998145 -0.000000 0.000000 0.000000 0.000000 1.000000
0.998198 -0.053316 -0.027519 -0.000000 0.055291 0.995509 0.076846 18.372400 0.023298 -0.078229 0.996663 0.000000 0.000000 0.000000 0.000000 1.000000
0.997988 -0.056569 -0.028620 0.000000 0.058985 0.994000 0.092108 18.372400 0.023238 -0.093611 0.995338 -0.000000 0.000000 0.000000 0.000000 1.000000
0.998150 -0.056595 -0.022234 0.000000 0.058429 0.993951 0.092996 18.372400 0.016836 -0.094123 0.995418 0.000000 0.000000 0.000000 0.000000 1.000000
0.998304 -0.056694 -0.013260 0.000000 0.057654 0.994343 0.089210 18.372400 0.008127 -0.089823 0.995925 0.000000 0.000000 0.000000 0.000000 1.000000
0.998472 -0.055012 -0.005283 -0.000000 0.055263 0.994695 0.086767 18.372400 0.000482 -0.086926 0.996215 0.000000 0.000000 0.000000 0.000000 1.000000
0.997879 -0.065072 -0.001683 0.000000 0.064905 0.992678 0.101874 18.372400 -0.004958 -0.101767 0.994796 0.000000 0.000000 0.000000 0.000000 1.000000
0.996671 -0.081430 -0.003876 -0.000000 0.081309 0.989491 0.119565 18.372400 -0.005901 -0.119482 0.992819 0.000000 0.000000 0.000000 0.000000 1.000000
0.996606 -0.082123 -0.005628 0.000000 0.082204 0.989377 0.119902 18.372400 -0.004279 -0.119958 0.992770 0.000000 0.000000 0.000000 0.000000 1.000000
0.998025 -0.062815 -0.000667 0.000000 0.062480 0.991483 0.114274 18.372400 -0.006516 -0.114090 0.993449 0.000000 0.000000 0.000000 0.000000 1.000000
0.999169 -0.040672 0.002832 0.000000 0.040014 0.991585 0.123116 18.372400 -0.007816 -0.122900 0.992388 0.000000 0.000000 0.000000 0.000000 1.000000
0.999513 -0.031035 0.003375 -0.000000 0.030195 0.988532 0.147962 18.372400 -0.007928 -0.147788 0.988987 0.000000 0.000000 0.000000 0.000000 1.000000
0.999574 -0.028867 0.004329 -0.000000 0.027805 0.986747 0.159869 18.372400 -0.008886 -0.159681 0.987129 0.000000 0.000000 0.000000 0.000000 1.000000
0.999661 -0.026035 -0.000040 -0.000000 0.025743 0.988232 0.150783 18.372400 -0.003886 -0.150733 0.988567 0.000000 0.000000 0.000000 0.000000 1.000000</float_array>
        <technique_common>
          <accessor source="#mixamorig_Neck-Matrix-animation-output-transform-array" count="22" stride="16">
            <param type="float4x4"/>
          </accessor>
        </technique_common>
      </source>
      <source id="mixamorig_Neck-Interpolations">
        <Name_array id="mixamorig_Neck-Interpolations-array" count="22">
 LINEAR LINEAR LINEAR LINEAR LINEAR LINEAR LINEAR LINEAR LINEAR LINEAR LINEAR
LINEAR LINEAR LINEAR LINEAR LINEAR LINEAR LINEAR LINEAR LINEAR LINEAR LINEAR</Name_array>
        <technique_common>
          <accessor source="#mixamorig_Neck-Interpolations-array" count="22">
            <param type="name"/>
          </accessor>
        </technique_common>
      </source>
      <sampler id="mixamorig_Neck-Matrix-animation-transform">
        <input semantic="INPUT" source="#mixamorig_Neck-Matrix-animation-input"/>
        <input semantic="OUTPUT" source="#mixamorig_Neck-Matrix-animation-output-transform"/>
        <input semantic="INTERPOLATION" source="#mixamorig_Neck-Interpolations"/>
      </sampler>
      <channel source="#mixamorig_Neck-Matrix-animation-transform" target="mixamorig_Neck/matrix"/>
    </animation>
    <animation id="mixamorig_Head-anim" name="mixamorig_Head">
      <source id="mixamorig_Head-Matrix-animation-input">
        <float_array id="mixamorig_Head-Matrix-animation-input-array" count="22">

0.000000 0.033333 0.066667 0.100000 0.133333 0.166667 0.200000 0.233333 0.266667 0.300000 0.333333 0.366667 0.400000 0.433333 0.466667 0.500000
0.533333 0.566667 0.600000 0.633333 0.666667 0.700000</float_array>
        <technique_common>
          <accessor source="#mixamorig_Head-Matrix-animation-input-array" count="22">
            <param name="TIME" type="float"/>
          </accessor>
        </technique_common>
      </source>
      <source id="mixamorig_Head-Matrix-animation-output-transform">
        <float_array id="mixamorig_Head-Matrix-animation-output-transform-array" count="352">

0.997705 0.057973 0.034971 0.000000 -0.063250 0.982359 0.175986 17.907801 -0.024152 -0.177794 0.983771 1.542600 0.000000 0.000000 0.000000 1.000000
0.999335 0.031577 -0.018235 0.000000 -0.028455 0.988045 0.151519 17.907801 0.022802 -0.150899 0.988286 1.542600 0.000000 0.000000 0.000000 1.000000
0.997682 0.012733 -0.066842 0.000000 -0.004403 0.992356 0.123327 17.907801 0.067902 -0.122747 0.990112 1.542600 0.000000 0.000000 0.000000 1.000000
0.992538 -0.013867 -0.121149 -0.000000 0.025916 0.994804 0.098459 17.907801 0.119154 -0.100864 0.987739 1.542600 0.000000 0.000000 0.000000 1.000000
0.989104 -0.030766 -0.143970 -0.000000 0.045468 0.993951 0.099971 17.907801 0.140023 -0.105428 0.984519 1.542600 0.000000 0.000000 0.000000 1.000000
0.989274 -0.027773 -0.143409 0.000000 0.044265 0.992595 0.113118 17.907801 0.139205 -0.118253 0.983178 1.542600 0.000000 0.000000 0.000000 1.000000
0.991359 -0.026011 -0.128574 -0.000000 0.041589 0.991902 0.120001 17.907801 0.124411 -0.124312 0.984413 1.542600 0.000000 0.000000 0.000000 1.000000
0.994139 -0.038256 -0.101116 0.000000 0.051422 0.990050 0.130985 17.907801 0.095099 -0.135417 0.986214 1.542600 0.000000 0.000000 0.000000 1.000000
0.995988 -0.049708 -0.074410 0.000000 0.060507 0.986721 0.150733 17.907801 0.065929 -0.154631 0.985770 1.542600 0.000000 0.000000 0.000000 1.000000
0.996657 -0.047573 -0.066417 -0.000000 0.057936 0.984754 0.164020 17.907801 0.057601 -0.167320 0.984219 1.542600 0.000000 0.000000 0.000000 1.000000
0.996687 -0.051000 -0.063349 0.000000 0.060644 0.985076 0.161083 17.907801 0.054189 -0.164391 0.984906 1.542600 0.000000 0.000000 0.000000 1.000000
0.998570 -0.045398 -0.028245 0.000000 0.049098 0.987733 0.148231 17.907801 0.021170 -0.149406 0.988549 1.542600 0.000000 0.000000 0.000000 1.000000
0.999596 -0.006389 0.027689 0.000000 0.002764 0.991639 0.129017 17.907801 -0.028281 -0.128889 0.991256 1.542600 0.000000 0.000000 0.000000 1.000000
0.996341 0.037603 0.076751 0.000000 -0.045316 0.993817 0.101357 17.907801 -0.072465 -0.104464 0.991885 1.542600 0.000000 0.000000 0.000000 1.000000
0.989811 0.073919 0.121700 0.000000 -0.084059 0.993212 0.080402 17.907801 -0.114931 -0.089813 0.989305 1.542600 0.000000 0.000000 0.000000 1.000000
0.984431 0.098390 0.145656 0.000000 -0.111187 0.990371 0.082477 17.907801 -0.136138 -0.097388 0.985891 1.542600 0.000000 0.000000 0.000000 1.000000
0.985304 0.100036 0.138451 -0.000000 -0.114341 0.988442 0.099539 17.907801 -0.126893 -0.113906 0.985354 1.542600 0.000000 0.000000 0.000000 1.000000
0.988267 0.086819 0.125663 0.000000 -0.102783 0.986602 0.126698 17.907801 -0.112980 -0.138128 0.983949 1.542600 0.000000 0.000000 0.000000 1.000000
0.990930 0.083888 0.104976 0.000000 -0.099001 0.983988 0.148208 17.907801 -0.090862 -0.157256 0.983369 1.542600 0.000000 0.000000 0.000000 1.000000
0.990288 0.101305 0.095219 0.000000 -0.115480 0.980728 0.157598 17.907801 -0.077418 -0.167063 0.982902 1.542600 0.000000 0.000000 0.000000 1.000000
0.989585 0.106481 0.096864 0.000000 -0.121734 0.978179 0.168364 17.907801 -0.076823 -0.178402 0.980954 1.542600 0.000000 0.000000 0.000000 1.000000
0.994839 0.077949 0.064954 0.000000 -0.088484 0.979783 0.179429 17.907801 -0.049655 -0.184251 0.981624 1.542600 0.000000 0.000000 0.000000 1.000000</float_array>
        <technique_common>
          <accessor source="#mixamorig_Head-Matrix-animation-output-transform-array" count="22" stride="16">
            <param type="float4x4"/>
          </accessor>
        </technique_common>
      </source>
      <source id="mixamorig_Head-Interpolations">
        <Name_array id="mixamorig_Head-Interpolations-array" count="22">
 LINEAR LINEAR LINEAR LINEAR LINEAR LINEAR LINEAR LINEAR LINEAR LINEAR LINEAR
LINEAR LINEAR LINEAR LINEAR LINEAR LINEAR LINEAR LINEAR LINEAR LINEAR LINEAR</Name_array>
        <technique_common>
          <accessor source="#mixamorig_Head-Interpolations-array" count="22">
            <param type="name"/>
          </accessor>
        </technique_common>
      </source>
      <sampler id="mixamorig_Head-Matrix-animation-transform">
        <input semantic="INPUT" source="#mixamorig_Head-Matrix-animation-input"/>
        <input semantic="OUTPUT" source="#mixamorig_Head-Matrix-animation-output-transform"/>
        <input semantic="INTERPOLATION" source="#mixamorig_Head-Interpolations"/>
      </sampler>
      <channel source="#mixamorig_Head-Matrix-animation-transform" target="mixamorig_Head/matrix"/>
    </animation>
    <animation id="mixamorig_HeadTop_End-anim" name="mixamorig_HeadTop_End">
      <source id="mixamorig_HeadTop_End-Matrix-animation-input">
        <float_array id="mixamorig_HeadTop_End-Matrix-animation-input-array" count="22">

0.000000 0.033333 0.066667 0.100000 0.133333 0.166667 0.200000 0.233333 0.266667 0.300000 0.333333 0.366667 0.400000 0.433333 0.466667 0.500000
0.533333 0.566667 0.600000 0.633333 0.666667 0.700000</float_array>
        <technique_common>
          <accessor source="#mixamorig_HeadTop_End-Matrix-animation-input-array" count="22">
            <param name="TIME" type="float"/>
          </accessor>
        </technique_common>
      </source>
      <source id="mixamorig_HeadTop_End-Matrix-animation-output-transform">
        <float_array id="mixamorig_HeadTop_End-Matrix-animation-output-transform-array" count="352">

1.000000 -0.000000 -0.000000 0.000000 -0.000000 1.000000 0.000000 29.625900 0.000000 -0.000000 1.000000 2.552100 0.000000 0.000000 0.000000 1.000000
1.000000 -0.000000 0.000000 -0.000000 -0.000000 1.000000 0.000000 29.625900 -0.000000 -0.000000 1.000000 2.552100 0.000000 0.000000 0.000000 1.000000
1.000000 0.000000 0.000000 -0.000000 0.000000 1.000000 0.000000 29.625900 0.000000 0.000000 1.000000 2.552100 0.000000 0.000000 0.000000 1.000000
1.000000 -0.000000 -0.000000 0.000000 0.000000 1.000000 0.000000 29.625900 0.000000 0.000000 1.000000 2.552100 0.000000 0.000000 0.000000 1.000000
1.000000 0.000000 0.000000 0.000000 0.000000 1.000000 0.000000 29.625900 0.000000 0.000000 1.000000 2.552100 0.000000 0.000000 0.000000 1.000000
1.000000 0.000000 -0.000000 0.000000 -0.000000 1.000000 0.000000 29.625900 0.000000 0.000000 1.000000 2.552100 0.000000 0.000000 0.000000 1.000000
1.000000 -0.000000 -0.000000 0.000000 0.000000 1.000000 0.000000 29.625900 0.000000 -0.000000 1.000000 2.552100 0.000000 0.000000 0.000000 1.000000
1.000000 0.000000 0.000000 -0.000000 -0.000000 1.000000 0.000000 29.625900 -0.000000 0.000000 1.000000 2.552100 0.000000 0.000000 0.000000 1.000000
1.000000 0.000000 0.000000 0.000000 0.000000 1.000000 -0.000000 29.625900 -0.000000 -0.000000 1.000000 2.552100 0.000000 0.000000 0.000000 1.000000
1.000000 -0.000000 -0.000000 0.000000 0.000000 1.000000 0.000000 29.625900 -0.000000 0.000000 1.000000 2.552100 0.000000 0.000000 0.000000 1.000000
1.000000 0.000000 0.000000 0.000000 0.000000 1.000000 0.000000 29.625900 -0.000000 -0.000000 1.000000 2.552100 0.000000 0.000000 0.000000 1.000000
1.000000 -0.000000 -0.000000 0.000000 0.000000 1.000000 0.000000 29.625900 0.000000 -0.000000 1.000000 2.552100 0.000000 0.000000 0.000000 1.000000
