<?xml version="1.0" encoding="utf-8"?>
<COLLADA xmlns="http://www.collada.org/2005/11/COLLADASchema" version="1.4.1">
  <asset>
    <contributor>
      <author>Mixamo</author>
      <authoring_tool>COLLADA Mixamo exporter</authoring_tool>
      <comments/>
    </contributor>
    <created>2024-05-15T12:42:50Z</created>
    <modified>2024-05-15T12:42:50Z</modified>
    <revision/>
    <title/>
    <unit meter="0.010000"/>
    <up_axis>Y_UP</up_axis>
  </asset>
  <library_animations>
    <animation id="Armature-anim" name="Armature">
      <source id="Armature-Matrix-animation-input">
        <float_array id="Armature-Matrix-animation-input-array" count="62">

0.000000 0.033333 0.066667 0.100000 0.133333 0.166667 0.200000 0.233333 0.266667 0.300000 0.333333 0.366667 0.400000 0.433333 0.466667 0.500000
0.533333 0.566667 0.600000 0.633333 0.666667 0.700000 0.733333 0.766667 0.800000 0.833333 0.866667 0.900000 0.933333 0.966667 1.000000 1.033333
1.066667 1.100000 1.133333 1.166667 1.200000 1.233333 1.266667 1.300000 1.333333 1.366667 1.400000 1.433333 1.466667 1.500000 1.533333 1.566667
1.600000 1.633333 1.666667 1.700000 1.733333 1.766667 1.800000 1.833333 1.866667 1.900000 1.933333 1.966667 2.000000 2.033333</float_array>
        <technique_common>
          <accessor source="#Armature-Matrix-animation-input-array" count="62">
            <param name="TIME" type="float"/>
          </accessor>
        </technique_common>
      </source>
      <source id="Armature-Matrix-animation-output-transform">
        <float_array id="Armature-Matrix-animation-output-transform-array" count="992">

1.000000 0.000000 0.000000 0.000000 0.000000 1.000000 0.000000 0.000000 0.000000 0.000000 1.000000 0.000000 0.000000 0.000000 0.000000 1.000000
1.000000 0.000000 0.000000 0.000000 0.000000 1.000000 0.000000 0.000000 0.000000 0.000000 1.000000 0.000000 0.000000 0.000000 0.000000 1.000000
1.000000 0.000000 0.000000 0.000000 0.000000 1.000000 0.000000 0.000000 0.000000 0.000000 1.000000 0.000000 0.000000 0.000000 0.000000 1.000000
1.000000 0.000000 0.000000 0.000000 0.000000 1.000000 0.000000 0.000000 0.000000 0.000000 1.000000 0.000000 0.000000 0.000000 0.000000 1.000000
1.000000 0.000000 0.000000 0.000000 0.000000 1.000000 0.000000 0.000000 0.000000 0.000000 1.000000 0.000000 0.000000 0.000000 0.000000 1.000000
1.000000 0.000000 0.000000 0.000000 0.000000 1.000000 0.000000 0.000000 0.000000 0.000000 1.000000 0.000000 0.000000 0.000000 0.000000 1.000000
1.000000 0.000000 0.000000 0.000000 0.000000 1.000000 0.000000 0.000000 0.000000 0.000000 1.000000 0.000000 0.000000 0.000000 0.000000 1.000000
1.000000 0.000000 0.000000 0.000000 0.000000 1.000000 0.000000 0.000000 0.000000 0.000000 1.000000 0.000000 0.000000 0.000000 0.000000 1.000000
1.000000 0.000000 0.000000 0.000000 0.000000 1.000000 0.000000 0.000000 0.000000 0.000000 1.000000 0.000000 0.000000 0.000000 0.000000 1.000000
1.000000 0.000000 0.000000 0.000000 0.000000 1.000000 0.000000 0.000000 0.000000 0.000000 1.000000 0.000000 0.000000 0.000000 0.000000 1.000000
1.000000 0.000000 0.000000 0.000000 0.000000 1.000000 0.000000 0.000000 0.000000 0.000000 1.000000 0.000000 0.000000 0.000000 0.000000 1.000000
1.000000 0.000000 0.000000 0.000000 0.000000 1.000000 0.000000 0.000000 0.000000 0.000000 1.000000 0.000000 0.000000 0.000000 0.000000 1.000000
1.000000 0.000000 0.000000 0.000000 0.000000 1.000000 0.000000 0.000000 0.000000 0.000000 1.000000 0.000000 0.000000 0.000000 0.000000 1.000000
1.000000 0.000000 0.000000 0.000000 0.000000 1.000000 0.000000 0.000000 0.000000 0.000000 1.000000 0.000000 0.000000 0.000000 0.000000 1.000000
1.000000 0.000000 0.000000 0.000000 0.000000 1.000000 0.000000 0.000000 0.000000 0.000000 1.000000 0.000000 0.000000 0.000000 0.000000 1.000000
1.000000 0.000000 0.000000 0.000000 0.000000 1.000000 0.000000 0.000000 0.000000 0.000000 1.000000 0.000000 0.000000 0.000000 0.000000 1.000000
1.000000 0.000000 0.000000 0.000000 0.000000 1.000000 0.000000 0.000000 0.000000 0.000000 1.000000 0.000000 0.000000 0.000000 0.000000 1.000000
1.000000 0.000000 0.000000 0.000000 0.000000 1.000000 0.000000 0.000000 0.000000 0.000000 1.000000 0.000000 0.000000 0.000000 0.000000 1.000000
1.000000 0.000000 0.000000 0.000000 0.000000 1.000000 0.000000 0.000000 0.000000 0.000000 1.000000 0.000000 0.000000 0.000000 0.000000 1.000000
1.000000 0.000000 0.000000 0.000000 0.000000 1.000000 0.000000 0.000000 0.000000 0.000000 1.000000 0.000000 0.000000 0.000000 0.000000 1.000000
1.000000 0.000000 0.000000 0.000000 0.000000 1.000000 0.000000 0.000000 0.000000 0.000000 1.000000 0.000000 0.000000 0.000000 0.000000 1.000000
1.000000 0.000000 0.000000 0.000000 0.000000 1.000000 0.000000 0.000000 0.000000 0.000000 1.000000 0.000000 0.000000 0.000000 0.000000 1.000000
1.000000 0.000000 0.000000 0.000000 0.000000 1.000000 0.000000 0.000000 0.000000 0.000000 1.000000 0.000000 0.000000 0.000000 0.000000 1.000000
1.000000 0.000000 0.000000 0.000000 0.000000 1.000000 0.000000 0.000000 0.000000 0.000000 1.000000 0.000000 0.000000 0.000000 0.000000 1.000000
1.000000 0.000000 0.000000 0.000000 0.000000 1.000000 0.000000 0.000000 0.000000 0.000000 1.000000 0.000000 0.000000 0.000000 0.000000 1.000000
1.000000 0.000000 0.000000 0.000000 0.000000 1.000000 0.000000 0.000000 0.000000 0.000000 1.000000 0.000000 0.000000 0.000000 0.000000 1.000000
1.000000 0.000000 0.000000 0.000000 0.000000 1.000000 0.000000 0.000000 0.000000 0.000000 1.000000 0.000000 0.000000 0.000000 0.000000 1.000000
1.000000 0.000000 0.000000 0.000000 0.000000 1.000000 0.000000 0.000000 0.000000 0.000000 1.000000 0.000000 0.000000 0.000000 0.000000 1.000000
1.000000 0.000000 0.000000 0.000000 0.000000 1.000000 0.000000 0.000000 0.000000 0.000000 1.000000 0.000000 0.000000 0.000000 0.000000 1.000000
1.000000 0.000000 0.000000 0.000000 0.000000 1.000000 0.000000 0.000000 0.000000 0.000000 1.000000 0.000000 0.000000 0.000000 0.000000 1.000000
1.000000 0.000000 0.000000 0.000000 0.000000 1.000000 0.000000 0.000000 0.000000 0.000000 1.000000 0.000000 0.000000 0.000000 0.000000 1.000000
1.000000 0.000000 0.000000 0.000000 0.000000 1.000000 0.000000 0.000000 0.000000 0.000000 1.000000 0.000000 0.000000 0.000000 0.000000 1.000000
1.000000 0.000000 0.000000 0.000000 0.000000 1.000000 0.000000 0.000000 0.000000 0.000000 1.000000 0.000000 0.000000 0.000000 0.000000 1.000000
1.000000 0.000000 0.000000 0.000000 0.000000 1.000000 0.000000 0.000000 0.000000 0.000000 1.000000 0.000000 0.000000 0.000000 0.000000 1.000000
1.000000 0.000000 0.000000 0.000000 0.000000 1.000000 0.000000 0.000000 0.000000 0.000000 1.000000 0.000000 0.000000 0.000000 0.000000 1.000000
1.000000 0.000000 0.000000 0.000000 0.000000 1.000000 0.000000 0.000000 0.000000 0.000000 1.000000 0.000000 0.000000 0.000000 0.000000 1.000000
1.000000 0.000000 0.000000 0.000000 0.000000 1.000000 0.000000 0.000000 0.000000 0.000000 1.000000 0.000000 0.000000 0.000000 0.000000 1.000000
1.000000 0.000000 0.000000 0.000000 0.000000 1.000000 0.000000 0.000000 0.000000 0.000000 1.000000 0.000000 0.000000 0.000000 0.000000 1.000000
1.000000 0.000000 0.000000 0.000000 0.000000 1.000000 0.000000 0.000000 0.000000 0.000000 1.000000 0.000000 0.000000 0.000000 0.000000 1.000000
1.000000 0.000000 0.000000 0.000000 0.000000 1.000000 0.000000 0.000000 0.000000 0.000000 1.000000 0.000000 0.000000 0.000000 0.000000 1.000000
1.000000 0.000000 0.000000 0.000000 0.000000 1.000000 0.000000 0.000000 0.000000 0.000000 1.000000 0.000000 0.000000 0.000000 0.000000 1.000000
1.000000 0.000000 0.000000 0.000000 0.000000 1.000000 0.000000 0.000000 0.000000 0.000000 1.000000 0.000000 0.000000 0.000000 0.000000 1.000000
1.000000 0.000000 0.000000 0.000000 0.000000 1.000000 0.000000 0.000000 0.000000 0.000000 1.000000 0.000000 0.000000 0.000000 0.000000 1.000000
1.000000 0.000000 0.000000 0.000000 0.000000 1.000000 0.000000 0.000000 0.000000 0.000000 1.000000 0.000000 0.000000 0.000000 0.000000 1.000000
1.000000 0.000000 0.000000 0.000000 0.000000 1.000000 0.000000 0.000000 0.000000 0.000000 1.000000 0.000000 0.000000 0.000000 0.000000 1.000000
1.000000 0.000000 0.000000 0.000000 0.000000 1.000000 0.000000 0.000000 0.000000 0.000000 1.000000 0.000000 0.000000 0.000000 0.000000 1.000000
1.000000 0.000000 0.000000 0.000000 0.000000 1.000000 0.000000 0.000000 0.000000 0.000000 1.000000 0.000000 0.000000 0.000000 0.000000 1.000000
1.000000 0.000000 0.000000 0.000000 0.000000 1.000000 0.000000 0.000000 0.000000 0.000000 1.000000 0.000000 0.000000 0.000000 0.000000 1.000000
1.000000 0.000000 0.000000 0.000000 0.000000 1.000000 0.000000 0.000000 0.000000 0.000000 1.000000 0.000000 0.000000 0.000000 0.000000 1.000000
1.000000 0.000000 0.000000 0.000000 0.000000 1.000000 0.000000 0.000000 0.000000 0.000000 1.000000 0.000000 0.000000 0.000000 0.000000 1.000000
1.000000 0.000000 0.000000 0.000000 0.000000 1.000000 0.000000 0.000000 0.000000 0.000000 1.000000 0.000000 0.000000 0.000000 0.000000 1.000000
1.000000 0.000000 0.000000 0.000000 0.000000 1.000000 0.000000 0.000000 0.000000 0.000000 1.000000 0.000000 0.000000 0.000000 0.000000 1.000000
1.000000 0.000000 0.000000 0.000000 0.000000 1.000000 0.000000 0.000000 0.000000 0.000000 1.000000 0.000000 0.000000 0.000000 0.000000 1.000000
1.000000 0.000000 0.000000 0.000000 0.000000 1.000000 0.000000 0.000000 0.000000 0.000000 1.000000 0.000000 0.000000 0.000000 0.000000 1.000000
1.000000 0.000000 0.000000 0.000000 0.000000 1.000000 0.000000 0.000000 0.000000 0.000000 1.000000 0.000000 0.000000 0.000000 0.000000 1.000000
1.000000 0.000000 0.000000 0.000000 0.000000 1.000000 0.000000 0.000000 0.000000 0.000000 1.000000 0.000000 0.000000 0.000000 0.000000 1.000000
1.000000 0.000000 0.000000 0.000000 0.000000 1.000000 0.000000 0.000000 0.000000 0.000000 1.000000 0.000000 0.000000 0.000000 0.000000 1.000000
1.000000 0.000000 0.000000 0.000000 0.000000 1.000000 0.000000 0.000000 0.000000 0.000000 1.000000 0.000000 0.000000 0.000000 0.000000 1.000000
1.000000 0.000000 0.000000 0.000000 0.000000 1.000000 0.000000 0.000000 0.000000 0.000000 1.000000 0.000000 0.000000 0.000000 0.000000 1.000000
1.000000 0.000000 0.000000 0.000000 0.000000 1.000000 0.000000 0.000000 0.000000 0.000000 1.000000 0.000000 0.000000 0.000000 0.000000 1.000000
1.000000 0.000000 0.000000 0.000000 0.000000 1.000000 0.000000 0.000000 0.000000 0.000000 1.000000 0.000000 0.000000 0.000000 0.000000 1.000000
1.000000 0.000000 0.000000 0.000000 0.000000 1.000000 0.000000 0.000000 0.000000 0.000000 1.000000 0.000000 0.000000 0.000000 0.000000 1.000000</float_array>
        <technique_common>
          <accessor source="#Armature-Matrix-animation-output-transform-array" count="62" stride="16">
            <param type="float4x4"/>
          </accessor>
        </technique_common>
      </source>
      <source id="Armature-Interpolations">
        <Name_array id="Armature-Interpolations-array" count="62">
 LINEAR LINEAR LINEAR LINEAR LINEAR LINEAR LINEAR LINEAR LINEAR LINEAR LINEAR
LINEAR LINEAR LINEAR LINEAR LINEAR LINEAR LINEAR LINEAR LINEAR LINEAR LINEAR LINEAR
LINEAR LINEAR LINEAR LINEAR LINEAR LINEAR LINEAR LINEAR LINEAR LINEAR LINEAR LINEAR
LINEAR LINEAR LINEAR LINEAR LINEAR LINEAR LINEAR LINEAR LINEAR LINEAR LINEAR LINEAR
LINEAR LINEAR LINEAR LINEAR LINEAR LINEAR LINEAR LINEAR LINEAR LINEAR LINEAR LINEAR
LINEAR LINEAR LINEAR</Name_array>
        <technique_common>
          <accessor source="#Armature-Interpolations-array" count="62">
            <param type="name"/>
          </accessor>
        </technique_common>
      </source>
      <sampler id="Armature-Matrix-animation-transform">
        <input semantic="INPUT" source="#Armature-Matrix-animation-input"/>
        <input semantic="OUTPUT" source="#Armature-Matrix-animation-output-transform"/>
        <input semantic="INTERPOLATION" source="#Armature-Interpolations"/>
      </sampler>
      <channel source="#Armature-Matrix-animation-transform" target="Armature/matrix"/>
    </animation>
    <animation id="mixamorig_Hips-anim" name="mixamorig_Hips">
      <source id="mixamorig_Hips-Matrix-animation-input">
        <float_array id="mixamorig_Hips-Matrix-animation-input-array" count="62">

0.000000 0.033333 0.066667 0.100000 0.133333 0.166667 0.200000 0.233333 0.266667 0.300000 0.333333 0.366667 0.400000 0.433333 0.466667 0.500000
0.533333 0.566667 0.600000 0.633333 0.666667 0.700000 0.733333 0.766667 0.800000 0.833333 0.866667 0.900000 0.933333 0.966667 1.000000 1.033333
1.066667 1.100000 1.133333 1.166667 1.200000 1.233333 1.266667 1.300000 1.333333 1.366667 1.400000 1.433333 1.466667 1.500000 1.533333 1.566667
1.600000 1.633333 1.666667 1.700000 1.733333 1.766667 1.800000 1.833333 1.866667 1.900000 1.933333 1.966667 2.000000 2.033333</float_array>
        <technique_common>
          <accessor source="#mixamorig_Hips-Matrix-animation-input-array" count="62">
            <param name="TIME" type="float"/>
          </accessor>
        </technique_common>
      </source>
      <source id="mixamorig_Hips-Matrix-animation-output-transform">
        <float_array id="mixamorig_Hips-Matrix-animation-output-transform-array" count="992">

0.376648 0.028594 -0.925915 1.996913 -0.158905 0.986702 -0.034169 75.594353 0.912625 0.160002 0.376183 -1.995060 0.000000 0.000000 0.000000 1.000000
0.375567 0.026905 -0.926404 2.038369 -0.157817 0.986837 -0.035319 75.797913 0.913260 0.159467 0.374870 -2.036094 0.000000 0.000000 0.000000 1.000000
0.374900 0.025347 -0.926719 2.081521 -0.157703 0.986800 -0.036808 75.993515 0.913554 0.159946 0.373948 -2.074929 0.000000 0.000000 0.000000 1.000000
0.376424 0.023731 -0.926144 2.126739 -0.158786 0.986532 -0.039259 76.176788 0.912739 0.161836 0.375122 -2.110891 0.000000 0.000000 0.000000 1.000000
0.381236 0.021951 -0.924217 2.184219 -0.160495 0.986109 -0.042783 76.343773 0.910440 0.164642 0.379463 -2.140203 0.000000 0.000000 0.000000 1.000000
0.388122 0.020252 -0.921385 2.277424 -0.162365 0.985624 -0.046730 76.502495 0.907193 0.167738 0.385831 -2.160231 0.000000 0.000000 0.000000 1.000000
0.395559 0.019061 -0.918243 2.419405 -0.164486 0.985090 -0.050408 76.680130 0.903591 0.170978 0.392797 -2.179978 0.000000 0.000000 0.000000 1.000000
0.404427 0.018550 -0.914382 2.611797 -0.167209 0.984442 -0.053985 76.904449 0.899155 0.174726 0.401237 -2.213549 0.000000 0.000000 0.000000 1.000000
0.425274 0.018243 -0.904881 2.891767 -0.171313 0.983346 -0.060688 77.195419 0.888703 0.180827 0.421317 -2.297255 0.000000 0.000000 0.000000 1.000000
0.462386 0.017982 -0.886497 3.242911 -0.176454 0.981663 -0.072124 77.563156 0.868944 0.189775 0.457080 -2.469188 0.000000 0.000000 0.000000 1.000000
0.517194 0.011315 -0.855793 3.589359 -0.181354 0.978656 -0.096660 78.058769 0.836433 0.205193 0.508207 -2.734855 0.000000 0.000000 0.000000 1.000000
0.579622 -0.004306 -0.814874 3.835067 -0.186073 0.972868 -0.137496 78.639519 0.793357 0.231322 0.563095 -2.967193 0.000000 0.000000 0.000000 1.000000
0.633855 -0.015869 -0.773289 3.994635 -0.189557 0.966112 -0.175204 79.084023 0.749863 0.257637 0.609367 -3.096310 0.000000 0.000000 0.000000 1.000000
0.674519 -0.017180 -0.738058 4.196204 -0.185516 0.963705 -0.191978 79.270004 0.714569 0.266414 0.646850 -2.956214 0.000000 0.000000 0.000000 1.000000
0.705273 -0.016166 -0.708752 4.397753 -0.171203 0.966266 -0.192403 79.286987 0.687953 0.257037 0.678714 -2.507996 0.000000 0.000000 0.000000 1.000000
0.732724 -0.013769 -0.680387 4.374725 -0.155493 0.969960 -0.187082 79.407631 0.662524 0.242875 0.708572 -1.756528 0.000000 0.000000 0.000000 1.000000
0.767147 -0.008990 -0.641408 3.982501 -0.139134 0.973767 -0.180057 79.896378 0.626200 0.227372 0.745771 -0.825546 0.000000 0.000000 0.000000 1.000000
0.819520 -0.003496 -0.573039 3.173136 -0.116123 0.978222 -0.172039 80.945686 0.561161 0.207533 0.801267 0.032294 0.000000 0.000000 0.000000 1.000000
0.871985 0.002085 -0.489529 2.253813 -0.095107 0.981658 -0.165232 82.145477 0.480206 0.190637 0.856189 0.603624 0.000000 0.000000 0.000000 1.000000
0.901721 0.004559 -0.432293 1.660444 -0.083204 0.983080 -0.163188 82.907043 0.424235 0.183119 0.886844 0.877962 0.000000 0.000000 0.000000 1.000000
0.931579 0.005809 -0.363492 0.985043 -0.069616 0.984218 -0.162689 83.774155 0.356810 0.176862 0.917282 1.176523 0.000000 0.000000 0.000000 1.000000
0.957246 0.005785 -0.289217 0.312835 -0.055061 0.985165 -0.162534 84.684769 0.283986 0.171510 0.943364 1.515434 0.000000 0.000000 0.000000 1.000000
0.977428 0.004561 -0.211221 -0.333122 -0.039064 0.986430 -0.159470 85.596527 0.207627 0.164121 0.964342 1.907551 0.000000 0.000000 0.000000 1.000000
0.991758 0.002808 -0.128093 -0.952725 -0.022114 0.988508 -0.149545 86.533936 0.126201 0.151145 0.980423 2.391390 0.000000 0.000000 0.000000 1.000000
0.991485 -0.011632 0.129697 -2.470442 0.021005 0.997245 -0.071138 89.155563 -0.128513 0.073256 0.988998 4.166502 0.000000 0.000000 0.000000 1.000000
0.972646 -0.036652 0.229384 -2.722551 0.037579 0.999294 0.000327 90.212166 -0.229234 0.008303 0.973336 4.689472 0.000000 0.000000 0.000000 1.000000
0.969807 -0.045893 0.239517 -3.040884 0.042891 0.998922 0.017736 90.849083 -0.240073 -0.006927 0.970730 5.114933 0.000000 0.000000 0.000000 1.000000
0.965779 -0.044154 0.255580 -3.926537 0.040429 0.998986 0.019812 90.438766 -0.256196 -0.008801 0.966585 5.492439 0.000000 0.000000 0.000000 1.000000
0.944005 -0.042082 0.327236 -5.497689 0.039984 0.999114 0.013139 89.564430 -0.327499 0.000681 0.944851 6.642446 0.000000 0.000000 0.000000 1.000000
0.900744 -0.039991 0.432506 -7.025208 0.036681 0.999199 0.015996 88.294243 -0.432799 0.001456 0.901489 8.189010 0.000000 0.000000 0.000000 1.000000
0.871751 -0.030817 0.488979 -8.228572 0.022644 0.999488 0.022621 86.978760 -0.489425 -0.008647 0.872002 8.917996 0.000000 0.000000 0.000000 1.000000
0.871320 -0.014759 0.490492 -8.936415 0.011982 0.999889 0.008802 86.395172 -0.490568 -0.001792 0.871401 8.936611 0.000000 0.000000 0.000000 1.000000
0.877572 -0.009939 0.479342 -9.116113 0.013729 0.999896 -0.004401 86.076141 -0.479248 0.010443 0.877617 8.599915 0.000000 0.000000 0.000000 1.000000
0.903877 -0.004630 0.427767 -9.141805 0.008488 0.999939 -0.007113 86.259918 -0.427707 0.010060 0.903861 8.000021 0.000000 0.000000 0.000000 1.000000
0.943540 0.004278 0.331230 -9.013009 -0.000527 0.999935 -0.011413 86.959717 -0.331257 0.010594 0.943481 7.292929 0.000000 0.000000 0.000000 1.000000
0.971557 0.010566 0.236571 -8.546049 -0.005525 0.999744 -0.021960 87.589256 -0.236743 0.020028 0.971366 6.530212 0.000000 0.000000 0.000000 1.000000
0.991133 0.019828 0.131384 -7.931113 -0.017157 0.999623 -0.021427 88.212311 -0.131759 0.018983 0.991100 5.714759 0.000000 0.000000 0.000000 1.000000
0.999442 0.027868 0.018409 -7.175436 -0.027477 0.999399 -0.021139 88.789940 -0.018987 0.020621 0.999607 4.885079 0.000000 0.000000 0.000000 1.000000
0.994852 0.036937 -0.094364 -6.329290 -0.038891 0.999064 -0.018954 89.156052 0.093576 0.022526 0.995357 4.054942 0.000000 0.000000 0.000000 1.000000
0.977793 0.043787 -0.204949 -5.379316 -0.046292 0.998900 -0.007443 89.274879 0.204398 0.016765 0.978744 3.224471 0.000000 0.000000 0.000000 1.000000
0.948361 0.048477 -0.313465 -4.405174 -0.049234 0.998772 0.005508 89.266525 0.313347 0.010209 0.949584 2.509587 0.000000 0.000000 0.000000 1.000000
0.907889 0.052916 -0.415857 -3.526594 -0.057574 0.998340 0.001339 89.113525 0.415238 0.022727 0.909429 1.932561 0.000000 0.000000 0.000000 1.000000
0.858245 0.056811 -0.510086 -2.718915 -0.070104 0.997516 -0.006855 88.878883 0.508429 0.041642 0.860096 1.481496 0.000000 0.000000 0.000000 1.000000
0.800671 0.061674 -0.595921 -1.985026 -0.084706 0.996349 -0.010693 88.443275 0.593086 0.059040 0.802972 1.103606 0.000000 0.000000 0.000000 1.000000
0.739091 0.067571 -0.670208 -1.353539 -0.101628 0.994753 -0.011781 87.769852 0.665895 0.076819 0.742080 0.701777 0.000000 0.000000 0.000000 1.000000
0.680241 0.069941 -0.729644 -0.805985 -0.116650 0.993081 -0.013558 86.951782 0.723647 0.094335 0.683693 0.222574 0.000000 0.000000 0.000000 1.000000
0.623317 0.066263 -0.779156 -0.315344 -0.125785 0.991924 -0.016269 85.985229 0.771786 0.108147 0.626618 -0.306443 0.000000 0.000000 0.000000 1.000000
0.566030 0.057220 -0.822397 0.128651 -0.135025 0.990551 -0.024014 84.881676 0.813252 0.124637 0.568408 -0.767179 0.000000 0.000000 0.000000 1.000000
0.514382 0.046250 -0.856313 0.484979 -0.144784 0.988894 -0.033560 83.486656 0.845251 0.141242 0.515366 -1.198621 0.000000 0.000000 0.000000 1.000000
0.477453 0.042593 -0.877624 0.816176 -0.158180 0.986672 -0.038169 82.042397 0.864302 0.157047 0.477827 -1.527203 0.000000 0.000000 0.000000 1.000000
0.451247 0.045508 -0.891238 1.089245 -0.167136 0.985337 -0.034311 80.642891 0.876608 0.164440 0.452236 -1.705590 0.000000 0.000000 0.000000 1.000000
0.424048 0.047845 -0.904375 1.273088 -0.166300 0.985737 -0.025827 79.177132 0.890240 0.161350 0.425956 -1.783589 0.000000 0.000000 0.000000 1.000000
0.399023 0.047085 -0.915731 1.437495 -0.166592 0.985783 -0.021904 77.773636 0.901680 0.161294 0.401194 -1.792226 0.000000 0.000000 0.000000 1.000000
0.383502 0.048229 -0.922280 1.550396 -0.167851 0.985643 -0.018253 76.595551 0.908159 0.161805 0.386092 -1.781464 0.000000 0.000000 0.000000 1.000000
0.377842 0.048288 -0.924610 1.627886 -0.165508 0.986076 -0.016137 75.608772 0.910957 0.159127 0.380574 -1.763798 0.000000 0.000000 0.000000 1.000000
0.373656 0.045605 -0.926446 1.685881 -0.163720 0.986352 -0.017478 74.963890 0.913005 0.158208 0.376022 -1.748688 0.000000 0.000000 0.000000 1.000000
0.371629 0.042169 -0.927423 1.736023 -0.161828 0.986617 -0.019986 74.687172 0.914168 0.157510 0.373480 -1.770565 0.000000 0.000000 0.000000 1.000000
0.372573 0.038782 -0.927192 1.790661 -0.160431 0.986775 -0.023192 74.717194 0.914030 0.157391 0.373868 -1.821645 0.000000 0.000000 0.000000 1.000000
0.375103 0.035705 -0.926295 1.850552 -0.160119 0.986734 -0.026806 74.917145 0.913050 0.158373 0.375844 -1.876973 0.000000 0.000000 0.000000 1.000000
0.376926 0.032940 -0.925657 1.906832 -0.160342 0.986600 -0.030182 75.157043 0.912259 0.159798 0.377157 -1.920474 0.000000 0.000000 0.000000 1.000000
0.377274 0.030564 -0.925597 1.954306 -0.160009 0.986576 -0.032642 75.383667 0.912174 0.160419 0.377100 -1.957182 0.000000 0.000000 0.000000 1.000000
0.376646 0.028594 -0.925916 1.996918 -0.158905 0.986702 -0.034169 75.594353 0.912626 0.160003 0.376181 -1.995053 0.000000 0.000000 0.000000 1.000000</float_array>
        <technique_common>
          <accessor source="#mixamorig_Hips-Matrix-animation-output-transform-array" count="62" stride="16">
            <param type="float4x4"/>
          </accessor>
        </technique_common>
      </source>
      <source id="mixamorig_Hips-Interpolations">
        <Name_array id="mixamorig_Hips-Interpolations-array" count="62">
 LINEAR LINEAR LINEAR LINEAR LINEAR LINEAR LINEAR LINEAR LINEAR LINEAR LINEAR
LINEAR LINEAR LINEAR LINEAR LINEAR LINEAR LINEAR LINEAR LINEAR LINEAR LINEAR LINEAR
LINEAR LINEAR LINEAR LINEAR LINEAR LINEAR LINEAR LINEAR LINEAR LINEAR LINEAR LINEAR
LINEAR LINEAR LINEAR LINEAR LINEAR LINEAR LINEAR LINEAR LINEAR LINEAR LINEAR LINEAR
LINEAR LINEAR LINEAR LINEAR LINEAR LINEAR LINEAR LINEAR LINEAR LINEAR LINEAR LINEAR
LINEAR LINEAR LINEAR</Name_array>
        <technique_common>
          <accessor source="#mixamorig_Hips-Interpolations-array" count="62">
            <param type="name"/>
          </accessor>
        </technique_common>
      </source>
      <sampler id="mixamorig_Hips-Matrix-animation-transform">
        <input semantic="INPUT" source="#mixamorig_Hips-Matrix-animation-input"/>
        <input semantic="OUTPUT" source="#mixamorig_Hips-Matrix-animation-output-transform"/>
        <input semantic="INTERPOLATION" source="#mixamorig_Hips-Interpolations"/>
      </sampler>
      <channel source="#mixamorig_Hips-Matrix-animation-transform" target="mixamorig_Hips/matrix"/>
    </animation>
    <animation id="mixamorig_Spine-anim" name="mixamorig_Spine">
      <source id="mixamorig_Spine-Matrix-animation-input">
        <float_array id="mixamorig_Spine-Matrix-animation-input-array" count="62">

0.000000 0.033333 0.066667 0.100000 0.133333 0.166667 0.200000 0.233333 0.266667 0.300000 0.333333 0.366667 0.400000 0.433333 0.466667 0.500000
0.533333 0.566667 0.600000 0.633333 0.666667 0.700000 0.733333 0.766667 0.800000 0.833333 0.866667 0.900000 0.933333 0.966667 1.000000 1.033333
1.066667 1.100000 1.133333 1.166667 1.200000 1.233333 1.266667 1.300000 1.333333 1.366667 1.400000 1.433333 1.466667 1.500000 1.533333 1.566667
1.600000 1.633333 1.666667 1.700000 1.733333 1.766667 1.800000 1.833333 1.866667 1.900000 1.933333 1.966667 2.000000 2.033333</float_array>
        <technique_common>
          <accessor source="#mixamorig_Spine-Matrix-animation-input-array" count="62">
            <param name="TIME" type="float"/>
          </accessor>
        </technique_common>
      </source>
      <source id="mixamorig_Spine-Matrix-animation-output-transform">
        <float_array id="mixamorig_Spine-Matrix-animation-output-transform-array" count="992">

0.993396 -0.020807 -0.112837 0.000000 -0.000289 0.982963 -0.183803 12.246100 0.114739 0.182622 0.976465 0.234600 0.000000 0.000000 0.000000 1.000000
0.993391 -0.019742 -0.113064 -0.000000 -0.001269 0.983147 -0.182814 12.246100 0.114768 0.181749 0.976625 0.234600 0.000000 0.000000 0.000000 1.000000
0.993271 -0.019285 -0.114192 0.000000 -0.001858 0.983257 -0.182213 12.246100 0.115794 0.181199 0.976606 0.234600 0.000000 0.000000 0.000000 1.000000
0.992915 -0.020335 -0.117070 0.000000 -0.001293 0.983339 -0.181777 12.246100 0.118816 0.180641 0.976346 0.234600 0.000000 0.000000 0.000000 1.000000
0.992313 -0.022856 -0.121628 0.000000 0.000436 0.983438 -0.181247 12.246100 0.123756 0.179800 0.975887 0.234600 0.000000 0.000000 0.000000 1.000000
0.991604 -0.025831 -0.126705 0.000000 0.002497 0.983488 -0.180956 12.246100 0.129287 0.179120 0.975295 0.234600 0.000000 0.000000 0.000000 1.000000
0.990879 -0.028578 -0.131687 0.000000 0.004194 0.983320 -0.181838 12.246100 0.134686 0.179627 0.974471 0.234600 0.000000 0.000000 0.000000 1.000000
0.990031 -0.031784 -0.137219 0.000000 0.005971 0.982802 -0.184565 12.246100 0.140725 0.181906 0.973194 0.234600 0.000000 0.000000 0.000000 1.000000
0.988544 -0.039025 -0.145798 0.000000 0.010857 0.981878 -0.189201 12.246100 0.150540 0.185450 0.971054 0.234600 0.000000 0.000000 0.000000 1.000000
0.986298 -0.050337 -0.157104 -0.000000 0.018877 0.980493 -0.195646 12.246100 0.163887 0.189999 0.968009 0.234600 0.000000 0.000000 0.000000 1.000000
0.982830 -0.067859 -0.171579 0.000000 0.033000 0.979568 -0.198387 12.246100 0.181536 0.189318 0.964989 0.234600 0.000000 0.000000 0.000000 1.000000
0.978281 -0.087805 -0.187768 0.000000 0.050674 0.979672 -0.194102 12.246100 0.200994 0.180371 0.962843 0.234600 0.000000 0.000000 0.000000 1.000000
0.973975 -0.104965 -0.200886 0.000000 0.066192 0.979391 -0.190818 12.246100 0.216776 0.172555 0.960850 0.234600 0.000000 0.000000 0.000000 1.000000
0.971374 -0.114230 -0.208286 0.000000 0.073675 0.978428 -0.193003 12.246100 0.225840 0.172133 0.958836 0.234600 0.000000 0.000000 0.000000 1.000000
0.971275 -0.114122 -0.208808 0.000000 0.072441 0.977650 -0.197364 12.246100 0.226664 0.176568 0.957835 0.234600 0.000000 0.000000 0.000000 1.000000
0.973316 -0.114451 -0.198888 0.000000 0.074192 0.977141 -0.199225 12.246100 0.217143 0.179153 0.959559 0.234600 0.000000 0.000000 0.000000 1.000000
0.978195 -0.117330 -0.171372 0.000000 0.082894 0.977128 -0.195831 12.246100 0.190429 0.177355 0.965547 0.234600 0.000000 0.000000 0.000000 1.000000
0.983671 -0.121077 -0.133157 0.000000 0.094848 0.977543 -0.188186 12.246100 0.152952 0.172484 0.973065 0.234600 0.000000 0.000000 0.000000 1.000000
0.986929 -0.123278 -0.103799 0.000000 0.103335 0.978332 -0.179410 12.246100 0.123667 0.166339 0.978283 0.234600 0.000000 0.000000 0.000000 1.000000
0.988539 -0.123736 -0.086491 -0.000000 0.107612 0.979352 -0.171142 12.246100 0.105881 0.159873 0.981443 0.234600 0.000000 0.000000 0.000000 1.000000
0.990140 -0.124138 -0.064897 -0.000000 0.112578 0.980891 -0.158677 12.246100 0.083355 0.149806 0.985195 0.234600 0.000000 0.000000 0.000000 1.000000
0.991371 -0.124750 -0.040254 0.000000 0.117851 0.982684 -0.142979 12.246100 0.057393 0.137002 0.988907 0.234600 0.000000 0.000000 0.000000 1.000000
0.992054 -0.125029 -0.014032 0.000000 0.122286 0.984447 -0.126133 12.246100 0.029584 0.123415 0.991914 0.234600 0.000000 0.000000 0.000000 1.000000
0.992072 -0.124979 0.013167 0.000000 0.125669 0.985954 -0.110011 12.246100 0.000767 0.110794 0.993843 0.234600 0.000000 0.000000 0.000000 1.000000
0.985935 -0.120833 0.115459 0.000000 0.130260 0.988414 -0.077905 12.246100 -0.104708 0.091849 0.990253 0.234600 0.000000 0.000000 0.000000 1.000000
0.961073 -0.113630 0.251848 0.000000 0.134354 0.988691 -0.066627 12.246100 -0.241429 0.097870 0.965471 0.234600 0.000000 0.000000 0.000000 1.000000
0.926754 -0.111934 0.358605 -0.000000 0.138030 0.989268 -0.047929 12.246100 -0.349392 0.093916 0.932258 0.234600 0.000000 0.000000 0.000000 1.000000
0.910878 -0.100917 0.400147 0.000000 0.130268 0.990375 -0.046763 12.246100 -0.391576 0.094722 0.915257 0.234600 0.000000 0.000000 0.000000 1.000000
0.896733 -0.080667 0.435159 0.000000 0.110693 0.992878 -0.044052 12.246100 -0.428506 0.087672 0.899275 0.234600 0.000000 0.000000 0.000000 1.000000
0.885839 -0.061084 0.459954 -0.000000 0.093587 0.994445 -0.048174 12.246100 -0.454457 0.085720 0.886635 0.234600 0.000000 0.000000 0.000000 1.000000
0.880750 -0.054636 0.470420 0.000000 0.097171 0.993037 -0.066597 12.246100 -0.463506 0.104366 0.879926 0.234600 0.000000 0.000000 0.000000 1.000000
0.880981 -0.045840 0.470927 0.000000 0.092268 0.992832 -0.075968 12.246100 -0.464069 0.110378 0.878895 0.234600 0.000000 0.000000 0.000000 1.000000
0.888960 -0.041042 0.456141 0.000000 0.086451 0.993109 -0.079125 12.246100 -0.449751 0.109773 0.886383 0.234600 0.000000 0.000000 0.000000 1.000000
0.897387 -0.043215 0.439122 0.000000 0.090595 0.992035 -0.087511 12.246100 -0.431843 0.118314 0.894155 0.234600 0.000000 0.000000 0.000000 1.000000
0.905237 -0.042501 0.422777 0.000000 0.092222 0.990919 -0.097847 12.246100 -0.414779 0.127564 0.900936 0.234600 0.000000 0.000000 0.000000 1.000000
0.918211 -0.046521 0.393350 0.000000 0.092283 0.990876 -0.098229 12.246100 -0.385192 0.126494 0.914126 0.234600 0.000000 0.000000 0.000000 1.000000
0.932013 -0.056661 0.357968 -0.000000 0.099332 0.989818 -0.101948 12.246100 -0.348547 0.130575 0.928151 0.234600 0.000000 0.000000 0.000000 1.000000
0.944668 -0.053046 0.323711 0.000000 0.092696 0.989786 -0.108314 12.246100 -0.314659 0.132327 0.939936 0.234600 0.000000 0.000000 0.000000 1.000000
0.956408 -0.051012 0.287545 0.000000 0.087653 0.989371 -0.116025 12.246100 -0.278570 0.136171 0.950714 0.234600 0.000000 0.000000 0.000000 1.000000
0.969569 -0.052133 0.239204 -0.000000 0.084976 0.987983 -0.129108 12.246100 -0.229599 0.145506 0.962347 0.234600 0.000000 0.000000 0.000000 1.000000
0.980019 -0.047583 0.193129 0.000000 0.076051 0.986828 -0.142782 12.246100 -0.183792 0.154616 0.970729 0.234600 0.000000 0.000000 0.000000 1.000000
0.987006 -0.043269 0.154748 0.000000 0.065783 0.987466 -0.143472 12.246100 -0.146601 0.151788 0.977481 0.234600 0.000000 0.000000 0.000000 1.000000
0.991748 -0.040543 0.121622 -0.000000 0.057560 0.988499 -0.139845 12.246100 -0.114553 0.145692 0.982676 0.234600 0.000000 0.000000 0.000000 1.000000
0.995006 -0.038163 0.092230 0.000000 0.050846 0.988940 -0.139332 12.246100 -0.085892 0.143325 0.985941 0.234600 0.000000 0.000000 0.000000 1.000000
0.997469 -0.031069 0.063952 -0.000000 0.039855 0.989199 -0.141056 12.246100 -0.058879 0.143248 0.987934 0.234600 0.000000 0.000000 0.000000 1.000000
0.999067 -0.023789 0.036056 0.000000 0.028730 0.989248 -0.143396 12.246100 -0.032258 0.144299 0.989008 0.234600 0.000000 0.000000 0.000000 1.000000
0.999731 -0.020010 0.011722 0.000000 0.021519 0.988869 -0.147227 12.246100 -0.008646 0.147440 0.989033 0.234600 0.000000 0.000000 0.000000 1.000000
0.999801 -0.018157 -0.008286 0.000000 0.016716 0.988637 -0.149393 12.246100 0.010904 0.149225 0.988743 0.234600 0.000000 0.000000 0.000000 1.000000
0.999520 -0.014936 -0.027146 0.000000 0.010667 0.988464 -0.151082 12.246100 0.029089 0.150720 0.988148 0.234600 0.000000 0.000000 0.000000 1.000000
0.998534 -0.017008 -0.051382 0.000000 0.008759 0.987608 -0.156694 12.246100 0.053410 0.156015 0.986310 0.234600 0.000000 0.000000 0.000000 1.000000
0.996936 -0.019938 -0.075640 0.000000 0.007073 0.985987 -0.166675 12.246100 0.077903 0.165629 0.983106 0.234600 0.000000 0.000000 0.000000 1.000000
0.995853 -0.016953 -0.089378 0.000000 0.000915 0.984300 -0.176499 12.246100 0.090967 0.175685 0.980234 0.234600 0.000000 0.000000 0.000000 1.000000
0.995442 -0.016715 -0.093891 0.000000 -0.000707 0.983200 -0.182532 12.246100 0.095365 0.181766 0.978707 0.234600 0.000000 0.000000 0.000000 1.000000
0.995023 -0.020395 -0.097534 0.000000 0.001532 0.981846 -0.189676 12.246100 0.099631 0.188582 0.976990 0.234600 0.000000 0.000000 0.000000 1.000000
0.994377 -0.021709 -0.103646 0.000000 0.001072 0.980773 -0.195149 12.246100 0.105890 0.193940 0.975282 0.234600 0.000000 0.000000 0.000000 1.000000
0.994003 -0.021270 -0.107262 -0.000000 -0.000231 0.980488 -0.196578 12.246100 0.109350 0.195424 0.974603 0.234600 0.000000 0.000000 0.000000 1.000000
0.993913 -0.019942 -0.108344 -0.000000 -0.001579 0.980799 -0.195013 12.246100 0.110153 0.193997 0.974798 0.234600 0.000000 0.000000 0.000000 1.000000
0.993693 -0.018568 -0.110587 0.000000 -0.003240 0.981029 -0.193832 12.246100 0.112088 0.192968 0.974782 0.234600 0.000000 0.000000 0.000000 1.000000
0.993483 -0.020040 -0.112203 0.000000 -0.001762 0.981603 -0.190927 12.246100 0.113965 0.189880 0.975171 0.234600 0.000000 0.000000 0.000000 1.000000
0.993391 -0.021276 -0.112787 0.000000 -0.000290 0.982202 -0.187829 12.246100 0.114776 0.186620 0.975705 0.234600 0.000000 0.000000 0.000000 1.000000
0.993378 -0.021515 -0.112858 0.000000 0.000221 0.982665 -0.185391 12.246100 0.114890 0.184138 0.976163 0.234600 0.000000 0.000000 0.000000 1.000000
0.993396 -0.020807 -0.112838 0.000000 -0.000289 0.982963 -0.183803 12.246100 0.114740 0.182622 0.976465 0.234600 0.000000 0.000000 0.000000 1.000000</float_array>
        <technique_common>
          <accessor source="#mixamorig_Spine-Matrix-animation-output-transform-array" count="62" stride="16">
            <param type="float4x4"/>
          </accessor>
        </technique_common>
      </source>
      <source id="mixamorig_Spine-Interpolations">
        <Name_array id="mixamorig_Spine-Interpolations-array" count="62">
 LINEAR LINEAR LINEAR LINEAR LINEAR LINEAR LINEAR LINEAR LINEAR LINEAR LINEAR
LINEAR LINEAR LINEAR LINEAR LINEAR LINEAR LINEAR LINEAR LINEAR LINEAR LINEAR LINEAR
LINEAR LINEAR LINEAR LINEAR LINEAR LINEAR LINEAR LINEAR LINEAR LINEAR LINEAR LINEAR
LINEAR LINEAR LINEAR LINEAR LINEAR LINEAR LINEAR LINEAR LINEAR LINEAR LINEAR LINEAR
LINEAR LINEAR LINEAR LINEAR LINEAR LINEAR LINEAR LINEAR LINEAR LINEAR LINEAR LINEAR
LINEAR LINEAR LINEAR</Name_array>
        <technique_common>
          <accessor source="#mixamorig_Spine-Interpolations-array" count="62">
            <param type="name"/>
          </accessor>
        </technique_common>
      </source>
      <sampler id="mixamorig_Spine-Matrix-animation-transform">
        <input semantic="INPUT" source="#mixamorig_Spine-Matrix-animation-input"/>
        <input semantic="OUTPUT" source="#mixamorig_Spine-Matrix-animation-output-transform"/>
        <input semantic="INTERPOLATION" source="#mixamorig_Spine-Interpolations"/>
      </sampler>
      <channel source="#mixamorig_Spine-Matrix-animation-transform" target="mixamorig_Spine/matrix"/>
    </animation>
    <animation id="mixamorig_Spine1-anim" name="mixamorig_Spine1">
      <source id="mixamorig_Spine1-Matrix-animation-input">
        <float_array id="mixamorig_Spine1-Matrix-animation-input-array" count="62">

0.000000 0.033333 0.066667 0.100000 0.133333 0.166667 0.200000 0.233333 0.266667 0.300000 0.333333 0.366667 0.400000 0.433333 0.466667 0.500000
0.533333 0.566667 0.600000 0.633333 0.666667 0.700000 0.733333 0.766667 0.800000 0.833333 0.866667 0.900000 0.933333 0.966667 1.000000 1.033333
1.066667 1.100000 1.133333 1.166667 1.200000 1.233333 1.266667 1.300000 1.333333 1.366667 1.400000 1.433333 1.466667 1.500000 1.533333 1.566667
1.600000 1.633333 1.666667 1.700000 1.733333 1.766667 1.800000 1.833333 1.866667 1.900000 1.933333 1.966667 2.000000 2.033333</float_array>
        <technique_common>
          <accessor source="#mixamorig_Spine1-Matrix-animation-input-array" count="62">
            <param name="TIME" type="float"/>
          </accessor>
        </technique_common>
      </source>
      <source id="mixamorig_Spine1-Matrix-animation-output-transform">
        <float_array id="mixamorig_Spine1-Matrix-animation-output-transform-array" count="992">

0.994464 0.027594 -0.101392 0.000000 -0.043373 0.986664 -0.156887 14.289700 0.095711 0.160416 0.982398 0.000000 0.000000 0.000000 0.000000 1.000000
0.994415 0.028502 -0.101620 0.000000 -0.044225 0.986765 -0.156012 14.289700 0.095828 0.159634 0.982514 0.000000 0.000000 0.000000 0.000000 1.000000
0.994302 0.028313 -0.102776 -0.000000 -0.044182 0.986835 -0.155576 14.289700 0.097018 0.159230 0.982463 0.000000 0.000000 0.000000 0.000000 1.000000
0.994055 0.026280 -0.105661 0.000000 -0.042609 0.986934 -0.155392 14.289700 0.100197 0.158970 0.982186 0.000000 0.000000 0.000000 0.000000 1.000000
0.993656 0.022788 -0.110134 0.000000 -0.039845 0.987069 -0.155264 14.289700 0.105171 0.158667 0.981715 0.000000 0.000000 0.000000 0.000000 1.000000
0.993179 0.019009 -0.115041 0.000000 -0.036913 0.987135 -0.155569 14.289700 0.110604 0.158754 0.981103 0.000000 0.000000 0.000000 0.000000 1.000000
0.992682 0.015283 -0.119790 0.000000 -0.034155 0.986991 -0.157108 14.289700 0.115831 0.160050 0.980289 0.000000 0.000000 0.000000 0.000000 1.000000
0.992093 0.010308 -0.125084 -0.000000 -0.030461 0.986599 -0.160294 14.289700 0.121756 0.162837 0.979112 0.000000 0.000000 0.000000 0.000000 1.000000
0.991068 0.000812 -0.133354 0.000000 -0.022983 0.986059 -0.164802 14.289700 0.131361 0.166395 0.977270 -0.000000 0.000000 0.000000 0.000000 1.000000
0.989492 -0.011918 -0.144094 0.000000 -0.013120 0.985084 -0.171573 14.289700 0.143989 0.171661 0.974577 0.000000 0.000000 0.000000 0.000000 1.000000
0.986768 -0.034546 -0.158414 -0.000000 0.006130 0.984288 -0.176463 14.289700 0.162021 0.173157 0.971476 0.000000 0.000000 0.000000 0.000000 1.000000
0.982729 -0.062898 -0.174035 0.000000 0.031282 0.983394 -0.178766 14.289700 0.182389 0.170235 0.968377 0.000000 0.000000 0.000000 0.000000 1.000000
0.978676 -0.088057 -0.185581 0.000000 0.053428 0.981482 -0.183950 14.289700 0.198342 0.170113 0.965258 0.000000 0.000000 0.000000 0.000000 1.000000
0.976020 -0.102744 -0.191907 0.000000 0.065685 0.979517 -0.190349 14.289700 0.207533 0.173179 0.962777 0.000000 0.000000 0.000000 0.000000 1.000000
0.975608 -0.105682 -0.192406 0.000000 0.067257 0.978239 -0.196279 14.289700 0.208962 0.178551 0.961485 -0.000000 0.000000 0.000000 0.000000 1.000000
0.977245 -0.107838 -0.182654 -0.000000 0.070358 0.977168 -0.200481 14.289700 0.200103 0.183068 0.962520 -0.000000 0.000000 0.000000 0.000000 1.000000
0.981369 -0.112730 -0.155587 0.000000 0.080235 0.976248 -0.201252 14.289700 0.174579 0.185019 0.967104 0.000000 0.000000 0.000000 0.000000 1.000000
0.985862 -0.118388 -0.118572 0.000000 0.093522 0.975960 -0.196863 14.289700 0.139028 0.182991 0.973235 -0.000000 0.000000 0.000000 0.000000 1.000000
0.988304 -0.122027 -0.091455 0.000000 0.103249 0.976807 -0.187582 14.289700 0.112224 0.175945 0.977982 0.000000 0.000000 0.000000 0.000000 1.000000
0.989508 -0.123067 -0.075683 0.000000 0.107935 0.977912 -0.178992 14.289700 0.096040 0.168945 0.980935 -0.000000 0.000000 0.000000 0.000000 1.000000
