<?xml version="1.0" encoding="utf-8"?>
<COLLADA xmlns="http://www.collada.org/2005/11/COLLADASchema" version="1.4.1">
  <asset>
    <contributor>
      <author>Mixamo</author>
      <authoring_tool>COLLADA Mixamo exporter</authoring_tool>
      <comments/>
    </contributor>
    <created>2024-04-05T10:49:44Z</created>
    <modified>2024-04-05T10:49:44Z</modified>
    <revision/>
    <title/>
    <unit meter="0.010000"/>
    <up_axis>Y_UP</up_axis>
  </asset>
  <library_animations>
    <animation id="Armature-anim" name="Armature">
      <source id="Armature-Matrix-animation-input">
        <float_array id="Armature-Matrix-animation-input-array" count="116">

0.000000 0.033333 0.066667 0.100000 0.133333 0.166667 0.200000 0.233333 0.266667 0.300000 0.333333 0.366667 0.400000 0.433333 0.466667 0.500000
0.533333 0.566667 0.600000 0.633333 0.666667 0.700000 0.733333 0.766667 0.800000 0.833333 0.866667 0.900000 0.933333 0.966667 1.000000 1.033333
1.066667 1.100000 1.133333 1.166667 1.200000 1.233333 1.266667 1.300000 1.333333 1.366667 1.400000 1.433333 1.466667 1.500000 1.533333 1.566667
1.600000 1.633333 1.666667 1.700000 1.733333 1.766667 1.800000 1.833333 1.866667 1.900000 1.933333 1.966667 2.000000 2.033333 2.066667 2.100000
2.133333 2.166667 2.200000 2.233333 2.266667 2.300000 2.333333 2.366667 2.400000 2.433333 2.466667 2.500000 2.533333 2.566667 2.600000 2.633333
2.666667 2.700000 2.733333 2.766667 2.800000 2.833333 2.866667 2.900000 2.933333 2.966667 3.000000 3.033333 3.066667 3.100000 3.133333 3.166667
3.200000 3.233333 3.266667 3.300000 3.333333 3.366667 3.400000 3.433333 3.466667 3.500000 3.533333 3.566667 3.600000 3.633333 3.666667 3.700000
3.733333 3.766667 3.800000 3.833333</float_array>
        <technique_common>
          <accessor source="#Armature-Matrix-animation-input-array" count="116">
            <param name="TIME" type="float"/>
          </accessor>
        </technique_common>
      </source>
      <source id="Armature-Matrix-animation-output-transform">
        <float_array id="Armature-Matrix-animation-output-transform-array" count="1856">

1.000000 0.000000 0.000000 0.000000 0.000000 1.000000 0.000000 0.000000 0.000000 0.000000 1.000000 0.000000 0.000000 0.000000 0.000000 1.000000
1.000000 0.000000 0.000000 0.000000 0.000000 1.000000 0.000000 0.000000 0.000000 0.000000 1.000000 0.000000 0.000000 0.000000 0.000000 1.000000
1.000000 0.000000 0.000000 0.000000 0.000000 1.000000 0.000000 0.000000 0.000000 0.000000 1.000000 0.000000 0.000000 0.000000 0.000000 1.000000
1.000000 0.000000 0.000000 0.000000 0.000000 1.000000 0.000000 0.000000 0.000000 0.000000 1.000000 0.000000 0.000000 0.000000 0.000000 1.000000
1.000000 0.000000 0.000000 0.000000 0.000000 1.000000 0.000000 0.000000 0.000000 0.000000 1.000000 0.000000 0.000000 0.000000 0.000000 1.000000
1.000000 0.000000 0.000000 0.000000 0.000000 1.000000 0.000000 0.000000 0.000000 0.000000 1.000000 0.000000 0.000000 0.000000 0.000000 1.000000
1.000000 0.000000 0.000000 0.000000 0.000000 1.000000 0.000000 0.000000 0.000000 0.000000 1.000000 0.000000 0.000000 0.000000 0.000000 1.000000
1.000000 0.000000 0.000000 0.000000 0.000000 1.000000 0.000000 0.000000 0.000000 0.000000 1.000000 0.000000 0.000000 0.000000 0.000000 1.000000
1.000000 0.000000 0.000000 0.000000 0.000000 1.000000 0.000000 0.000000 0.000000 0.000000 1.000000 0.000000 0.000000 0.000000 0.000000 1.000000
1.000000 0.000000 0.000000 0.000000 0.000000 1.000000 0.000000 0.000000 0.000000 0.000000 1.000000 0.000000 0.000000 0.000000 0.000000 1.000000
1.000000 0.000000 0.000000 0.000000 0.000000 1.000000 0.000000 0.000000 0.000000 0.000000 1.000000 0.000000 0.000000 0.000000 0.000000 1.000000
1.000000 0.000000 0.000000 0.000000 0.000000 1.000000 0.000000 0.000000 0.000000 0.000000 1.000000 0.000000 0.000000 0.000000 0.000000 1.000000
1.000000 0.000000 0.000000 0.000000 0.000000 1.000000 0.000000 0.000000 0.000000 0.000000 1.000000 0.000000 0.000000 0.000000 0.000000 1.000000
1.000000 0.000000 0.000000 0.000000 0.000000 1.000000 0.000000 0.000000 0.000000 0.000000 1.000000 0.000000 0.000000 0.000000 0.000000 1.000000
1.000000 0.000000 0.000000 0.000000 0.000000 1.000000 0.000000 0.000000 0.000000 0.000000 1.000000 0.000000 0.000000 0.000000 0.000000 1.000000
1.000000 0.000000 0.000000 0.000000 0.000000 1.000000 0.000000 0.000000 0.000000 0.000000 1.000000 0.000000 0.000000 0.000000 0.000000 1.000000
1.000000 0.000000 0.000000 0.000000 0.000000 1.000000 0.000000 0.000000 0.000000 0.000000 1.000000 0.000000 0.000000 0.000000 0.000000 1.000000
1.000000 0.000000 0.000000 0.000000 0.000000 1.000000 0.000000 0.000000 0.000000 0.000000 1.000000 0.000000 0.000000 0.000000 0.000000 1.000000
1.000000 0.000000 0.000000 0.000000 0.000000 1.000000 0.000000 0.000000 0.000000 0.000000 1.000000 0.000000 0.000000 0.000000 0.000000 1.000000
1.000000 0.000000 0.000000 0.000000 0.000000 1.000000 0.000000 0.000000 0.000000 0.000000 1.000000 0.000000 0.000000 0.000000 0.000000 1.000000
1.000000 0.000000 0.000000 0.000000 0.000000 1.000000 0.000000 0.000000 0.000000 0.000000 1.000000 0.000000 0.000000 0.000000 0.000000 1.000000
1.000000 0.000000 0.000000 0.000000 0.000000 1.000000 0.000000 0.000000 0.000000 0.000000 1.000000 0.000000 0.000000 0.000000 0.000000 1.000000
1.000000 0.000000 0.000000 0.000000 0.000000 1.000000 0.000000 0.000000 0.000000 0.000000 1.000000 0.000000 0.000000 0.000000 0.000000 1.000000
1.000000 0.000000 0.000000 0.000000 0.000000 1.000000 0.000000 0.000000 0.000000 0.000000 1.000000 0.000000 0.000000 0.000000 0.000000 1.000000
1.000000 0.000000 0.000000 0.000000 0.000000 1.000000 0.000000 0.000000 0.000000 0.000000 1.000000 0.000000 0.000000 0.000000 0.000000 1.000000
1.000000 0.000000 0.000000 0.000000 0.000000 1.000000 0.000000 0.000000 0.000000 0.000000 1.000000 0.000000 0.000000 0.000000 0.000000 1.000000
1.000000 0.000000 0.000000 0.000000 0.000000 1.000000 0.000000 0.000000 0.000000 0.000000 1.000000 0.000000 0.000000 0.000000 0.000000 1.000000
1.000000 0.000000 0.000000 0.000000 0.000000 1.000000 0.000000 0.000000 0.000000 0.000000 1.000000 0.000000 0.000000 0.000000 0.000000 1.000000
1.000000 0.000000 0.000000 0.000000 0.000000 1.000000 0.000000 0.000000 0.000000 0.000000 1.000000 0.000000 0.000000 0.000000 0.000000 1.000000
1.000000 0.000000 0.000000 0.000000 0.000000 1.000000 0.000000 0.000000 0.000000 0.000000 1.000000 0.000000 0.000000 0.000000 0.000000 1.000000
1.000000 0.000000 0.000000 0.000000 0.000000 1.000000 0.000000 0.000000 0.000000 0.000000 1.000000 0.000000 0.000000 0.000000 0.000000 1.000000
1.000000 0.000000 0.000000 0.000000 0.000000 1.000000 0.000000 0.000000 0.000000 0.000000 1.000000 0.000000 0.000000 0.000000 0.000000 1.000000
1.000000 0.000000 0.000000 0.000000 0.000000 1.000000 0.000000 0.000000 0.000000 0.000000 1.000000 0.000000 0.000000 0.000000 0.000000 1.000000
1.000000 0.000000 0.000000 0.000000 0.000000 1.000000 0.000000 0.000000 0.000000 0.000000 1.000000 0.000000 0.000000 0.000000 0.000000 1.000000
1.000000 0.000000 0.000000 0.000000 0.000000 1.000000 0.000000 0.000000 0.000000 0.000000 1.000000 0.000000 0.000000 0.000000 0.000000 1.000000
1.000000 0.000000 0.000000 0.000000 0.000000 1.000000 0.000000 0.000000 0.000000 0.000000 1.000000 0.000000 0.000000 0.000000 0.000000 1.000000
1.000000 0.000000 0.000000 0.000000 0.000000 1.000000 0.000000 0.000000 0.000000 0.000000 1.000000 0.000000 0.000000 0.000000 0.000000 1.000000
1.000000 0.000000 0.000000 0.000000 0.000000 1.000000 0.000000 0.000000 0.000000 0.000000 1.000000 0.000000 0.000000 0.000000 0.000000 1.000000
1.000000 0.000000 0.000000 0.000000 0.000000 1.000000 0.000000 0.000000 0.000000 0.000000 1.000000 0.000000 0.000000 0.000000 0.000000 1.000000
1.000000 0.000000 0.000000 0.000000 0.000000 1.000000 0.000000 0.000000 0.000000 0.000000 1.000000 0.000000 0.000000 0.000000 0.000000 1.000000
1.000000 0.000000 0.000000 0.000000 0.000000 1.000000 0.000000 0.000000 0.000000 0.000000 1.000000 0.000000 0.000000 0.000000 0.000000 1.000000
1.000000 0.000000 0.000000 0.000000 0.000000 1.000000 0.000000 0.000000 0.000000 0.000000 1.000000 0.000000 0.000000 0.000000 0.000000 1.000000
1.000000 0.000000 0.000000 0.000000 0.000000 1.000000 0.000000 0.000000 0.000000 0.000000 1.000000 0.000000 0.000000 0.000000 0.000000 1.000000
1.000000 0.000000 0.000000 0.000000 0.000000 1.000000 0.000000 0.000000 0.000000 0.000000 1.000000 0.000000 0.000000 0.000000 0.000000 1.000000
1.000000 0.000000 0.000000 0.000000 0.000000 1.000000 0.000000 0.000000 0.000000 0.000000 1.000000 0.000000 0.000000 0.000000 0.000000 1.000000
1.000000 0.000000 0.000000 0.000000 0.000000 1.000000 0.000000 0.000000 0.000000 0.000000 1.000000 0.000000 0.000000 0.000000 0.000000 1.000000
1.000000 0.000000 0.000000 0.000000 0.000000 1.000000 0.000000 0.000000 0.000000 0.000000 1.000000 0.000000 0.000000 0.000000 0.000000 1.000000
1.000000 0.000000 0.000000 0.000000 0.000000 1.000000 0.000000 0.000000 0.000000 0.000000 1.000000 0.000000 0.000000 0.000000 0.000000 1.000000
1.000000 0.000000 0.000000 0.000000 0.000000 1.000000 0.000000 0.000000 0.000000 0.000000 1.000000 0.000000 0.000000 0.000000 0.000000 1.000000
1.000000 0.000000 0.000000 0.000000 0.000000 1.000000 0.000000 0.000000 0.000000 0.000000 1.000000 0.000000 0.000000 0.000000 0.000000 1.000000
1.000000 0.000000 0.000000 0.000000 0.000000 1.000000 0.000000 0.000000 0.000000 0.000000 1.000000 0.000000 0.000000 0.000000 0.000000 1.000000
1.000000 0.000000 0.000000 0.000000 0.000000 1.000000 0.000000 0.000000 0.000000 0.000000 1.000000 0.000000 0.000000 0.000000 0.000000 1.000000
1.000000 0.000000 0.000000 0.000000 0.000000 1.000000 0.000000 0.000000 0.000000 0.000000 1.000000 0.000000 0.000000 0.000000 0.000000 1.000000
1.000000 0.000000 0.000000 0.000000 0.000000 1.000000 0.000000 0.000000 0.000000 0.000000 1.000000 0.000000 0.000000 0.000000 0.000000 1.000000
1.000000 0.000000 0.000000 0.000000 0.000000 1.000000 0.000000 0.000000 0.000000 0.000000 1.000000 0.000000 0.000000 0.000000 0.000000 1.000000
1.000000 0.000000 0.000000 0.000000 0.000000 1.000000 0.000000 0.000000 0.000000 0.000000 1.000000 0.000000 0.000000 0.000000 0.000000 1.000000
1.000000 0.000000 0.000000 0.000000 0.000000 1.000000 0.000000 0.000000 0.000000 0.000000 1.000000 0.000000 0.000000 0.000000 0.000000 1.000000
1.000000 0.000000 0.000000 0.000000 0.000000 1.000000 0.000000 0.000000 0.000000 0.000000 1.000000 0.000000 0.000000 0.000000 0.000000 1.000000
1.000000 0.000000 0.000000 0.000000 0.000000 1.000000 0.000000 0.000000 0.000000 0.000000 1.000000 0.000000 0.000000 0.000000 0.000000 1.000000
1.000000 0.000000 0.000000 0.000000 0.000000 1.000000 0.000000 0.000000 0.000000 0.000000 1.000000 0.000000 0.000000 0.000000 0.000000 1.000000
1.000000 0.000000 0.000000 0.000000 0.000000 1.000000 0.000000 0.000000 0.000000 0.000000 1.000000 0.000000 0.000000 0.000000 0.000000 1.000000
1.000000 0.000000 0.000000 0.000000 0.000000 1.000000 0.000000 0.000000 0.000000 0.000000 1.000000 0.000000 0.000000 0.000000 0.000000 1.000000
1.000000 0.000000 0.000000 0.000000 0.000000 1.000000 0.000000 0.000000 0.000000 0.000000 1.000000 0.000000 0.000000 0.000000 0.000000 1.000000
1.000000 0.000000 0.000000 0.000000 0.000000 1.000000 0.000000 0.000000 0.000000 0.000000 1.000000 0.000000 0.000000 0.000000 0.000000 1.000000
1.000000 0.000000 0.000000 0.000000 0.000000 1.000000 0.000000 0.000000 0.000000 0.000000 1.000000 0.000000 0.000000 0.000000 0.000000 1.000000
1.000000 0.000000 0.000000 0.000000 0.000000 1.000000 0.000000 0.000000 0.000000 0.000000 1.000000 0.000000 0.000000 0.000000 0.000000 1.000000
1.000000 0.000000 0.000000 0.000000 0.000000 1.000000 0.000000 0.000000 0.000000 0.000000 1.000000 0.000000 0.000000 0.000000 0.000000 1.000000
1.000000 0.000000 0.000000 0.000000 0.000000 1.000000 0.000000 0.000000 0.000000 0.000000 1.000000 0.000000 0.000000 0.000000 0.000000 1.000000
1.000000 0.000000 0.000000 0.000000 0.000000 1.000000 0.000000 0.000000 0.000000 0.000000 1.000000 0.000000 0.000000 0.000000 0.000000 1.000000
1.000000 0.000000 0.000000 0.000000 0.000000 1.000000 0.000000 0.000000 0.000000 0.000000 1.000000 0.000000 0.000000 0.000000 0.000000 1.000000
1.000000 0.000000 0.000000 0.000000 0.000000 1.000000 0.000000 0.000000 0.000000 0.000000 1.000000 0.000000 0.000000 0.000000 0.000000 1.000000
1.000000 0.000000 0.000000 0.000000 0.000000 1.000000 0.000000 0.000000 0.000000 0.000000 1.000000 0.000000 0.000000 0.000000 0.000000 1.000000
1.000000 0.000000 0.000000 0.000000 0.000000 1.000000 0.000000 0.000000 0.000000 0.000000 1.000000 0.000000 0.000000 0.000000 0.000000 1.000000
1.000000 0.000000 0.000000 0.000000 0.000000 1.000000 0.000000 0.000000 0.000000 0.000000 1.000000 0.000000 0.000000 0.000000 0.000000 1.000000
1.000000 0.000000 0.000000 0.000000 0.000000 1.000000 0.000000 0.000000 0.000000 0.000000 1.000000 0.000000 0.000000 0.000000 0.000000 1.000000
1.000000 0.000000 0.000000 0.000000 0.000000 1.000000 0.000000 0.000000 0.000000 0.000000 1.000000 0.000000 0.000000 0.000000 0.000000 1.000000
1.000000 0.000000 0.000000 0.000000 0.000000 1.000000 0.000000 0.000000 0.000000 0.000000 1.000000 0.000000 0.000000 0.000000 0.000000 1.000000
1.000000 0.000000 0.000000 0.000000 0.000000 1.000000 0.000000 0.000000 0.000000 0.000000 1.000000 0.000000 0.000000 0.000000 0.000000 1.000000
1.000000 0.000000 0.000000 0.000000 0.000000 1.000000 0.000000 0.000000 0.000000 0.000000 1.000000 0.000000 0.000000 0.000000 0.000000 1.000000
1.000000 0.000000 0.000000 0.000000 0.000000 1.000000 0.000000 0.000000 0.000000 0.000000 1.000000 0.000000 0.000000 0.000000 0.000000 1.000000
1.000000 0.000000 0.000000 0.000000 0.000000 1.000000 0.000000 0.000000 0.000000 0.000000 1.000000 0.000000 0.000000 0.000000 0.000000 1.000000
1.000000 0.000000 0.000000 0.000000 0.000000 1.000000 0.000000 0.000000 0.000000 0.000000 1.000000 0.000000 0.000000 0.000000 0.000000 1.000000
1.000000 0.000000 0.000000 0.000000 0.000000 1.000000 0.000000 0.000000 0.000000 0.000000 1.000000 0.000000 0.000000 0.000000 0.000000 1.000000
1.000000 0.000000 0.000000 0.000000 0.000000 1.000000 0.000000 0.000000 0.000000 0.000000 1.000000 0.000000 0.000000 0.000000 0.000000 1.000000
1.000000 0.000000 0.000000 0.000000 0.000000 1.000000 0.000000 0.000000 0.000000 0.000000 1.000000 0.000000 0.000000 0.000000 0.000000 1.000000
1.000000 0.000000 0.000000 0.000000 0.000000 1.000000 0.000000 0.000000 0.000000 0.000000 1.000000 0.000000 0.000000 0.000000 0.000000 1.000000
1.000000 0.000000 0.000000 0.000000 0.000000 1.000000 0.000000 0.000000 0.000000 0.000000 1.000000 0.000000 0.000000 0.000000 0.000000 1.000000
1.000000 0.000000 0.000000 0.000000 0.000000 1.000000 0.000000 0.000000 0.000000 0.000000 1.000000 0.000000 0.000000 0.000000 0.000000 1.000000
1.000000 0.000000 0.000000 0.000000 0.000000 1.000000 0.000000 0.000000 0.000000 0.000000 1.000000 0.000000 0.000000 0.000000 0.000000 1.000000
1.000000 0.000000 0.000000 0.000000 0.000000 1.000000 0.000000 0.000000 0.000000 0.000000 1.000000 0.000000 0.000000 0.000000 0.000000 1.000000
1.000000 0.000000 0.000000 0.000000 0.000000 1.000000 0.000000 0.000000 0.000000 0.000000 1.000000 0.000000 0.000000 0.000000 0.000000 1.000000
1.000000 0.000000 0.000000 0.000000 0.000000 1.000000 0.000000 0.000000 0.000000 0.000000 1.000000 0.000000 0.000000 0.000000 0.000000 1.000000
1.000000 0.000000 0.000000 0.000000 0.000000 1.000000 0.000000 0.000000 0.000000 0.000000 1.000000 0.000000 0.000000 0.000000 0.000000 1.000000
1.000000 0.000000 0.000000 0.000000 0.000000 1.000000 0.000000 0.000000 0.000000 0.000000 1.000000 0.000000 0.000000 0.000000 0.000000 1.000000
1.000000 0.000000 0.000000 0.000000 0.000000 1.000000 0.000000 0.000000 0.000000 0.000000 1.000000 0.000000 0.000000 0.000000 0.000000 1.000000
1.000000 0.000000 0.000000 0.000000 0.000000 1.000000 0.000000 0.000000 0.000000 0.000000 1.000000 0.000000 0.000000 0.000000 0.000000 1.000000
1.000000 0.000000 0.000000 0.000000 0.000000 1.000000 0.000000 0.000000 0.000000 0.000000 1.000000 0.000000 0.000000 0.000000 0.000000 1.000000
1.000000 0.000000 0.000000 0.000000 0.000000 1.000000 0.000000 0.000000 0.000000 0.000000 1.000000 0.000000 0.000000 0.000000 0.000000 1.000000
1.000000 0.000000 0.000000 0.000000 0.000000 1.000000 0.000000 0.000000 0.000000 0.000000 1.000000 0.000000 0.000000 0.000000 0.000000 1.000000
1.000000 0.000000 0.000000 0.000000 0.000000 1.000000 0.000000 0.000000 0.000000 0.000000 1.000000 0.000000 0.000000 0.000000 0.000000 1.000000
1.000000 0.000000 0.000000 0.000000 0.000000 1.000000 0.000000 0.000000 0.000000 0.000000 1.000000 0.000000 0.000000 0.000000 0.000000 1.000000
1.000000 0.000000 0.000000 0.000000 0.000000 1.000000 0.000000 0.000000 0.000000 0.000000 1.000000 0.000000 0.000000 0.000000 0.000000 1.000000
1.000000 0.000000 0.000000 0.000000 0.000000 1.000000 0.000000 0.000000 0.000000 0.000000 1.000000 0.000000 0.000000 0.000000 0.000000 1.000000
1.000000 0.000000 0.000000 0.000000 0.000000 1.000000 0.000000 0.000000 0.000000 0.000000 1.000000 0.000000 0.000000 0.000000 0.000000 1.000000
1.000000 0.000000 0.000000 0.000000 0.000000 1.000000 0.000000 0.000000 0.000000 0.000000 1.000000 0.000000 0.000000 0.000000 0.000000 1.000000
1.000000 0.000000 0.000000 0.000000 0.000000 1.000000 0.000000 0.000000 0.000000 0.000000 1.000000 0.000000 0.000000 0.000000 0.000000 1.000000
1.000000 0.000000 0.000000 0.000000 0.000000 1.000000 0.000000 0.000000 0.000000 0.000000 1.000000 0.000000 0.000000 0.000000 0.000000 1.000000
1.000000 0.000000 0.000000 0.000000 0.000000 1.000000 0.000000 0.000000 0.000000 0.000000 1.000000 0.000000 0.000000 0.000000 0.000000 1.000000
1.000000 0.000000 0.000000 0.000000 0.000000 1.000000 0.000000 0.000000 0.000000 0.000000 1.000000 0.000000 0.000000 0.000000 0.000000 1.000000
1.000000 0.000000 0.000000 0.000000 0.000000 1.000000 0.000000 0.000000 0.000000 0.000000 1.000000 0.000000 0.000000 0.000000 0.000000 1.000000
1.000000 0.000000 0.000000 0.000000 0.000000 1.000000 0.000000 0.000000 0.000000 0.000000 1.000000 0.000000 0.000000 0.000000 0.000000 1.000000
1.000000 0.000000 0.000000 0.000000 0.000000 1.000000 0.000000 0.000000 0.000000 0.000000 1.000000 0.000000 0.000000 0.000000 0.000000 1.000000
1.000000 0.000000 0.000000 0.000000 0.000000 1.000000 0.000000 0.000000 0.000000 0.000000 1.000000 0.000000 0.000000 0.000000 0.000000 1.000000
1.000000 0.000000 0.000000 0.000000 0.000000 1.000000 0.000000 0.000000 0.000000 0.000000 1.000000 0.000000 0.000000 0.000000 0.000000 1.000000
1.000000 0.000000 0.000000 0.000000 0.000000 1.000000 0.000000 0.000000 0.000000 0.000000 1.000000 0.000000 0.000000 0.000000 0.000000 1.000000
1.000000 0.000000 0.000000 0.000000 0.000000 1.000000 0.000000 0.000000 0.000000 0.000000 1.000000 0.000000 0.000000 0.000000 0.000000 1.000000</float_array>
        <technique_common>
          <accessor source="#Armature-Matrix-animation-output-transform-array" count="116" stride="16">
            <param type="float4x4"/>
          </accessor>
        </technique_common>
      </source>
      <source id="Armature-Interpolations">
        <Name_array id="Armature-Interpolations-array" count="116">
 LINEAR LINEAR LINEAR LINEAR LINEAR LINEAR LINEAR LINEAR LINEAR LINEAR LINEAR
LINEAR LINEAR LINEAR LINEAR LINEAR LINEAR LINEAR LINEAR LINEAR LINEAR LINEAR LINEAR
LINEAR LINEAR LINEAR LINEAR LINEAR LINEAR LINEAR LINEAR LINEAR LINEAR LINEAR LINEAR
LINEAR LINEAR LINEAR LINEAR LINEAR LINEAR LINEAR LINEAR LINEAR LINEAR LINEAR LINEAR
LINEAR LINEAR LINEAR LINEAR LINEAR LINEAR LINEAR LINEAR LINEAR LINEAR LINEAR LINEAR
LINEAR LINEAR LINEAR LINEAR LINEAR LINEAR LINEAR LINEAR LINEAR LINEAR LINEAR LINEAR
LINEAR LINEAR LINEAR LINEAR LINEAR LINEAR LINEAR LINEAR LINEAR LINEAR LINEAR LINEAR
LINEAR LINEAR LINEAR LINEAR LINEAR LINEAR LINEAR LINEAR LINEAR LINEAR LINEAR LINEAR
LINEAR LINEAR LINEAR LINEAR LINEAR LINEAR LINEAR LINEAR LINEAR LINEAR LINEAR LINEAR
LINEAR LINEAR LINEAR LINEAR LINEAR LINEAR LINEAR LINEAR LINEAR</Name_array>
        <technique_common>
          <accessor source="#Armature-Interpolations-array" count="116">
            <param type="name"/>
          </accessor>
        </technique_common>
      </source>
      <sampler id="Armature-Matrix-animation-transform">
        <input semantic="INPUT" source="#Armature-Matrix-animation-input"/>
        <input semantic="OUTPUT" source="#Armature-Matrix-animation-output-transform"/>
        <input semantic="INTERPOLATION" source="#Armature-Interpolations"/>
      </sampler>
      <channel source="#Armature-Matrix-animation-transform" target="Armature/matrix"/>
    </animation>
    <animation id="mixamorig_Hips-anim" name="mixamorig_Hips">
      <source id="mixamorig_Hips-Matrix-animation-input">
        <float_array id="mixamorig_Hips-Matrix-animation-input-array" count="116">

0.000000 0.033333 0.066667 0.100000 0.133333 0.166667 0.200000 0.233333 0.266667 0.300000 0.333333 0.366667 0.400000 0.433333 0.466667 0.500000
0.533333 0.566667 0.600000 0.633333 0.666667 0.700000 0.733333 0.766667 0.800000 0.833333 0.866667 0.900000 0.933333 0.966667 1.000000 1.033333
1.066667 1.100000 1.133333 1.166667 1.200000 1.233333 1.266667 1.300000 1.333333 1.366667 1.400000 1.433333 1.466667 1.500000 1.533333 1.566667
1.600000 1.633333 1.666667 1.700000 1.733333 1.766667 1.800000 1.833333 1.866667 1.900000 1.933333 1.966667 2.000000 2.033333 2.066667 2.100000
2.133333 2.166667 2.200000 2.233333 2.266667 2.300000 2.333333 2.366667 2.400000 2.433333 2.466667 2.500000 2.533333 2.566667 2.600000 2.633333
2.666667 2.700000 2.733333 2.766667 2.800000 2.833333 2.866667 2.900000 2.933333 2.966667 3.000000 3.033333 3.066667 3.100000 3.133333 3.166667
3.200000 3.233333 3.266667 3.300000 3.333333 3.366667 3.400000 3.433333 3.466667 3.500000 3.533333 3.566667 3.600000 3.633333 3.666667 3.700000
3.733333 3.766667 3.800000 3.833333</float_array>
        <technique_common>
          <accessor source="#mixamorig_Hips-Matrix-animation-input-array" count="116">
            <param name="TIME" type="float"/>
          </accessor>
        </technique_common>
      </source>
      <source id="mixamorig_Hips-Matrix-animation-output-transform">
        <float_array id="mixamorig_Hips-Matrix-animation-output-transform-array" count="1856">

0.889452 -0.250557 0.382225 -1.942991 0.324144 0.935426 -0.141101 43.614906 -0.322189 0.249398 0.913233 -2.626030 0.000000 0.000000 0.000000 1.000000
0.888612 -0.252369 0.382986 -1.940310 0.325422 0.935340 -0.138709 43.573402 -0.323217 0.247890 0.913281 -2.761450 0.000000 0.000000 0.000000 1.000000
0.887852 -0.254684 0.383215 -1.901073 0.326857 0.935282 -0.135691 43.524826 -0.323856 0.245730 0.913638 -2.905348 0.000000 0.000000 0.000000 1.000000
0.887147 -0.257742 0.382805 -1.831104 0.328631 0.935198 -0.131932 43.464111 -0.323994 0.242845 0.914360 -3.061446 0.000000 0.000000 0.000000 1.000000
0.886366 -0.261509 0.382059 -1.752326 0.330717 0.935120 -0.127191 43.403557 -0.324009 0.239091 0.915343 -3.219743 0.000000 0.000000 0.000000 1.000000
0.885465 -0.265538 0.381367 -1.682412 0.332811 0.935118 -0.121623 43.358727 -0.324327 0.234616 0.916388 -3.369374 0.000000 0.000000 0.000000 1.000000
0.884477 -0.269541 0.380851 -1.625247 0.334856 0.935122 -0.115841 43.327839 -0.324919 0.229989 0.917351 -3.506204 0.000000 0.000000 0.000000 1.000000
0.883499 -0.273443 0.380340 -1.585966 0.336945 0.935022 -0.110466 43.310112 -0.325420 0.225750 0.918226 -3.617902 0.000000 0.000000 0.000000 1.000000
0.882822 -0.276566 0.379653 -1.580317 0.338629 0.934886 -0.106390 43.328285 -0.325508 0.222485 0.918991 -3.674655 0.000000 0.000000 0.000000 1.000000
0.882761 -0.277380 0.379200 -1.632333 0.338927 0.934921 -0.105122 43.422531 -0.325363 0.221319 0.919324 -3.632901 0.000000 0.000000 0.000000 1.000000
0.883312 -0.274587 0.379949 -1.761491 0.337106 0.935275 -0.107793 43.626427 -0.325759 0.223298 0.918705 -3.442100 0.000000 0.000000 0.000000 1.000000
0.884246 -0.268501 0.382121 -1.919322 0.333532 0.935788 -0.114266 43.980690 -0.326904 0.228489 0.917020 -3.083321 0.000000 0.000000 0.000000 1.000000
0.885434 -0.260468 0.384918 -2.065212 0.328948 0.936289 -0.123112 44.513844 -0.328328 0.235626 0.914703 -2.600498 0.000000 0.000000 0.000000 1.000000
0.886731 -0.252038 0.387537 -2.200800 0.324229 0.936620 -0.132736 45.153027 -0.329521 0.243352 0.912248 -2.032434 0.000000 0.000000 0.000000 1.000000
0.887791 -0.244203 0.390118 -2.308869 0.320310 0.936503 -0.142704 45.875969 -0.330498 0.251650 0.909639 -1.372006 0.000000 0.000000 0.000000 1.000000
0.888306 -0.236332 0.393776 -2.399256 0.316981 0.935955 -0.153336 46.643967 -0.332318 0.261029 0.906327 -0.600964 0.000000 0.000000 0.000000 1.000000
0.890232 -0.224945 0.396090 -2.351605 0.313154 0.933708 -0.173563 47.461494 -0.330790 0.278549 0.901659 0.370314 0.000000 0.000000 0.000000 1.000000
0.891006 -0.226135 0.393663 -2.165118 0.319510 0.928363 -0.189882 48.294392 -0.322524 0.294965 0.899430 1.507331 0.000000 0.000000 0.000000 1.000000
0.890524 -0.238201 0.387591 -1.824870 0.334100 0.920680 -0.201806 49.118542 -0.308777 0.309207 0.899471 2.779569 0.000000 0.000000 0.000000 1.000000
0.889125 -0.255376 0.379788 -1.271213 0.352345 0.911558 -0.211932 49.897148 -0.292077 0.322250 0.900470 4.169305 0.000000 0.000000 0.000000 1.000000
0.886922 -0.272823 0.372741 -0.462189 0.370686 0.901853 -0.221931 50.586151 -0.275610 0.335005 0.901005 5.670445 0.000000 0.000000 0.000000 1.000000
0.884214 -0.288686 0.367187 0.563460 0.387207 0.892695 -0.230577 51.203682 -0.261222 0.346056 0.901115 7.224317 0.000000 0.000000 0.000000 1.000000
0.880927 -0.302228 0.364178 1.719954 0.394411 0.894141 -0.212018 51.446411 -0.261549 0.330408 0.906875 8.359631 0.000000 0.000000 0.000000 1.000000
0.880009 -0.310641 0.359287 3.051706 0.394303 0.899538 -0.188031 51.524178 -0.264782 0.307137 0.914088 8.498701 0.000000 0.000000 0.000000 1.000000
0.881762 -0.312423 0.353394 4.540109 0.385652 0.908887 -0.158735 51.363686 -0.271603 0.276254 0.921909 8.105577 0.000000 0.000000 0.000000 1.000000
0.884949 -0.309511 0.347949 6.172771 0.370453 0.920638 -0.123247 50.970238 -0.282189 0.237966 0.929377 7.319448 0.000000 0.000000 0.000000 1.000000
0.889175 -0.309285 0.337210 8.098040 0.355566 0.930889 -0.083778 50.513271 -0.287994 0.194393 0.937695 6.194015 0.000000 0.000000 0.000000 1.000000
0.895950 -0.313608 0.314522 10.347826 0.344558 0.937606 -0.046628 50.294350 -0.280274 0.150147 0.948104 4.683683 0.000000 0.000000 0.000000 1.000000
0.905192 -0.315495 0.284762 12.652256 0.334308 0.942278 -0.018712 50.595779 -0.262421 0.112136 0.958416 3.049209 0.000000 0.000000 0.000000 1.000000
0.915234 -0.312660 0.254149 14.860038 0.324823 0.945754 -0.006257 51.515934 -0.238406 0.088280 0.967145 1.394293 0.000000 0.000000 0.000000 1.000000
0.925312 -0.305748 0.224312 17.021629 0.316500 0.948507 -0.012738 52.980183 -0.208866 0.082782 0.974434 -0.220728 0.000000 0.000000 0.000000 1.000000
0.935557 -0.295378 0.193608 19.247826 0.307854 0.950707 -0.037172 54.863625 -0.173085 0.094379 0.980374 -1.661384 0.000000 0.000000 0.000000 1.000000
0.945480 -0.282416 0.162202 21.507654 0.297320 0.951752 -0.075956 57.066658 -0.132925 0.120041 0.983830 -2.785313 0.000000 0.000000 0.000000 1.000000
0.954207 -0.269129 0.130608 23.776537 0.285255 0.950095 -0.126289 59.505398 -0.090102 0.157763 0.983358 -3.432472 0.000000 0.000000 0.000000 1.000000
0.960907 -0.258995 0.097876 26.013206 0.273132 0.944629 -0.181864 62.049042 -0.045355 0.201487 0.978441 -3.729843 0.000000 0.000000 0.000000 1.000000
0.965188 -0.253135 0.065841 28.165367 0.261549 0.936154 -0.234965 64.635788 -0.002159 0.244006 0.969771 -3.792117 0.000000 0.000000 0.000000 1.000000
0.967602 -0.249030 0.041597 30.339655 0.250491 0.926222 -0.281722 67.198715 0.031629 0.283015 0.958594 -3.583539 0.000000 0.000000 0.000000 1.000000
0.969460 -0.243701 0.027501 32.632191 0.239433 0.916229 -0.321242 69.446304 0.053090 0.318016 0.946598 -3.130783 0.000000 0.000000 0.000000 1.000000
0.971467 -0.236037 0.023193 34.812500 0.228757 0.906682 -0.354398 71.449562 0.062622 0.349591 0.934807 -2.472752 0.000000 0.000000 0.000000 1.000000
0.974455 -0.223510 0.021938 36.763756 0.214628 0.898043 -0.383998 73.441040 0.066126 0.378897 0.923073 -1.656162 0.000000 0.000000 0.000000 1.000000
0.979586 -0.200460 0.015043 38.466560 0.188572 0.890407 -0.414265 75.680939 0.069650 0.408645 0.910032 -0.741480 0.000000 0.000000 0.000000 1.000000
0.986074 -0.166300 -0.001336 39.865517 0.148353 0.883233 -0.444850 78.192497 0.075158 0.438457 0.895604 0.295628 0.000000 0.000000 0.000000 1.000000
0.991766 -0.125340 -0.026268 41.010101 0.098260 0.876324 -0.471594 80.867348 0.082128 0.465129 0.881425 1.455552 0.000000 0.000000 0.000000 1.000000
0.994825 -0.086657 -0.053043 41.779274 0.049813 0.871015 -0.488725 83.511353 0.088553 0.483553 0.870824 2.766509 0.000000 0.000000 0.000000 1.000000
0.995481 -0.054513 -0.077755 42.102047 0.008731 0.867888 -0.496684 86.024292 0.094558 0.493761 0.864442 4.277190 0.000000 0.000000 0.000000 1.000000
0.994348 -0.026989 -0.102678 42.009056 -0.028327 0.864637 -0.501597 88.358795 0.102317 0.501671 0.858986 5.998643 0.000000 0.000000 0.000000 1.000000
0.991404 -0.003603 -0.130786 41.702965 -0.063666 0.860005 -0.506299 90.491882 0.114301 0.510274 0.852383 7.939312 0.000000 0.000000 0.000000 1.000000
0.987267 0.011286 -0.158668 41.283607 -0.091075 0.857911 -0.505662 92.353424 0.130416 0.513674 0.848016 10.126962 0.000000 0.000000 0.000000 1.000000
0.983288 0.015160 -0.181423 40.667942 -0.104469 0.863113 -0.494087 93.865807 0.149098 0.504783 0.850273 12.600430 0.000000 0.000000 0.000000 1.000000
0.980152 0.009772 -0.198009 39.754066 -0.104218 0.875039 -0.472700 94.754280 0.168646 0.483953 0.858690 13.998766 0.000000 0.000000 0.000000 1.000000
0.977914 -0.000199 -0.209010 38.516476 -0.095242 0.889718 -0.446464 95.526634 0.186049 0.456510 0.870049 15.261031 0.000000 0.000000 0.000000 1.000000
0.976722 -0.010888 -0.214234 37.257107 -0.081065 0.905914 -0.415630 96.168823 0.198603 0.423321 0.883943 15.993042 0.000000 0.000000 0.000000 1.000000
0.976786 -0.019585 -0.213321 35.455193 -0.063993 0.923665 -0.377821 96.688217 0.204436 0.382701 0.900969 16.678476 0.000000 0.000000 0.000000 1.000000
0.978370 -0.026698 -0.205132 32.979740 -0.045156 0.940159 -0.337731 97.089172 0.201873 0.339689 0.918618 17.283712 0.000000 0.000000 0.000000 1.000000
0.981503 -0.034672 -0.188282 29.851675 -0.025196 0.951517 -0.306563 97.354210 0.189782 0.305637 0.933043 17.903656 0.000000 0.000000 0.000000 1.000000
0.985932 -0.042399 -0.161682 26.048906 -0.005798 0.958036 -0.286590 97.544655 0.167048 0.283495 0.944312 18.549633 0.000000 0.000000 0.000000 1.000000
0.990936 -0.049674 -0.124813 21.676495 0.014465 0.963175 -0.268487 97.623863 0.133554 0.264248 0.955163 19.099098 0.000000 0.000000 0.000000 1.000000
0.995462 -0.054493 -0.078011 17.153803 0.033739 0.968655 -0.246110 97.621086 0.088977 0.242361 0.966097 19.529768 0.000000 0.000000 0.000000 1.000000
0.998398 -0.051298 -0.023866 12.979880 0.044822 0.974547 -0.219658 97.588257 0.034527 0.218236 0.975285 19.860973 0.000000 0.000000 0.000000 1.000000
0.998926 -0.039654 0.023986 9.419356 0.043487 0.980937 -0.189400 97.512909 -0.016018 0.190239 0.981607 20.088985 0.000000 0.000000 0.000000 1.000000
0.998331 -0.033177 0.047265 6.291442 0.040234 0.986749 -0.157186 97.484406 -0.041423 0.158825 0.986437 20.248072 0.000000 0.000000 0.000000 1.000000
0.997985 -0.041014 0.048413 3.570572 0.046906 0.990712 -0.127634 97.512939 -0.042728 0.129648 0.990639 20.378134 0.000000 0.000000 0.000000 1.000000
0.997132 -0.055446 0.051507 1.331800 0.060519 0.992858 -0.102816 97.518387 -0.045438 0.105639 0.993366 20.467903 0.000000 0.000000 0.000000 1.000000
0.995260 -0.066724 0.070750 -0.590075 0.072664 0.993728 -0.085000 97.521065 -0.064635 0.089738 0.993866 20.554028 0.000000 0.000000 0.000000 1.000000
0.992647 -0.071290 0.097829 -2.159507 0.078879 0.993981 -0.076031 97.512444 -0.091820 0.083188 0.992295 20.630695 0.000000 0.000000 0.000000 1.000000
0.990000 -0.071956 0.121332 -3.445527 0.081634 0.993701 -0.076776 97.504921 -0.115043 0.085913 0.989638 20.699339 0.000000 0.000000 0.000000 1.000000
0.987531 -0.069182 0.141406 -4.521698 0.081801 0.992978 -0.085459 97.506424 -0.134501 0.095960 0.986256 20.704697 0.000000 0.000000 0.000000 1.000000
0.984390 -0.063952 0.163971 -5.461039 0.080694 0.991953 -0.097563 97.494690 -0.156412 0.109271 0.981629 20.586880 0.000000 0.000000 0.000000 1.000000
0.979290 -0.057440 0.194142 -6.112881 0.079691 0.990863 -0.108812 97.478958 -0.186118 0.122030 0.974920 20.385672 0.000000 0.000000 0.000000 1.000000
0.971373 -0.052380 0.231711 -6.414250 0.081631 0.989593 -0.118503 97.459045 -0.223092 0.134026 0.965540 20.067917 0.000000 0.000000 0.000000 1.000000
0.960519 -0.049052 0.273857 -6.404102 0.087187 0.987822 -0.128862 97.437225 -0.264201 0.147651 0.953099 19.627480 0.000000 0.000000 0.000000 1.000000
0.947063 -0.044744 0.317914 -6.087080 0.093708 0.985646 -0.140431 97.413490 -0.307067 0.162788 0.937662 19.003757 0.000000 0.000000 0.000000 1.000000
0.931932 -0.038808 0.360552 -5.517496 0.099449 0.983489 -0.151193 97.383537 -0.348731 0.176758 0.920404 18.124186 0.000000 0.000000 0.000000 1.000000
0.916700 -0.030740 0.398393 -4.734191 0.102535 0.981748 -0.160180 97.343491 -0.386197 0.187686 0.903120 16.989933 0.000000 0.000000 0.000000 1.000000
0.903166 -0.023029 0.428674 -3.788256 0.105133 0.980018 -0.168856 97.292282 -0.416220 0.197573 0.887539 15.787561 0.000000 0.000000 0.000000 1.000000
0.892220 -0.019013 0.451200 -2.813228 0.110159 0.978096 -0.176617 97.250305 -0.437959 0.207285 0.874771 14.613490 0.000000 0.000000 0.000000 1.000000
0.883579 -0.022995 0.467717 -1.966731 0.120391 0.976376 -0.179432 97.203270 -0.452542 0.214851 0.865474 13.374208 0.000000 0.000000 0.000000 1.000000
0.876768 -0.031511 0.479880 -1.348517 0.130926 0.975801 -0.175133 97.151550 -0.462749 0.216380 0.859676 12.085761 0.000000 0.000000 0.000000 1.000000
0.872745 -0.035928 0.486853 -0.895629 0.133822 0.976693 -0.167816 97.107430 -0.469477 0.211613 0.857212 10.790645 0.000000 0.000000 0.000000 1.000000
0.870158 -0.038209 0.491289 -0.539363 0.133233 0.978099 -0.159909 97.068214 -0.474419 0.204602 0.856192 9.560117 0.000000 0.000000 0.000000 1.000000
0.868886 -0.038884 0.493482 -0.237810 0.129762 0.979940 -0.151262 97.031837 -0.477701 0.195465 0.856502 8.435720 0.000000 0.000000 0.000000 1.000000
0.868778 -0.038091 0.493735 -0.037872 0.123757 0.982101 -0.141994 96.999290 -0.479489 0.184464 0.857941 7.460910 0.000000 0.000000 0.000000 1.000000
0.869658 -0.035958 0.492344 0.018546 0.115555 0.984463 -0.132213 96.971306 -0.479940 0.171873 0.860300 6.679472 0.000000 0.000000 0.000000 1.000000
0.871337 -0.032614 0.489600 -0.044701 0.105503 0.986904 -0.122022 96.948288 -0.479208 0.157976 0.863367 6.135297 0.000000 0.000000 0.000000 1.000000
0.873621 -0.028197 0.485790 -0.186319 0.093946 0.989311 -0.111525 96.930595 -0.477453 0.143069 0.866932 5.872338 0.000000 0.000000 0.000000 1.000000
0.876309 -0.022888 0.481205 -0.395894 0.081270 0.991578 -0.100836 96.917656 -0.474845 0.127471 0.870789 5.778068 0.000000 0.000000 0.000000 1.000000
0.879210 -0.016882 0.476135 -0.737738 0.067861 0.993620 -0.090079 96.908821 -0.471577 0.111509 0.874746 5.714615 0.000000 0.000000 0.000000 1.000000
0.882146 -0.010365 0.470863 -1.140801 0.054072 0.995376 -0.079390 96.902084 -0.467862 0.095494 0.878627 5.688256 0.000000 0.000000 0.000000 1.000000
0.884953 -0.003532 0.465667 -1.524257 0.040244 0.996810 -0.068921 96.896675 -0.463938 0.079732 0.882272 5.704744 0.000000 0.000000 0.000000 1.000000
0.887484 0.003419 0.460825 -1.878829 0.026705 0.997911 -0.058833 96.892380 -0.460064 0.064520 0.885539 5.768382 0.000000 0.000000 0.000000 1.000000
0.889608 0.010278 0.456610 -2.231491 0.013767 0.998689 -0.049303 96.889145 -0.456518 0.050146 0.888300 5.881223 0.000000 0.000000 0.000000 1.000000
0.891206 0.016819 0.453287 -2.580971 0.001749 0.999177 -0.040514 96.887306 -0.453595 0.036899 0.890444 6.042285 0.000000 0.000000 0.000000 1.000000
0.892172 0.022802 0.451119 -2.900632 -0.009029 0.999426 -0.032658 96.887383 -0.451605 0.025063 0.891866 6.246933 0.000000 0.000000 0.000000 1.000000
0.892406 0.027986 0.450365 -3.171531 -0.018259 0.999497 -0.025929 96.889938 -0.450864 0.014916 0.892468 6.487019 0.000000 0.000000 0.000000 1.000000
0.892326 0.032465 0.450222 -3.389989 -0.026200 0.999454 -0.020142 96.894409 -0.450630 0.006177 0.892689 6.747811 0.000000 0.000000 0.000000 1.000000
0.892234 0.036229 0.450119 -3.572334 -0.033151 0.999342 -0.014721 96.899300 -0.450356 -0.001787 0.892847 7.012753 0.000000 0.000000 0.000000 1.000000
0.892140 0.039327 0.450044 -3.739183 -0.039173 0.999186 -0.009658 96.904388 -0.450058 -0.009013 0.892954 7.271964 0.000000 0.000000 0.000000 1.000000
0.892053 0.041805 0.449993 -3.892495 -0.044323 0.999005 -0.004944 96.909470 -0.449752 -0.015535 0.893018 7.518544 0.000000 0.000000 0.000000 1.000000
0.891979 0.043707 0.449958 -4.021848 -0.048655 0.998815 -0.000569 96.914406 -0.449450 -0.021386 0.893049 7.748338 0.000000 0.000000 0.000000 1.000000
0.891923 0.045084 0.449934 -4.124639 -0.052232 0.998629 0.003477 96.918854 -0.449161 -0.026603 0.893055 7.959284 0.000000 0.000000 0.000000 1.000000
0.891885 0.045988 0.449918 -4.205656 -0.055117 0.998454 0.007204 96.922516 -0.448891 -0.031223 0.893041 8.150745 0.000000 0.000000 0.000000 1.000000
0.891866 0.046468 0.449905 -4.265510 -0.057371 0.998296 0.010620 96.924988 -0.448645 -0.035283 0.893013 8.323118 0.000000 0.000000 0.000000 1.000000
0.891867 0.046572 0.449894 -4.298937 -0.059052 0.998160 0.013737 96.925934 -0.448427 -0.038819 0.892976 8.477299 0.000000 0.000000 0.000000 1.000000
0.891884 0.046353 0.449883 -4.304181 -0.060225 0.998047 0.016563 96.925026 -0.448237 -0.041866 0.892934 8.614394 0.000000 0.000000 0.000000 1.000000
0.891916 0.045862 0.449870 -4.291530 -0.060952 0.997958 0.019108 96.921768 -0.448075 -0.044463 0.892890 8.735514 0.000000 0.000000 0.000000 1.000000
0.891959 0.045152 0.449856 -4.273979 -0.061298 0.997890 0.021382 96.917068 -0.447941 -0.046648 0.892845 8.841792 0.000000 0.000000 0.000000 1.000000
0.892011 0.044274 0.449841 -4.254844 -0.061325 0.997844 0.023395 96.912239 -0.447835 -0.048455 0.892802 8.934343 0.000000 0.000000 0.000000 1.000000
0.892068 0.043275 0.449824 -4.229467 -0.061090 0.997815 0.025156 96.907425 -0.447753 -0.049921 0.892763 9.014230 0.000000 0.000000 0.000000 1.000000
0.892128 0.042204 0.449807 -4.193020 -0.060652 0.997802 0.026675 96.902809 -0.447692 -0.051079 0.892728 9.082405 0.000000 0.000000 0.000000 1.000000
0.892189 0.041111 0.449788 -4.147004 -0.060074 0.997802 0.027960 96.898544 -0.447650 -0.051966 0.892697 9.139684 0.000000 0.000000 0.000000 1.000000
0.892246 0.040048 0.449770 -4.100228 -0.059416 0.997811 0.029022 96.894669 -0.447624 -0.052618 0.892673 9.186772 0.000000 0.000000 0.000000 1.000000
0.892298 0.039064 0.449754 -4.058287 -0.058740 0.997826 0.029869 96.891258 -0.447609 -0.053071 0.892653 9.224273 0.000000 0.000000 0.000000 1.000000
0.892342 0.038211 0.449739 -4.018775 -0.058106 0.997844 0.030512 96.888420 -0.447604 -0.053360 0.892638 9.252745 0.000000 0.000000 0.000000 1.000000
0.892377 0.037534 0.449728 -4.188161 -0.057573 0.997861 0.030959 96.886353 -0.447604 -0.053520 0.892629 9.272727 0.000000 0.000000 0.000000 1.000000
0.892399 0.037087 0.449720 -4.389613 -0.057204 0.997874 0.031221 96.885124 -0.447606 -0.053587 0.892624 9.284563 0.000000 0.000000 0.000000 1.000000
0.892408 0.036922 0.449716 -4.551931 -0.057061 0.997880 0.031305 96.884712 -0.447607 -0.053599 0.892623 9.288574 0.000000 0.000000 0.000000 1.000000</float_array>
        <technique_common>
          <accessor source="#mixamorig_Hips-Matrix-animation-output-transform-array" count="116" stride="16">
            <param type="float4x4"/>
          </accessor>
        </technique_common>
      </source>
      <source id="mixamorig_Hips-Interpolations">
        <Name_array id="mixamorig_Hips-Interpolations-array" count="116">
