<?xml version="1.0" encoding="utf-8"?>
<COLLADA xmlns="http://www.collada.org/2005/11/COLLADASchema" version="1.4.1">
  <asset>
    <contributor>
      <author>Mixamo</author>
      <authoring_tool>COLLADA Mixamo exporter</authoring_tool>
      <comments/>
    </contributor>
    <created>2024-04-05T10:42:21Z</created>
    <modified>2024-04-05T10:42:21Z</modified>
    <revision/>
    <title/>
    <unit meter="0.010000"/>
    <up_axis>Y_UP</up_axis>
  </asset>
  <library_animations>
    <animation id="Armature-anim" name="Armature">
      <source id="Armature-Matrix-animation-input">
        <float_array id="Armature-Matrix-animation-input-array" count="96">

0.000000 0.033333 0.066667 0.100000 0.133333 0.166667 0.200000 0.233333 0.266667 0.300000 0.333333 0.366667 0.400000 0.433333 0.466667 0.500000
0.533333 0.566667 0.600000 0.633333 0.666667 0.700000 0.733333 0.766667 0.800000 0.833333 0.866667 0.900000 0.933333 0.966667 1.000000 1.033333
1.066667 1.100000 1.133333 1.166667 1.200000 1.233333 1.266667 1.300000 1.333333 1.366667 1.400000 1.433333 1.466667 1.500000 1.533333 1.566667
1.600000 1.633333 1.666667 1.700000 1.733333 1.766667 1.800000 1.833333 1.866667 1.900000 1.933333 1.966667 2.000000 2.033333 2.066667 2.100000
2.133333 2.166667 2.200000 2.233333 2.266667 2.300000 2.333333 2.366667 2.400000 2.433333 2.466667 2.500000 2.533333 2.566667 2.600000 2.633333
2.666667 2.700000 2.733333 2.766667 2.800000 2.833333 2.866667 2.900000 2.933333 2.966667 3.000000 3.033333 3.066667 3.100000 3.133333 3.166667</float_array>
        <technique_common>
          <accessor source="#Armature-Matrix-animation-input-array" count="96">
            <param name="TIME" type="float"/>
          </accessor>
        </technique_common>
      </source>
      <source id="Armature-Matrix-animation-output-transform">
        <float_array id="Armature-Matrix-animation-output-transform-array" count="1536">

1.000000 0.000000 0.000000 0.000000 0.000000 1.000000 0.000000 0.000000 0.000000 0.000000 1.000000 0.000000 0.000000 0.000000 0.000000 1.000000
1.000000 0.000000 0.000000 0.000000 0.000000 1.000000 0.000000 0.000000 0.000000 0.000000 1.000000 0.000000 0.000000 0.000000 0.000000 1.000000
1.000000 0.000000 0.000000 0.000000 0.000000 1.000000 0.000000 0.000000 0.000000 0.000000 1.000000 0.000000 0.000000 0.000000 0.000000 1.000000
1.000000 0.000000 0.000000 0.000000 0.000000 1.000000 0.000000 0.000000 0.000000 0.000000 1.000000 0.000000 0.000000 0.000000 0.000000 1.000000
1.000000 0.000000 0.000000 0.000000 0.000000 1.000000 0.000000 0.000000 0.000000 0.000000 1.000000 0.000000 0.000000 0.000000 0.000000 1.000000
1.000000 0.000000 0.000000 0.000000 0.000000 1.000000 0.000000 0.000000 0.000000 0.000000 1.000000 0.000000 0.000000 0.000000 0.000000 1.000000
1.000000 0.000000 0.000000 0.000000 0.000000 1.000000 0.000000 0.000000 0.000000 0.000000 1.000000 0.000000 0.000000 0.000000 0.000000 1.000000
1.000000 0.000000 0.000000 0.000000 0.000000 1.000000 0.000000 0.000000 0.000000 0.000000 1.000000 0.000000 0.000000 0.000000 0.000000 1.000000
1.000000 0.000000 0.000000 0.000000 0.000000 1.000000 0.000000 0.000000 0.000000 0.000000 1.000000 0.000000 0.000000 0.000000 0.000000 1.000000
1.000000 0.000000 0.000000 0.000000 0.000000 1.000000 0.000000 0.000000 0.000000 0.000000 1.000000 0.000000 0.000000 0.000000 0.000000 1.000000
1.000000 0.000000 0.000000 0.000000 0.000000 1.000000 0.000000 0.000000 0.000000 0.000000 1.000000 0.000000 0.000000 0.000000 0.000000 1.000000
1.000000 0.000000 0.000000 0.000000 0.000000 1.000000 0.000000 0.000000 0.000000 0.000000 1.000000 0.000000 0.000000 0.000000 0.000000 1.000000
1.000000 0.000000 0.000000 0.000000 0.000000 1.000000 0.000000 0.000000 0.000000 0.000000 1.000000 0.000000 0.000000 0.000000 0.000000 1.000000
1.000000 0.000000 0.000000 0.000000 0.000000 1.000000 0.000000 0.000000 0.000000 0.000000 1.000000 0.000000 0.000000 0.000000 0.000000 1.000000
1.000000 0.000000 0.000000 0.000000 0.000000 1.000000 0.000000 0.000000 0.000000 0.000000 1.000000 0.000000 0.000000 0.000000 0.000000 1.000000
1.000000 0.000000 0.000000 0.000000 0.000000 1.000000 0.000000 0.000000 0.000000 0.000000 1.000000 0.000000 0.000000 0.000000 0.000000 1.000000
1.000000 0.000000 0.000000 0.000000 0.000000 1.000000 0.000000 0.000000 0.000000 0.000000 1.000000 0.000000 0.000000 0.000000 0.000000 1.000000
1.000000 0.000000 0.000000 0.000000 0.000000 1.000000 0.000000 0.000000 0.000000 0.000000 1.000000 0.000000 0.000000 0.000000 0.000000 1.000000
1.000000 0.000000 0.000000 0.000000 0.000000 1.000000 0.000000 0.000000 0.000000 0.000000 1.000000 0.000000 0.000000 0.000000 0.000000 1.000000
1.000000 0.000000 0.000000 0.000000 0.000000 1.000000 0.000000 0.000000 0.000000 0.000000 1.000000 0.000000 0.000000 0.000000 0.000000 1.000000
1.000000 0.000000 0.000000 0.000000 0.000000 1.000000 0.000000 0.000000 0.000000 0.000000 1.000000 0.000000 0.000000 0.000000 0.000000 1.000000
1.000000 0.000000 0.000000 0.000000 0.000000 1.000000 0.000000 0.000000 0.000000 0.000000 1.000000 0.000000 0.000000 0.000000 0.000000 1.000000
1.000000 0.000000 0.000000 0.000000 0.000000 1.000000 0.000000 0.000000 0.000000 0.000000 1.000000 0.000000 0.000000 0.000000 0.000000 1.000000
1.000000 0.000000 0.000000 0.000000 0.000000 1.000000 0.000000 0.000000 0.000000 0.000000 1.000000 0.000000 0.000000 0.000000 0.000000 1.000000
1.000000 0.000000 0.000000 0.000000 0.000000 1.000000 0.000000 0.000000 0.000000 0.000000 1.000000 0.000000 0.000000 0.000000 0.000000 1.000000
1.000000 0.000000 0.000000 0.000000 0.000000 1.000000 0.000000 0.000000 0.000000 0.000000 1.000000 0.000000 0.000000 0.000000 0.000000 1.000000
1.000000 0.000000 0.000000 0.000000 0.000000 1.000000 0.000000 0.000000 0.000000 0.000000 1.000000 0.000000 0.000000 0.000000 0.000000 1.000000
1.000000 0.000000 0.000000 0.000000 0.000000 1.000000 0.000000 0.000000 0.000000 0.000000 1.000000 0.000000 0.000000 0.000000 0.000000 1.000000
1.000000 0.000000 0.000000 0.000000 0.000000 1.000000 0.000000 0.000000 0.000000 0.000000 1.000000 0.000000 0.000000 0.000000 0.000000 1.000000
1.000000 0.000000 0.000000 0.000000 0.000000 1.000000 0.000000 0.000000 0.000000 0.000000 1.000000 0.000000 0.000000 0.000000 0.000000 1.000000
1.000000 0.000000 0.000000 0.000000 0.000000 1.000000 0.000000 0.000000 0.000000 0.000000 1.000000 0.000000 0.000000 0.000000 0.000000 1.000000
1.000000 0.000000 0.000000 0.000000 0.000000 1.000000 0.000000 0.000000 0.000000 0.000000 1.000000 0.000000 0.000000 0.000000 0.000000 1.000000
1.000000 0.000000 0.000000 0.000000 0.000000 1.000000 0.000000 0.000000 0.000000 0.000000 1.000000 0.000000 0.000000 0.000000 0.000000 1.000000
1.000000 0.000000 0.000000 0.000000 0.000000 1.000000 0.000000 0.000000 0.000000 0.000000 1.000000 0.000000 0.000000 0.000000 0.000000 1.000000
1.000000 0.000000 0.000000 0.000000 0.000000 1.000000 0.000000 0.000000 0.000000 0.000000 1.000000 0.000000 0.000000 0.000000 0.000000 1.000000
1.000000 0.000000 0.000000 0.000000 0.000000 1.000000 0.000000 0.000000 0.000000 0.000000 1.000000 0.000000 0.000000 0.000000 0.000000 1.000000
1.000000 0.000000 0.000000 0.000000 0.000000 1.000000 0.000000 0.000000 0.000000 0.000000 1.000000 0.000000 0.000000 0.000000 0.000000 1.000000
1.000000 0.000000 0.000000 0.000000 0.000000 1.000000 0.000000 0.000000 0.000000 0.000000 1.000000 0.000000 0.000000 0.000000 0.000000 1.000000
1.000000 0.000000 0.000000 0.000000 0.000000 1.000000 0.000000 0.000000 0.000000 0.000000 1.000000 0.000000 0.000000 0.000000 0.000000 1.000000
1.000000 0.000000 0.000000 0.000000 0.000000 1.000000 0.000000 0.000000 0.000000 0.000000 1.000000 0.000000 0.000000 0.000000 0.000000 1.000000
1.000000 0.000000 0.000000 0.000000 0.000000 1.000000 0.000000 0.000000 0.000000 0.000000 1.000000 0.000000 0.000000 0.000000 0.000000 1.000000
1.000000 0.000000 0.000000 0.000000 0.000000 1.000000 0.000000 0.000000 0.000000 0.000000 1.000000 0.000000 0.000000 0.000000 0.000000 1.000000
1.000000 0.000000 0.000000 0.000000 0.000000 1.000000 0.000000 0.000000 0.000000 0.000000 1.000000 0.000000 0.000000 0.000000 0.000000 1.000000
1.000000 0.000000 0.000000 0.000000 0.000000 1.000000 0.000000 0.000000 0.000000 0.000000 1.000000 0.000000 0.000000 0.000000 0.000000 1.000000
1.000000 0.000000 0.000000 0.000000 0.000000 1.000000 0.000000 0.000000 0.000000 0.000000 1.000000 0.000000 0.000000 0.000000 0.000000 1.000000
1.000000 0.000000 0.000000 0.000000 0.000000 1.000000 0.000000 0.000000 0.000000 0.000000 1.000000 0.000000 0.000000 0.000000 0.000000 1.000000
1.000000 0.000000 0.000000 0.000000 0.000000 1.000000 0.000000 0.000000 0.000000 0.000000 1.000000 0.000000 0.000000 0.000000 0.000000 1.000000
1.000000 0.000000 0.000000 0.000000 0.000000 1.000000 0.000000 0.000000 0.000000 0.000000 1.000000 0.000000 0.000000 0.000000 0.000000 1.000000
1.000000 0.000000 0.000000 0.000000 0.000000 1.000000 0.000000 0.000000 0.000000 0.000000 1.000000 0.000000 0.000000 0.000000 0.000000 1.000000
1.000000 0.000000 0.000000 0.000000 0.000000 1.000000 0.000000 0.000000 0.000000 0.000000 1.000000 0.000000 0.000000 0.000000 0.000000 1.000000
1.000000 0.000000 0.000000 0.000000 0.000000 1.000000 0.000000 0.000000 0.000000 0.000000 1.000000 0.000000 0.000000 0.000000 0.000000 1.000000
1.000000 0.000000 0.000000 0.000000 0.000000 1.000000 0.000000 0.000000 0.000000 0.000000 1.000000 0.000000 0.000000 0.000000 0.000000 1.000000
1.000000 0.000000 0.000000 0.000000 0.000000 1.000000 0.000000 0.000000 0.000000 0.000000 1.000000 0.000000 0.000000 0.000000 0.000000 1.000000
1.000000 0.000000 0.000000 0.000000 0.000000 1.000000 0.000000 0.000000 0.000000 0.000000 1.000000 0.000000 0.000000 0.000000 0.000000 1.000000
1.000000 0.000000 0.000000 0.000000 0.000000 1.000000 0.000000 0.000000 0.000000 0.000000 1.000000 0.000000 0.000000 0.000000 0.000000 1.000000
1.000000 0.000000 0.000000 0.000000 0.000000 1.000000 0.000000 0.000000 0.000000 0.000000 1.000000 0.000000 0.000000 0.000000 0.000000 1.000000
1.000000 0.000000 0.000000 0.000000 0.000000 1.000000 0.000000 0.000000 0.000000 0.000000 1.000000 0.000000 0.000000 0.000000 0.000000 1.000000
1.000000 0.000000 0.000000 0.000000 0.000000 1.000000 0.000000 0.000000 0.000000 0.000000 1.000000 0.000000 0.000000 0.000000 0.000000 1.000000
1.000000 0.000000 0.000000 0.000000 0.000000 1.000000 0.000000 0.000000 0.000000 0.000000 1.000000 0.000000 0.000000 0.000000 0.000000 1.000000
1.000000 0.000000 0.000000 0.000000 0.000000 1.000000 0.000000 0.000000 0.000000 0.000000 1.000000 0.000000 0.000000 0.000000 0.000000 1.000000
1.000000 0.000000 0.000000 0.000000 0.000000 1.000000 0.000000 0.000000 0.000000 0.000000 1.000000 0.000000 0.000000 0.000000 0.000000 1.000000
1.000000 0.000000 0.000000 0.000000 0.000000 1.000000 0.000000 0.000000 0.000000 0.000000 1.000000 0.000000 0.000000 0.000000 0.000000 1.000000
1.000000 0.000000 0.000000 0.000000 0.000000 1.000000 0.000000 0.000000 0.000000 0.000000 1.000000 0.000000 0.000000 0.000000 0.000000 1.000000
1.000000 0.000000 0.000000 0.000000 0.000000 1.000000 0.000000 0.000000 0.000000 0.000000 1.000000 0.000000 0.000000 0.000000 0.000000 1.000000
1.000000 0.000000 0.000000 0.000000 0.000000 1.000000 0.000000 0.000000 0.000000 0.000000 1.000000 0.000000 0.000000 0.000000 0.000000 1.000000
1.000000 0.000000 0.000000 0.000000 0.000000 1.000000 0.000000 0.000000 0.000000 0.000000 1.000000 0.000000 0.000000 0.000000 0.000000 1.000000
1.000000 0.000000 0.000000 0.000000 0.000000 1.000000 0.000000 0.000000 0.000000 0.000000 1.000000 0.000000 0.000000 0.000000 0.000000 1.000000
1.000000 0.000000 0.000000 0.000000 0.000000 1.000000 0.000000 0.000000 0.000000 0.000000 1.000000 0.000000 0.000000 0.000000 0.000000 1.000000
1.000000 0.000000 0.000000 0.000000 0.000000 1.000000 0.000000 0.000000 0.000000 0.000000 1.000000 0.000000 0.000000 0.000000 0.000000 1.000000
1.000000 0.000000 0.000000 0.000000 0.000000 1.000000 0.000000 0.000000 0.000000 0.000000 1.000000 0.000000 0.000000 0.000000 0.000000 1.000000
1.000000 0.000000 0.000000 0.000000 0.000000 1.000000 0.000000 0.000000 0.000000 0.000000 1.000000 0.000000 0.000000 0.000000 0.000000 1.000000
1.000000 0.000000 0.000000 0.000000 0.000000 1.000000 0.000000 0.000000 0.000000 0.000000 1.000000 0.000000 0.000000 0.000000 0.000000 1.000000
1.000000 0.000000 0.000000 0.000000 0.000000 1.000000 0.000000 0.000000 0.000000 0.000000 1.000000 0.000000 0.000000 0.000000 0.000000 1.000000
1.000000 0.000000 0.000000 0.000000 0.000000 1.000000 0.000000 0.000000 0.000000 0.000000 1.000000 0.000000 0.000000 0.000000 0.000000 1.000000
1.000000 0.000000 0.000000 0.000000 0.000000 1.000000 0.000000 0.000000 0.000000 0.000000 1.000000 0.000000 0.000000 0.000000 0.000000 1.000000
1.000000 0.000000 0.000000 0.000000 0.000000 1.000000 0.000000 0.000000 0.000000 0.000000 1.000000 0.000000 0.000000 0.000000 0.000000 1.000000
1.000000 0.000000 0.000000 0.000000 0.000000 1.000000 0.000000 0.000000 0.000000 0.000000 1.000000 0.000000 0.000000 0.000000 0.000000 1.000000
1.000000 0.000000 0.000000 0.000000 0.000000 1.000000 0.000000 0.000000 0.000000 0.000000 1.000000 0.000000 0.000000 0.000000 0.000000 1.000000
1.000000 0.000000 0.000000 0.000000 0.000000 1.000000 0.000000 0.000000 0.000000 0.000000 1.000000 0.000000 0.000000 0.000000 0.000000 1.000000
1.000000 0.000000 0.000000 0.000000 0.000000 1.000000 0.000000 0.000000 0.000000 0.000000 1.000000 0.000000 0.000000 0.000000 0.000000 1.000000
1.000000 0.000000 0.000000 0.000000 0.000000 1.000000 0.000000 0.000000 0.000000 0.000000 1.000000 0.000000 0.000000 0.000000 0.000000 1.000000
1.000000 0.000000 0.000000 0.000000 0.000000 1.000000 0.000000 0.000000 0.000000 0.000000 1.000000 0.000000 0.000000 0.000000 0.000000 1.000000
1.000000 0.000000 0.000000 0.000000 0.000000 1.000000 0.000000 0.000000 0.000000 0.000000 1.000000 0.000000 0.000000 0.000000 0.000000 1.000000
1.000000 0.000000 0.000000 0.000000 0.000000 1.000000 0.000000 0.000000 0.000000 0.000000 1.000000 0.000000 0.000000 0.000000 0.000000 1.000000
1.000000 0.000000 0.000000 0.000000 0.000000 1.000000 0.000000 0.000000 0.000000 0.000000 1.000000 0.000000 0.000000 0.000000 0.000000 1.000000
1.000000 0.000000 0.000000 0.000000 0.000000 1.000000 0.000000 0.000000 0.000000 0.000000 1.000000 0.000000 0.000000 0.000000 0.000000 1.000000
1.000000 0.000000 0.000000 0.000000 0.000000 1.000000 0.000000 0.000000 0.000000 0.000000 1.000000 0.000000 0.000000 0.000000 0.000000 1.000000
1.000000 0.000000 0.000000 0.000000 0.000000 1.000000 0.000000 0.000000 0.000000 0.000000 1.000000 0.000000 0.000000 0.000000 0.000000 1.000000
1.000000 0.000000 0.000000 0.000000 0.000000 1.000000 0.000000 0.000000 0.000000 0.000000 1.000000 0.000000 0.000000 0.000000 0.000000 1.000000
1.000000 0.000000 0.000000 0.000000 0.000000 1.000000 0.000000 0.000000 0.000000 0.000000 1.000000 0.000000 0.000000 0.000000 0.000000 1.000000
1.000000 0.000000 0.000000 0.000000 0.000000 1.000000 0.000000 0.000000 0.000000 0.000000 1.000000 0.000000 0.000000 0.000000 0.000000 1.000000
1.000000 0.000000 0.000000 0.000000 0.000000 1.000000 0.000000 0.000000 0.000000 0.000000 1.000000 0.000000 0.000000 0.000000 0.000000 1.000000
1.000000 0.000000 0.000000 0.000000 0.000000 1.000000 0.000000 0.000000 0.000000 0.000000 1.000000 0.000000 0.000000 0.000000 0.000000 1.000000
1.000000 0.000000 0.000000 0.000000 0.000000 1.000000 0.000000 0.000000 0.000000 0.000000 1.000000 0.000000 0.000000 0.000000 0.000000 1.000000
1.000000 0.000000 0.000000 0.000000 0.000000 1.000000 0.000000 0.000000 0.000000 0.000000 1.000000 0.000000 0.000000 0.000000 0.000000 1.000000
1.000000 0.000000 0.000000 0.000000 0.000000 1.000000 0.000000 0.000000 0.000000 0.000000 1.000000 0.000000 0.000000 0.000000 0.000000 1.000000</float_array>
        <technique_common>
          <accessor source="#Armature-Matrix-animation-output-transform-array" count="96" stride="16">
            <param type="float4x4"/>
          </accessor>
        </technique_common>
      </source>
      <source id="Armature-Interpolations">
        <Name_array id="Armature-Interpolations-array" count="96">
 LINEAR LINEAR LINEAR LINEAR LINEAR LINEAR LINEAR LINEAR LINEAR LINEAR LINEAR
LINEAR LINEAR LINEAR LINEAR LINEAR LINEAR LINEAR LINEAR LINEAR LINEAR LINEAR LINEAR
LINEAR LINEAR LINEAR LINEAR LINEAR LINEAR LINEAR LINEAR LINEAR LINEAR LINEAR LINEAR
LINEAR LINEAR LINEAR LINEAR LINEAR LINEAR LINEAR LINEAR LINEAR LINEAR LINEAR LINEAR
LINEAR LINEAR LINEAR LINEAR LINEAR LINEAR LINEAR LINEAR LINEAR LINEAR LINEAR LINEAR
LINEAR LINEAR LINEAR LINEAR LINEAR LINEAR LINEAR LINEAR LINEAR LINEAR LINEAR LINEAR
LINEAR LINEAR LINEAR LINEAR LINEAR LINEAR LINEAR LINEAR LINEAR LINEAR LINEAR LINEAR
LINEAR LINEAR LINEAR LINEAR LINEAR LINEAR LINEAR LINEAR LINEAR LINEAR LINEAR LINEAR
LINEAR</Name_array>
        <technique_common>
          <accessor source="#Armature-Interpolations-array" count="96">
            <param type="name"/>
          </accessor>
        </technique_common>
      </source>
      <sampler id="Armature-Matrix-animation-transform">
        <input semantic="INPUT" source="#Armature-Matrix-animation-input"/>
        <input semantic="OUTPUT" source="#Armature-Matrix-animation-output-transform"/>
        <input semantic="INTERPOLATION" source="#Armature-Interpolations"/>
      </sampler>
      <channel source="#Armature-Matrix-animation-transform" target="Armature/matrix"/>
    </animation>
    <animation id="mixamorig_Hips-anim" name="mixamorig_Hips">
      <source id="mixamorig_Hips-Matrix-animation-input">
        <float_array id="mixamorig_Hips-Matrix-animation-input-array" count="96">

0.000000 0.033333 0.066667 0.100000 0.133333 0.166667 0.200000 0.233333 0.266667 0.300000 0.333333 0.366667 0.400000 0.433333 0.466667 0.500000
0.533333 0.566667 0.600000 0.633333 0.666667 0.700000 0.733333 0.766667 0.800000 0.833333 0.866667 0.900000 0.933333 0.966667 1.000000 1.033333
1.066667 1.100000 1.133333 1.166667 1.200000 1.233333 1.266667 1.300000 1.333333 1.366667 1.400000 1.433333 1.466667 1.500000 1.533333 1.566667
1.600000 1.633333 1.666667 1.700000 1.733333 1.766667 1.800000 1.833333 1.866667 1.900000 1.933333 1.966667 2.000000 2.033333 2.066667 2.100000
2.133333 2.166667 2.200000 2.233333 2.266667 2.300000 2.333333 2.366667 2.400000 2.433333 2.466667 2.500000 2.533333 2.566667 2.600000 2.633333
2.666667 2.700000 2.733333 2.766667 2.800000 2.833333 2.866667 2.900000 2.933333 2.966667 3.000000 3.033333 3.066667 3.100000 3.133333 3.166667</float_array>
        <technique_common>
          <accessor source="#mixamorig_Hips-Matrix-animation-input-array" count="96">
            <param name="TIME" type="float"/>
          </accessor>
        </technique_common>
      </source>
      <source id="mixamorig_Hips-Matrix-animation-output-transform">
        <float_array id="mixamorig_Hips-Matrix-animation-output-transform-array" count="1536">

0.637491 -0.125746 -0.760127 1.526772 0.038507 0.990559 -0.131571 87.993126 0.769495 0.054605 0.636314 -0.955230 0.000000 0.000000 0.000000 1.000000
0.640184 -0.123073 -0.758299 2.091569 0.035665 0.990781 -0.130696 88.220276 0.767393 0.056625 0.638671 -1.394020 0.000000 0.000000 0.000000 1.000000
0.631210 -0.122147 -0.765934 2.673023 0.036314 0.991093 -0.128128 88.445114 0.774762 0.053061 0.630023 -2.003826 0.000000 0.000000 0.000000 1.000000
0.586099 -0.124500 -0.800617 3.284383 0.033794 0.991020 -0.129370 88.691521 0.809534 0.048767 0.585044 -2.672666 0.000000 0.000000 0.000000 1.000000
0.506432 -0.129236 -0.852540 3.914094 0.028003 0.990648 -0.133538 88.962646 0.861825 0.043754 0.505315 -3.347435 0.000000 0.000000 0.000000 1.000000
0.398985 -0.135664 -0.906866 4.531260 0.019474 0.990025 -0.139537 89.256577 0.916751 0.038013 0.397647 -4.003018 0.000000 0.000000 0.000000 1.000000
0.274026 -0.143210 -0.951000 5.101451 0.008888 0.989186 -0.146399 89.562172 0.961681 0.031665 0.272335 -4.633822 0.000000 0.000000 0.000000 1.000000
0.145100 -0.151528 -0.977745 5.598475 -0.002863 0.988135 -0.153563 89.862938 0.989413 0.025082 0.142944 -5.225569 0.000000 0.000000 0.000000 1.000000
-0.004981 -0.167872 -0.985796 5.868235 -0.019668 0.985634 -0.167745 90.158081 0.999794 0.018553 -0.008211 -5.698940 0.000000 0.000000 0.000000 1.000000
-0.120365 -0.188951 -0.974582 5.836250 -0.036478 0.981898 -0.185864 90.460503 0.992059 0.013179 -0.125079 -6.115028 0.000000 0.000000 0.000000 1.000000
-0.166567 -0.221526 -0.960823 5.506661 -0.047686 0.975106 -0.216552 90.794594 0.984876 0.009747 -0.172984 -6.485232 0.000000 0.000000 0.000000 1.000000
-0.200273 -0.254781 -0.946032 4.825574 -0.063008 0.966946 -0.247075 91.110840 0.977712 0.010125 -0.209706 -6.635829 0.000000 0.000000 0.000000 1.000000
-0.219499 -0.286431 -0.932619 3.951052 -0.078688 0.958015 -0.275711 91.414658 0.972434 0.012868 -0.232822 -6.409846 0.000000 0.000000 0.000000 1.000000
-0.215463 -0.314287 -0.924554 3.113379 -0.090372 0.949146 -0.301587 91.695862 0.972321 0.018573 -0.232908 -5.951558 0.000000 0.000000 0.000000 1.000000
-0.199144 -0.348426 -0.915937 2.587827 -0.094205 0.937136 -0.336008 91.955559 0.975432 0.019372 -0.219449 -5.173858 0.000000 0.000000 0.000000 1.000000
-0.160737 -0.388414 -0.907358 2.442614 -0.098279 0.921041 -0.376861 92.191032 0.982092 0.028598 -0.186218 -4.346409 0.000000 0.000000 0.000000 1.000000
-0.089979 -0.427141 -0.899697 2.859202 -0.094183 0.902962 -0.419272 92.406914 0.991480 0.047011 -0.121478 -3.455641 0.000000 0.000000 0.000000 1.000000
0.010435 -0.457381 -0.889210 3.863770 -0.084202 0.885698 -0.456563 92.606010 0.996394 0.079637 -0.029270 -2.600526 0.000000 0.000000 0.000000 1.000000
0.136703 -0.477611 -0.867871 5.367336 -0.065913 0.869769 -0.489038 92.754257 0.988417 0.124057 0.087419 -1.667034 0.000000 0.000000 0.000000 1.000000
0.278569 -0.481672 -0.830898 7.143456 -0.033142 0.859807 -0.509542 92.902367 0.959844 0.169480 0.223552 -0.525380 0.000000 0.000000 0.000000 1.000000
0.419273 -0.471059 -0.776089 8.937586 0.014210 0.858155 -0.513193 93.012077 0.907749 0.204140 0.366496 1.223944 0.000000 0.000000 0.000000 1.000000
0.563375 -0.432385 -0.704026 10.571691 0.073482 0.874969 -0.478570 93.308083 0.822927 0.217881 0.524708 3.817628 0.000000 0.000000 0.000000 1.000000
0.696885 -0.380682 -0.607809 12.028545 0.137368 0.902656 -0.407851 93.278732 0.703904 0.200732 0.681341 7.082621 0.000000 0.000000 0.000000 1.000000
0.808083 -0.330256 -0.487783 13.334299 0.182700 0.927737 -0.325460 93.081917 0.560020 0.173880 0.810027 10.324980 0.000000 0.000000 0.000000 1.000000
0.896113 -0.270401 -0.351943 13.964486 0.197379 0.953045 -0.229668 92.590050 0.397520 0.136342 0.907407 13.102859 0.000000 0.000000 0.000000 1.000000
0.956959 -0.230811 -0.175943 14.067619 0.206771 0.967623 -0.144745 92.706902 0.203655 0.102135 0.973701 15.432328 0.000000 0.000000 0.000000 1.000000
0.979806 -0.197813 0.029153 13.399025 0.199523 0.976791 -0.077913 92.995445 -0.013065 0.082156 0.996534 17.375290 0.000000 0.000000 0.000000 1.000000
0.956576 -0.174727 0.233308 12.253035 0.181428 0.983376 -0.007403 93.816742 -0.228136 0.049410 0.972375 19.692308 0.000000 0.000000 0.000000 1.000000
0.892075 -0.177972 0.415364 11.500391 0.166285 0.983968 0.064473 94.937836 -0.420180 0.011554 0.907367 21.940517 0.000000 0.000000 0.000000 1.000000
0.760673 -0.203463 0.616425 11.135116 0.140546 0.978706 0.149605 95.741043 -0.633738 -0.027164 0.773071 24.042774 0.000000 0.000000 0.000000 1.000000
0.635503 -0.217155 0.740931 10.901328 0.095428 0.974367 0.203722 96.029625 -0.766178 -0.058760 0.639936 25.950815 0.000000 0.000000 0.000000 1.000000
0.443964 -0.229313 0.866205 10.954338 0.008585 0.967743 0.251793 95.854523 -0.896003 -0.104351 0.431612 28.770569 0.000000 0.000000 0.000000 1.000000
0.257063 -0.258810 0.931094 11.602889 -0.069228 0.956065 0.284864 95.066910 -0.963912 -0.137686 0.227852 32.417641 0.000000 0.000000 0.000000 1.000000
0.103571 -0.262893 0.959250 12.371478 -0.110380 0.955441 0.273767 93.127548 -0.988478 -0.134236 0.069938 37.219707 0.000000 0.000000 0.000000 1.000000
-0.045083 -0.242383 0.969133 12.707921 -0.117786 0.964642 0.235781 90.682564 -0.992015 -0.103520 -0.072038 42.963203 0.000000 0.000000 0.000000 1.000000
-0.188878 -0.204558 0.960459 13.755588 -0.097489 0.977138 0.188939 89.083008 -0.977149 -0.057948 -0.204502 49.241249 0.000000 0.000000 0.000000 1.000000
-0.330637 -0.137720 0.933655 14.825190 -0.080755 0.989795 0.117403 88.329140 -0.940297 -0.036580 -0.338385 55.790180 0.000000 0.000000 0.000000 1.000000
-0.455866 -0.098354 0.884598 15.704730 -0.106012 0.992801 0.055752 88.684006 -0.883713 -0.068363 -0.463010 61.446377 0.000000 0.000000 0.000000 1.000000
-0.553806 -0.069959 0.829701 16.142437 -0.132016 0.991237 -0.004538 89.515549 -0.822113 -0.112048 -0.558189 65.637268 0.000000 0.000000 0.000000 1.000000
-0.642651 -0.047696 0.764673 16.345444 -0.144972 0.987601 -0.060236 90.476166 -0.752319 -0.149567 -0.641597 68.604881 0.000000 0.000000 0.000000 1.000000
-0.699796 -0.026948 0.713834 16.275843 -0.152521 0.981881 -0.112455 91.177094 -0.697870 -0.187570 -0.691227 70.820045 0.000000 0.000000 0.000000 1.000000
-0.745779 -0.020256 0.665886 16.063450 -0.156496 0.976894 -0.145556 91.388596 -0.647552 -0.212760 -0.731717 72.309906 0.000000 0.000000 0.000000 1.000000
-0.784520 -0.025037 0.619598 15.603217 -0.154582 0.975537 -0.156307 91.356140 -0.600527 -0.218404 -0.769199 73.523972 0.000000 0.000000 0.000000 1.000000
-0.798803 -0.009740 0.601514 14.783752 -0.144114 0.973854 -0.175612 91.197815 -0.584076 -0.226966 -0.779321 74.443329 0.000000 0.000000 0.000000 1.000000
-0.792536 0.010972 0.609726 13.964415 -0.129303 0.974081 -0.185601 91.068390 -0.595959 -0.225935 -0.770575 75.185898 0.000000 0.000000 0.000000 1.000000
-0.777338 0.037593 0.627959 13.124803 -0.114187 0.973199 -0.199611 91.168762 -0.618633 -0.226869 -0.752213 75.597649 0.000000 0.000000 0.000000 1.000000
-0.747855 0.054627 0.661611 12.316056 -0.108677 0.973090 -0.203188 91.481979 -0.654907 -0.223858 -0.721793 75.658134 0.000000 0.000000 0.000000 1.000000
-0.702616 0.061220 0.708931 11.544334 -0.112726 0.974135 -0.195844 91.896820 -0.702583 -0.217518 -0.677541 75.306641 0.000000 0.000000 0.000000 1.000000
-0.642289 0.072181 0.763057 10.823091 -0.113633 0.975586 -0.187934 92.226601 -0.757993 -0.207417 -0.618406 74.564926 0.000000 0.000000 0.000000 1.000000
-0.572245 0.084388 0.815729 10.116463 -0.115141 0.976571 -0.181801 92.330475 -0.811960 -0.197958 -0.549121 73.581512 0.000000 0.000000 0.000000 1.000000
-0.492810 0.098822 0.864507 9.389915 -0.114470 0.977532 -0.176996 92.256691 -0.862575 -0.186186 -0.470425 72.296051 0.000000 0.000000 0.000000 1.000000
-0.401944 0.100810 0.910098 8.644506 -0.116393 0.980233 -0.159984 91.988609 -0.908237 -0.170234 -0.382265 70.325531 0.000000 0.000000 0.000000 1.000000
-0.313691 0.097256 0.944531 7.858224 -0.122924 0.982210 -0.141961 91.719589 -0.941535 -0.160638 -0.296156 67.672546 0.000000 0.000000 0.000000 1.000000
-0.237992 0.100192 0.966086 7.150085 -0.132105 0.982083 -0.134395 91.819016 -0.962241 -0.159610 -0.220492 64.304398 0.000000 0.000000 0.000000 1.000000
-0.168353 0.128198 0.977355 6.484522 -0.141670 0.978066 -0.152695 92.449699 -0.975493 -0.164168 -0.146498 60.156586 0.000000 0.000000 0.000000 1.000000
-0.107836 0.161420 0.980976 5.708649 -0.155689 0.971814 -0.177027 93.312248 -0.981902 -0.171817 -0.079665 55.582912 0.000000 0.000000 0.000000 1.000000
-0.044810 0.186833 0.981369 5.095152 -0.163578 0.967725 -0.191704 94.107620 -0.985512 -0.169120 -0.012803 50.526318 0.000000 0.000000 0.000000 1.000000
0.076363 0.193194 0.978184 5.025902 -0.166762 0.969705 -0.178500 94.917625 -0.983036 -0.149494 0.106267 44.654427 0.000000 0.000000 0.000000 1.000000
0.243592 0.186759 0.951727 5.471750 -0.163970 0.975090 -0.149376 95.632545 -0.955917 -0.119667 0.268147 38.785110 0.000000 0.000000 0.000000 1.000000
0.415900 0.161100 0.895027 6.456883 -0.155367 0.982302 -0.104614 96.236656 -0.896040 -0.095549 0.433569 33.552181 0.000000 0.000000 0.000000 1.000000
0.579697 0.135871 0.803424 7.650275 -0.141293 0.987824 -0.065108 96.614380 -0.802488 -0.075775 0.591837 28.885530 0.000000 0.000000 0.000000 1.000000
0.718166 0.118818 0.685653 8.705822 -0.130163 0.990861 -0.035373 96.563393 -0.683590 -0.063843 0.727069 26.365044 0.000000 0.000000 0.000000 1.000000
0.825892 0.114378 0.552105 9.481657 -0.122620 0.992207 -0.022126 96.431107 -0.550333 -0.049426 0.833481 24.436588 0.000000 0.000000 0.000000 1.000000
0.908236 0.109895 0.403771 9.988952 -0.117842 0.993019 -0.005199 96.097694 -0.401523 -0.042859 0.914845 23.096403 0.000000 0.000000 0.000000 1.000000
0.961883 0.104477 0.252716 10.058399 -0.110420 0.993841 0.009407 95.698112 -0.250176 -0.036953 0.967495 22.138247 0.000000 0.000000 0.000000 1.000000
0.989301 0.093194 0.112239 9.699233 -0.096549 0.995019 0.024822 95.513115 -0.109367 -0.035393 0.993371 21.527632 0.000000 0.000000 0.000000 1.000000
0.995586 0.088764 -0.030502 9.007472 -0.087634 0.995481 0.036582 95.206696 0.033611 -0.033748 0.998865 20.925152 0.000000 0.000000 0.000000 1.000000
0.983426 0.089639 -0.157600 7.804875 -0.084631 0.995679 0.038222 94.802231 0.160345 -0.024250 0.986763 19.977354 0.000000 0.000000 0.000000 1.000000
0.961844 0.085982 -0.259738 6.306005 -0.075916 0.995931 0.048561 94.531876 0.262857 -0.026990 0.964457 18.984161 0.000000 0.000000 0.000000 1.000000
0.933711 0.082690 -0.348348 4.475736 -0.066486 0.996086 0.058237 94.025314 0.351800 -0.031216 0.935555 17.587872 0.000000 0.000000 0.000000 1.000000
0.902069 0.071410 -0.425643 2.471946 -0.054488 0.997169 0.051817 93.334961 0.428139 -0.023550 0.903406 15.754066 0.000000 0.000000 0.000000 1.000000
0.870927 0.054981 -0.488328 0.440298 -0.036783 0.998227 0.046788 92.912048 0.490035 -0.022787 0.871405 13.716866 0.000000 0.000000 0.000000 1.000000
0.838857 0.039426 -0.542922 -1.291614 -0.020514 0.998955 0.040846 92.530022 0.543965 -0.023126 0.838789 11.212851 0.000000 0.000000 0.000000 1.000000
0.803918 0.024000 -0.594255 -2.312939 -0.008301 0.999541 0.029139 92.156952 0.594682 -0.018492 0.803749 9.209311 0.000000 0.000000 0.000000 1.000000
0.769498 0.007430 -0.638605 -3.050114 0.008102 0.999738 0.021395 91.678581 0.638597 -0.021637 0.769237 7.912914 0.000000 0.000000 0.000000 1.000000
0.742732 -0.009624 -0.669519 -3.891328 0.029748 0.999384 0.018635 91.260452 0.668927 -0.033758 0.742561 6.797808 0.000000 0.000000 0.000000 1.000000
0.727893 -0.020087 -0.685397 -4.122684 0.039731 0.999127 0.012913 90.880798 0.684539 -0.036631 0.728055 5.969897 0.000000 0.000000 0.000000 1.000000
0.714736 -0.029440 -0.698774 -4.245722 0.047653 0.998842 0.006658 90.522507 0.697769 -0.038057 0.715312 5.338407 0.000000 0.000000 0.000000 1.000000
0.703239 -0.037882 -0.709943 -4.272035 0.053773 0.998553 -0.000017 90.168106 0.708917 -0.038164 0.704259 4.835080 0.000000 0.000000 0.000000 1.000000
0.693352 -0.045502 -0.719161 -4.208610 0.058235 0.998278 -0.007018 89.819595 0.718242 -0.037015 0.694808 4.406807 0.000000 0.000000 0.000000 1.000000
0.684993 -0.052403 -0.726663 -4.065445 0.061209 0.998023 -0.014272 89.481056 0.725974 -0.034702 0.686846 4.000758 0.000000 0.000000 0.000000 1.000000
0.678053 -0.058693 -0.732666 -3.855949 0.062894 0.997784 -0.021725 89.158707 0.732317 -0.031350 0.680242 3.566148 0.000000 0.000000 0.000000 1.000000
0.672392 -0.064507 -0.737379 -3.594926 0.063530 0.997549 -0.029337 88.869476 0.737464 -0.027120 0.674841 3.057480 0.000000 0.000000 0.000000 1.000000
0.667862 -0.069875 -0.740997 -3.282640 0.063212 0.997311 -0.037072 88.601105 0.741596 -0.022081 0.670484 2.585439 0.000000 0.000000 0.000000 1.000000
0.664307 -0.074850 -0.743703 -2.926160 0.062075 0.997061 -0.044901 88.350845 0.744878 -0.016337 0.667001 2.168046 0.000000 0.000000 0.000000 1.000000
0.661555 -0.079506 -0.745670 -2.533704 0.060277 0.996784 -0.052804 88.121231 0.747470 -0.010014 0.664220 1.797939 0.000000 0.000000 0.000000 1.000000
0.659429 -0.083917 -0.747069 -2.113627 0.057972 0.996467 -0.060760 87.914703 0.749529 -0.003243 0.661964 1.467675 0.000000 0.000000 0.000000 1.000000
0.657747 -0.088156 -0.748062 -1.674287 0.055315 0.996099 -0.068750 87.733841 0.751205 0.003841 0.660058 1.169813 0.000000 0.000000 0.000000 1.000000
0.656325 -0.092301 -0.748811 -1.256261 0.052451 0.995669 -0.076756 87.580864 0.752653 0.011101 0.658324 0.897165 0.000000 0.000000 0.000000 1.000000
0.654973 -0.096431 -0.749474 -0.846651 0.049529 0.995170 -0.084759 87.458435 0.754027 0.018395 0.656586 0.641964 0.000000 0.000000 0.000000 1.000000
0.653503 -0.100630 -0.750205 -0.443807 0.046690 0.994595 -0.092740 87.369125 0.755483 0.025579 0.654669 0.396568 0.000000 0.000000 0.000000 1.000000
0.651720 -0.104983 -0.751159 -0.046043 0.044073 0.993943 -0.100676 87.327164 0.757178 0.032507 0.652399 0.153298 0.000000 0.000000 0.000000 1.000000
0.649428 -0.109582 -0.752486 0.348231 0.041817 0.993211 -0.108548 87.392349 0.759272 0.039028 0.649602 -0.095893 0.000000 0.000000 0.000000 1.000000
0.646430 -0.114515 -0.754331 0.740644 0.040052 0.992402 -0.116334 87.545929 0.761921 0.044989 0.646105 -0.358655 0.000000 0.000000 0.000000 1.000000
0.642520 -0.119874 -0.756834 1.132924 0.038908 0.991517 -0.124014 87.756668 0.765280 0.050235 0.641734 -0.642534 0.000000 0.000000 0.000000 1.000000
0.637491 -0.125746 -0.760127 1.526771 0.038507 0.990559 -0.131571 87.993126 0.769495 0.054605 0.636314 -0.955234 0.000000 0.000000 0.000000 1.000000</float_array>
        <technique_common>
          <accessor source="#mixamorig_Hips-Matrix-animation-output-transform-array" count="96" stride="16">
            <param type="float4x4"/>
          </accessor>
        </technique_common>
      </source>
      <source id="mixamorig_Hips-Interpolations">
        <Name_array id="mixamorig_Hips-Interpolations-array" count="96">
 LINEAR LINEAR LINEAR LINEAR LINEAR LINEAR LINEAR LINEAR LINEAR LINEAR LINEAR
LINEAR LINEAR LINEAR LINEAR LINEAR LINEAR LINEAR LINEAR LINEAR LINEAR LINEAR LINEAR
LINEAR LINEAR LINEAR LINEAR LINEAR LINEAR LINEAR LINEAR LINEAR LINEAR LINEAR LINEAR
LINEAR LINEAR LINEAR LINEAR LINEAR LINEAR LINEAR LINEAR LINEAR LINEAR LINEAR LINEAR
LINEAR LINEAR LINEAR LINEAR LINEAR LINEAR LINEAR LINEAR LINEAR LINEAR LINEAR LINEAR
LINEAR LINEAR LINEAR LINEAR LINEAR LINEAR LINEAR LINEAR LINEAR LINEAR LINEAR LINEAR
LINEAR LINEAR LINEAR LINEAR LINEAR LINEAR LINEAR LINEAR LINEAR LINEAR LINEAR LINEAR
LINEAR LINEAR LINEAR LINEAR LINEAR LINEAR LINEAR LINEAR LINEAR LINEAR LINEAR LINEAR
LINEAR</Name_array>
        <technique_common>
          <accessor source="#mixamorig_Hips-Interpolations-array" count="96">
            <param type="name"/>
          </accessor>
        </technique_common>
      </source>
      <sampler id="mixamorig_Hips-Matrix-animation-transform">
        <input semantic="INPUT" source="#mixamorig_Hips-Matrix-animation-input"/>
        <input semantic="OUTPUT" source="#mixamorig_Hips-Matrix-animation-output-transform"/>
        <input semantic="INTERPOLATION" source="#mixamorig_Hips-Interpolations"/>
      </sampler>
      <channel source="#mixamorig_Hips-Matrix-animation-transform" target="mixamorig_Hips/matrix"/>
    </animation>
    <animation id="mixamorig_Spine-anim" name="mixamorig_Spine">
      <source id="mixamorig_Spine-Matrix-animation-input">
        <float_array id="mixamorig_Spine-Matrix-animation-input-array" count="96">

0.000000 0.033333 0.066667 0.100000 0.133333 0.166667 0.200000 0.233333 0.266667 0.300000 0.333333 0.366667 0.400000 0.433333 0.466667 0.500000
0.533333 0.566667 0.600000 0.633333 0.666667 0.700000 0.733333 0.766667 0.800000 0.833333 0.866667 0.900000 0.933333 0.966667 1.000000 1.033333
1.066667 1.100000 1.133333 1.166667 1.200000 1.233333 1.266667 1.300000 1.333333 1.366667 1.400000 1.433333 1.466667 1.500000 1.533333 1.566667
1.600000 1.633333 1.666667 1.700000 1.733333 1.766667 1.800000 1.833333 1.866667 1.900000 1.933333 1.966667 2.000000 2.033333 2.066667 2.100000
2.133333 2.166667 2.200000 2.233333 2.266667 2.300000 2.333333 2.366667 2.400000 2.433333 2.466667 2.500000 2.533333 2.566667 2.600000 2.633333
2.666667 2.700000 2.733333 2.766667 2.800000 2.833333 2.866667 2.900000 2.933333 2.966667 3.000000 3.033333 3.066667 3.100000 3.133333 3.166667</float_array>
        <technique_common>
          <accessor source="#mixamorig_Spine-Matrix-animation-input-array" count="96">
            <param name="TIME" type="float"/>
          </accessor>
        </technique_common>
      </source>
      <source id="mixamorig_Spine-Matrix-animation-output-transform">
        <float_array id="mixamorig_Spine-Matrix-animation-output-transform-array" count="1536">

0.998203 0.034543 0.048975 0.000000 -0.023586 0.977667 -0.208834 12.246100 -0.055095 0.207303 0.976724 0.234600 0.000000 0.000000 0.000000 1.000000
0.998336 0.031358 0.048400 -0.000000 -0.020773 0.978448 -0.205448 12.246100 -0.053800 0.204100 0.977471 0.234600 0.000000 0.000000 0.000000 1.000000
0.998410 0.035107 0.044113 0.000000 -0.025150 0.977629 -0.208829 12.246100 -0.050457 0.207388 0.976957 0.234600 0.000000 0.000000 0.000000 1.000000
0.998665 0.034458 0.038488 -0.000000 -0.025676 0.977578 -0.209004 12.246100 -0.044827 0.207736 0.977157 0.234600 0.000000 0.000000 0.000000 1.000000
0.998967 0.033246 0.030981 0.000000 -0.026031 0.977449 -0.209560 12.246100 -0.037249 0.208537 0.977305 0.234600 0.000000 0.000000 0.000000 1.000000
0.999266 0.031578 0.021669 -0.000000 -0.026312 0.977198 -0.210693 12.246100 -0.027829 0.209968 0.977312 0.234600 0.000000 0.000000 0.000000 1.000000
0.999544 0.028170 0.010832 -0.000000 -0.025225 0.976816 -0.212587 12.246100 -0.016570 0.212217 0.977082 0.234600 0.000000 0.000000 0.000000 1.000000
0.999728 0.023286 -0.001573 0.000000 -0.023074 0.975989 -0.216596 12.246100 -0.003509 0.216573 0.976260 0.234600 0.000000 0.000000 0.000000 1.000000
0.999664 0.017325 -0.019261 0.000000 -0.021192 0.974509 -0.223346 12.246100 0.014901 0.223679 0.974549 0.234600 0.000000 0.000000 0.000000 1.000000
0.999049 0.012301 -0.041824 -0.000000 -0.021715 0.972302 -0.232717 12.246100 0.037803 0.233404 0.971645 0.234600 0.000000 0.000000 0.000000 1.000000
0.998062 0.007192 -0.061805 0.000000 -0.022082 0.969581 -0.243773 12.246100 0.058172 0.244666 0.967861 0.234600 0.000000 0.000000 0.000000 1.000000
0.997121 0.002428 -0.075793 0.000000 -0.021701 0.966824 -0.254519 12.246100 0.072660 0.255431 0.964093 0.234600 0.000000 0.000000 0.000000 1.000000
0.996313 0.000245 -0.085793 0.000000 -0.022786 0.964837 -0.261860 12.246100 0.082712 0.262849 0.961285 0.234600 0.000000 0.000000 0.000000 1.000000
0.995598 -0.003126 -0.093677 0.000000 -0.022352 0.962688 -0.269688 12.246100 0.091025 0.270594 0.958380 0.234600 0.000000 0.000000 0.000000 1.000000
0.995018 -0.007878 -0.099387 -0.000000 -0.019758 0.961521 -0.274022 12.246100 0.097722 0.274620 0.956574 0.234600 0.000000 0.000000 0.000000 1.000000
0.994470 -0.017751 -0.103512 -0.000000 -0.011726 0.960684 -0.277397 12.246100 0.104367 0.277077 0.955163 0.234600 0.000000 0.000000 0.000000 1.000000
0.993623 -0.031398 -0.108291 -0.000000 -0.000230 0.959877 -0.280422 12.246100 0.112751 0.278659 0.953749 0.234600 0.000000 0.000000 0.000000 1.000000
0.992608 -0.049614 -0.110759 0.000000 0.016343 0.958953 -0.283095 12.246100 0.120258 0.279192 0.952675 0.234600 0.000000 0.000000 0.000000 1.000000
0.991459 -0.071591 -0.109017 0.000000 0.038107 0.958415 -0.282823 12.246100 0.124731 0.276253 0.952957 0.234600 0.000000 0.000000 0.000000 1.000000
0.990353 -0.092139 -0.103497 -0.000000 0.060028 0.958451 -0.278868 12.246100 0.124892 0.269965 0.954736 0.234600 0.000000 0.000000 0.000000 1.000000
0.989587 -0.109769 -0.093106 -0.000000 0.081032 0.959466 -0.269923 12.246100 0.118962 0.259567 0.958370 0.234600 0.000000 0.000000 0.000000 1.000000
0.988878 -0.125622 -0.079615 0.000000 0.100749 0.959593 -0.262736 12.246100 0.109404 0.251793 0.961577 0.234600 0.000000 0.000000 0.000000 1.000000
0.988030 -0.139549 -0.065742 0.000000 0.118757 0.960098 -0.253198 12.246100 0.098453 0.242360 0.965178 0.234600 0.000000 0.000000 0.000000 1.000000
