<?xml version="1.0" encoding="utf-8"?>
<COLLADA xmlns="http://www.collada.org/2005/11/COLLADASchema" version="1.4.1">
  <asset>
    <contributor>
      <author>Mixamo</author>
      <authoring_tool>COLLADA Mixamo exporter</authoring_tool>
      <comments/>
    </contributor>
    <created>2024-04-05T10:40:27Z</created>
    <modified>2024-04-05T10:40:27Z</modified>
    <revision/>
    <title/>
    <unit meter="0.010000"/>
    <up_axis>Y_UP</up_axis>
  </asset>
  <library_animations>
    <animation id="Armature-anim" name="Armature">
      <source id="Armature-Matrix-animation-input">
        <float_array id="Armature-Matrix-animation-input-array" count="35">

0.000000 0.033333 0.066667 0.100000 0.133333 0.166667 0.200000 0.233333 0.266667 0.300000 0.333333 0.366667 0.400000 0.433333 0.466667 0.500000
0.533333 0.566667 0.600000 0.633333 0.666667 0.700000 0.733333 0.766667 0.800000 0.833333 0.866667 0.900000 0.933333 0.966667 1.000000 1.033333
1.066667 1.100000 1.133333</float_array>
        <technique_common>
          <accessor source="#Armature-Matrix-animation-input-array" count="35">
            <param name="TIME" type="float"/>
          </accessor>
        </technique_common>
      </source>
      <source id="Armature-Matrix-animation-output-transform">
        <float_array id="Armature-Matrix-animation-output-transform-array" count="560">

1.000000 0.000000 0.000000 0.000000 0.000000 1.000000 0.000000 0.000000 0.000000 0.000000 1.000000 0.000000 0.000000 0.000000 0.000000 1.000000
1.000000 0.000000 0.000000 0.000000 0.000000 1.000000 0.000000 0.000000 0.000000 0.000000 1.000000 0.000000 0.000000 0.000000 0.000000 1.000000
1.000000 0.000000 0.000000 0.000000 0.000000 1.000000 0.000000 0.000000 0.000000 0.000000 1.000000 0.000000 0.000000 0.000000 0.000000 1.000000
1.000000 0.000000 0.000000 0.000000 0.000000 1.000000 0.000000 0.000000 0.000000 0.000000 1.000000 0.000000 0.000000 0.000000 0.000000 1.000000
1.000000 0.000000 0.000000 0.000000 0.000000 1.000000 0.000000 0.000000 0.000000 0.000000 1.000000 0.000000 0.000000 0.000000 0.000000 1.000000
1.000000 0.000000 0.000000 0.000000 0.000000 1.000000 0.000000 0.000000 0.000000 0.000000 1.000000 0.000000 0.000000 0.000000 0.000000 1.000000
1.000000 0.000000 0.000000 0.000000 0.000000 1.000000 0.000000 0.000000 0.000000 0.000000 1.000000 0.000000 0.000000 0.000000 0.000000 1.000000
1.000000 0.000000 0.000000 0.000000 0.000000 1.000000 0.000000 0.000000 0.000000 0.000000 1.000000 0.000000 0.000000 0.000000 0.000000 1.000000
1.000000 0.000000 0.000000 0.000000 0.000000 1.000000 0.000000 0.000000 0.000000 0.000000 1.000000 0.000000 0.000000 0.000000 0.000000 1.000000
1.000000 0.000000 0.000000 0.000000 0.000000 1.000000 0.000000 0.000000 0.000000 0.000000 1.000000 0.000000 0.000000 0.000000 0.000000 1.000000
1.000000 0.000000 0.000000 0.000000 0.000000 1.000000 0.000000 0.000000 0.000000 0.000000 1.000000 0.000000 0.000000 0.000000 0.000000 1.000000
1.000000 0.000000 0.000000 0.000000 0.000000 1.000000 0.000000 0.000000 0.000000 0.000000 1.000000 0.000000 0.000000 0.000000 0.000000 1.000000
1.000000 0.000000 0.000000 0.000000 0.000000 1.000000 0.000000 0.000000 0.000000 0.000000 1.000000 0.000000 0.000000 0.000000 0.000000 1.000000
1.000000 0.000000 0.000000 0.000000 0.000000 1.000000 0.000000 0.000000 0.000000 0.000000 1.000000 0.000000 0.000000 0.000000 0.000000 1.000000
1.000000 0.000000 0.000000 0.000000 0.000000 1.000000 0.000000 0.000000 0.000000 0.000000 1.000000 0.000000 0.000000 0.000000 0.000000 1.000000
1.000000 0.000000 0.000000 0.000000 0.000000 1.000000 0.000000 0.000000 0.000000 0.000000 1.000000 0.000000 0.000000 0.000000 0.000000 1.000000
1.000000 0.000000 0.000000 0.000000 0.000000 1.000000 0.000000 0.000000 0.000000 0.000000 1.000000 0.000000 0.000000 0.000000 0.000000 1.000000
1.000000 0.000000 0.000000 0.000000 0.000000 1.000000 0.000000 0.000000 0.000000 0.000000 1.000000 0.000000 0.000000 0.000000 0.000000 1.000000
1.000000 0.000000 0.000000 0.000000 0.000000 1.000000 0.000000 0.000000 0.000000 0.000000 1.000000 0.000000 0.000000 0.000000 0.000000 1.000000
1.000000 0.000000 0.000000 0.000000 0.000000 1.000000 0.000000 0.000000 0.000000 0.000000 1.000000 0.000000 0.000000 0.000000 0.000000 1.000000
1.000000 0.000000 0.000000 0.000000 0.000000 1.000000 0.000000 0.000000 0.000000 0.000000 1.000000 0.000000 0.000000 0.000000 0.000000 1.000000
1.000000 0.000000 0.000000 0.000000 0.000000 1.000000 0.000000 0.000000 0.000000 0.000000 1.000000 0.000000 0.000000 0.000000 0.000000 1.000000
1.000000 0.000000 0.000000 0.000000 0.000000 1.000000 0.000000 0.000000 0.000000 0.000000 1.000000 0.000000 0.000000 0.000000 0.000000 1.000000
1.000000 0.000000 0.000000 0.000000 0.000000 1.000000 0.000000 0.000000 0.000000 0.000000 1.000000 0.000000 0.000000 0.000000 0.000000 1.000000
1.000000 0.000000 0.000000 0.000000 0.000000 1.000000 0.000000 0.000000 0.000000 0.000000 1.000000 0.000000 0.000000 0.000000 0.000000 1.000000
1.000000 0.000000 0.000000 0.000000 0.000000 1.000000 0.000000 0.000000 0.000000 0.000000 1.000000 0.000000 0.000000 0.000000 0.000000 1.000000
1.000000 0.000000 0.000000 0.000000 0.000000 1.000000 0.000000 0.000000 0.000000 0.000000 1.000000 0.000000 0.000000 0.000000 0.000000 1.000000
1.000000 0.000000 0.000000 0.000000 0.000000 1.000000 0.000000 0.000000 0.000000 0.000000 1.000000 0.000000 0.000000 0.000000 0.000000 1.000000
1.000000 0.000000 0.000000 0.000000 0.000000 1.000000 0.000000 0.000000 0.000000 0.000000 1.000000 0.000000 0.000000 0.000000 0.000000 1.000000
1.000000 0.000000 0.000000 0.000000 0.000000 1.000000 0.000000 0.000000 0.000000 0.000000 1.000000 0.000000 0.000000 0.000000 0.000000 1.000000
1.000000 0.000000 0.000000 0.000000 0.000000 1.000000 0.000000 0.000000 0.000000 0.000000 1.000000 0.000000 0.000000 0.000000 0.000000 1.000000
1.000000 0.000000 0.000000 0.000000 0.000000 1.000000 0.000000 0.000000 0.000000 0.000000 1.000000 0.000000 0.000000 0.000000 0.000000 1.000000
1.000000 0.000000 0.000000 0.000000 0.000000 1.000000 0.000000 0.000000 0.000000 0.000000 1.000000 0.000000 0.000000 0.000000 0.000000 1.000000
1.000000 0.000000 0.000000 0.000000 0.000000 1.000000 0.000000 0.000000 0.000000 0.000000 1.000000 0.000000 0.000000 0.000000 0.000000 1.000000
1.000000 0.000000 0.000000 0.000000 0.000000 1.000000 0.000000 0.000000 0.000000 0.000000 1.000000 0.000000 0.000000 0.000000 0.000000 1.000000</float_array>
        <technique_common>
          <accessor source="#Armature-Matrix-animation-output-transform-array" count="35" stride="16">
            <param type="float4x4"/>
          </accessor>
        </technique_common>
      </source>
      <source id="Armature-Interpolations">
        <Name_array id="Armature-Interpolations-array" count="35">
 LINEAR LINEAR LINEAR LINEAR LINEAR LINEAR LINEAR LINEAR LINEAR LINEAR LINEAR
LINEAR LINEAR LINEAR LINEAR LINEAR LINEAR LINEAR LINEAR LINEAR LINEAR LINEAR LINEAR
LINEAR LINEAR LINEAR LINEAR LINEAR LINEAR LINEAR LINEAR LINEAR LINEAR LINEAR LINEAR</Name_array>
        <technique_common>
          <accessor source="#Armature-Interpolations-array" count="35">
            <param type="name"/>
          </accessor>
        </technique_common>
      </source>
      <sampler id="Armature-Matrix-animation-transform">
        <input semantic="INPUT" source="#Armature-Matrix-animation-input"/>
        <input semantic="OUTPUT" source="#Armature-Matrix-animation-output-transform"/>
        <input semantic="INTERPOLATION" source="#Armature-Interpolations"/>
      </sampler>
      <channel source="#Armature-Matrix-animation-transform" target="Armature/matrix"/>
    </animation>
    <animation id="mixamorig_Hips-anim" name="mixamorig_Hips">
      <source id="mixamorig_Hips-Matrix-animation-input">
        <float_array id="mixamorig_Hips-Matrix-animation-input-array" count="35">

0.000000 0.033333 0.066667 0.100000 0.133333 0.166667 0.200000 0.233333 0.266667 0.300000 0.333333 0.366667 0.400000 0.433333 0.466667 0.500000
0.533333 0.566667 0.600000 0.633333 0.666667 0.700000 0.733333 0.766667 0.800000 0.833333 0.866667 0.900000 0.933333 0.966667 1.000000 1.033333
1.066667 1.100000 1.133333</float_array>
        <technique_common>
          <accessor source="#mixamorig_Hips-Matrix-animation-input-array" count="35">
            <param name="TIME" type="float"/>
          </accessor>
        </technique_common>
      </source>
      <source id="mixamorig_Hips-Matrix-animation-output-transform">
        <float_array id="mixamorig_Hips-Matrix-animation-output-transform-array" count="560">

0.809805 0.039651 0.585358 -2.187925 -0.004971 0.998142 -0.060735 99.018532 -0.586679 0.046273 0.808497 -3.041810 0.000000 0.000000 0.000000 1.000000
0.820312 0.034388 0.570881 -2.610624 0.001648 0.998044 -0.062487 98.525948 -0.571913 0.052199 0.818652 -3.309659 0.000000 0.000000 0.000000 1.000000
0.830587 0.029056 0.556131 -3.119768 0.008252 0.997886 -0.064459 98.004128 -0.556828 0.058128 0.828591 -3.553301 0.000000 0.000000 0.000000 1.000000
0.840539 0.023443 0.541244 -3.516247 0.014972 0.997677 -0.066463 97.308418 -0.541545 0.063968 0.838235 -3.832621 0.000000 0.000000 0.000000 1.000000
0.850442 0.018323 0.525750 -3.624362 0.020971 0.997418 -0.068684 96.435722 -0.525651 0.069438 0.847862 -4.208039 0.000000 0.000000 0.000000 1.000000
0.859608 0.011746 0.510820 -3.439009 0.027752 0.997187 -0.069632 95.473419 -0.510201 0.074032 0.856863 -4.719251 0.000000 0.000000 0.000000 1.000000
0.865542 -0.002148 0.500832 -2.318744 0.039980 0.997096 -0.064816 94.456848 -0.499238 0.076124 0.863114 -5.630819 0.000000 0.000000 0.000000 1.000000
0.866030 -0.023562 0.499437 -0.661200 0.060574 0.996476 -0.058025 93.742798 -0.496310 0.080504 0.864405 -6.790606 0.000000 0.000000 0.000000 1.000000
0.861293 -0.047212 0.505910 1.230407 0.085946 0.994864 -0.053478 93.287773 -0.500786 0.089541 0.860927 -8.129402 0.000000 0.000000 0.000000 1.000000
0.854277 -0.066334 0.515568 2.693791 0.107598 0.992909 -0.050536 93.238426 -0.508560 0.098646 0.855357 -9.421978 0.000000 0.000000 0.000000 1.000000
0.848370 -0.079435 0.523410 3.461970 0.120725 0.991657 -0.045180 93.596245 -0.515454 0.101519 0.850882 -10.516547 0.000000 0.000000 0.000000 1.000000
0.840374 -0.088157 0.534789 4.059129 0.128386 0.990981 -0.038390 94.222168 -0.526581 0.100922 0.844113 -11.510649 0.000000 0.000000 0.000000 1.000000
0.825245 -0.087317 0.557985 4.036166 0.124679 0.991767 -0.029199 94.979004 -0.550841 0.093665 0.829337 -12.150934 0.000000 0.000000 0.000000 1.000000
0.808921 -0.079142 0.582566 3.772527 0.114519 0.993129 -0.024099 95.779762 -0.576656 0.086209 0.812426 -12.596709 0.000000 0.000000 0.000000 1.000000
0.791051 -0.063992 0.608394 3.198678 0.098480 0.994864 -0.023405 96.488792 -0.603771 0.078429 0.793290 -12.821100 0.000000 0.000000 0.000000 1.000000
0.780104 -0.051992 0.623485 2.361025 0.087533 0.995810 -0.026482 97.007584 -0.619496 0.075234 0.781386 -12.962006 0.000000 0.000000 0.000000 1.000000
0.773142 -0.046485 0.632528 1.549133 0.081849 0.996284 -0.026826 97.186340 -0.628930 0.072512 0.774073 -13.073351 0.000000 0.000000 0.000000 1.000000
0.760132 -0.046140 0.648128 0.406713 0.083484 0.996143 -0.026996 96.799477 -0.644383 0.074629 0.761053 -12.967560 0.000000 0.000000 0.000000 1.000000
0.744041 -0.047876 0.666416 -0.619198 0.088122 0.995748 -0.026851 95.972725 -0.662297 0.078704 0.745096 -12.753183 0.000000 0.000000 0.000000 1.000000
0.726396 -0.050034 0.685453 -1.557463 0.094081 0.995197 -0.027057 94.981102 -0.680807 0.084143 0.727614 -12.461901 0.000000 0.000000 0.000000 1.000000
0.708625 -0.050404 0.703782 -2.462158 0.099280 0.994645 -0.028728 93.995911 -0.698565 0.090229 0.709835 -12.088374 0.000000 0.000000 0.000000 1.000000
0.691142 -0.047491 0.721157 -3.174985 0.102985 0.994128 -0.033232 92.864410 -0.715344 0.097237 0.691974 -11.496536 0.000000 0.000000 0.000000 1.000000
0.675550 -0.037945 0.736337 -3.221812 0.103797 0.993624 -0.044025 91.947861 -0.729971 0.106171 0.675181 -10.757130 0.000000 0.000000 0.000000 1.000000
0.660349 -0.023482 0.750591 -2.699689 0.104571 0.992648 -0.060944 91.380608 -0.743642 0.118735 0.657950 -10.043442 0.000000 0.000000 0.000000 1.000000
0.652666 -0.005874 0.757623 -1.783829 0.096834 0.992416 -0.075725 91.204933 -0.751432 0.122786 0.648285 -9.314886 0.000000 0.000000 0.000000 1.000000
0.653768 0.014021 0.756565 -0.629494 0.078818 0.993128 -0.086514 91.446098 -0.752579 0.116191 0.648170 -8.588217 0.000000 0.000000 0.000000 1.000000
0.662113 0.026529 0.748935 -0.059455 0.059183 0.994401 -0.087546 91.978363 -0.747064 0.102289 0.656835 -7.894499 0.000000 0.000000 0.000000 1.000000
0.675197 0.030973 0.736987 -0.308576 0.044109 0.995635 -0.082254 92.350754 -0.736317 0.088045 0.670884 -7.371650 0.000000 0.000000 0.000000 1.000000
0.692150 0.025143 0.721315 -0.260674 0.041897 0.996308 -0.074931 93.519341 -0.720536 0.082085 0.688542 -6.736629 0.000000 0.000000 0.000000 1.000000
0.711070 0.013445 0.702993 0.013631 0.047794 0.996580 -0.067404 95.233124 -0.701495 0.081528 0.707995 -5.970078 0.000000 0.000000 0.000000 1.000000
0.729937 0.001177 0.683513 0.127080 0.055045 0.996649 -0.060499 96.912773 -0.681294 0.081785 0.727426 -5.217999 0.000000 0.000000 0.000000 1.000000
0.749732 -0.001395 0.661740 -0.177933 0.052739 0.996943 -0.057650 98.006378 -0.659637 0.078121 0.747514 -4.581387 0.000000 0.000000 0.000000 1.000000
0.770527 0.009181 0.637341 -0.786568 0.036598 0.997610 -0.058616 98.495918 -0.636355 0.068490 0.768350 -4.047469 0.000000 0.000000 0.000000 1.000000
0.790797 0.024017 0.611607 -1.481023 0.016140 0.998064 -0.060060 98.781090 -0.611866 0.057367 0.788878 -3.542635 0.000000 0.000000 0.000000 1.000000
0.809805 0.039651 0.585358 -2.187917 -0.004972 0.998142 -0.060735 99.018555 -0.586679 0.046273 0.808497 -3.040862 0.000000 0.000000 0.000000 1.000000</float_array>
        <technique_common>
          <accessor source="#mixamorig_Hips-Matrix-animation-output-transform-array" count="35" stride="16">
            <param type="float4x4"/>
          </accessor>
        </technique_common>
      </source>
      <source id="mixamorig_Hips-Interpolations">
        <Name_array id="mixamorig_Hips-Interpolations-array" count="35">
 LINEAR LINEAR LINEAR LINEAR LINEAR LINEAR LINEAR LINEAR LINEAR LINEAR LINEAR
LINEAR LINEAR LINEAR LINEAR LINEAR LINEAR LINEAR LINEAR LINEAR LINEAR LINEAR LINEAR
LINEAR LINEAR LINEAR LINEAR LINEAR LINEAR LINEAR LINEAR LINEAR LINEAR LINEAR LINEAR</Name_array>
        <technique_common>
          <accessor source="#mixamorig_Hips-Interpolations-array" count="35">
            <param type="name"/>
          </accessor>
        </technique_common>
      </source>
      <sampler id="mixamorig_Hips-Matrix-animation-transform">
        <input semantic="INPUT" source="#mixamorig_Hips-Matrix-animation-input"/>
        <input semantic="OUTPUT" source="#mixamorig_Hips-Matrix-animation-output-transform"/>
        <input semantic="INTERPOLATION" source="#mixamorig_Hips-Interpolations"/>
      </sampler>
      <channel source="#mixamorig_Hips-Matrix-animation-transform" target="mixamorig_Hips/matrix"/>
    </animation>
    <animation id="mixamorig_Spine-anim" name="mixamorig_Spine">
      <source id="mixamorig_Spine-Matrix-animation-input">
        <float_array id="mixamorig_Spine-Matrix-animation-input-array" count="35">

0.000000 0.033333 0.066667 0.100000 0.133333 0.166667 0.200000 0.233333 0.266667 0.300000 0.333333 0.366667 0.400000 0.433333 0.466667 0.500000
0.533333 0.566667 0.600000 0.633333 0.666667 0.700000 0.733333 0.766667 0.800000 0.833333 0.866667 0.900000 0.933333 0.966667 1.000000 1.033333
1.066667 1.100000 1.133333</float_array>
        <technique_common>
          <accessor source="#mixamorig_Spine-Matrix-animation-input-array" count="35">
            <param name="TIME" type="float"/>
          </accessor>
        </technique_common>
      </source>
      <source id="mixamorig_Spine-Matrix-animation-output-transform">
        <float_array id="mixamorig_Spine-Matrix-animation-output-transform-array" count="560">

0.972046 -0.048273 -0.229774 0.000000 0.019692 0.991950 -0.125092 12.246100 0.233963 0.117070 0.965171 0.234600 0.000000 0.000000 0.000000 1.000000
0.975643 -0.038581 -0.215943 0.000000 0.012333 0.992503 -0.121599 12.246100 0.219016 0.115974 0.968805 0.234600 0.000000 0.000000 0.000000 1.000000
0.979417 -0.027705 -0.199938 0.000000 0.003855 0.992922 -0.118704 12.246100 0.201812 0.115489 0.972591 0.234600 0.000000 0.000000 0.000000 1.000000
0.982917 -0.017408 -0.183225 0.000000 -0.004019 0.993250 -0.115925 12.246100 0.184006 0.114681 0.976212 0.234600 0.000000 0.000000 0.000000 1.000000
0.985943 -0.010985 -0.166721 0.000000 -0.007879 0.993669 -0.112067 12.246100 0.166896 0.111805 0.979615 0.234600 0.000000 0.000000 0.000000 1.000000
0.988383 -0.007988 -0.151774 0.000000 -0.008601 0.994077 -0.108334 12.246100 0.151741 0.108381 0.982460 0.234600 0.000000 0.000000 0.000000 1.000000
0.990099 -0.011836 -0.139873 0.000000 -0.003350 0.994163 -0.107837 12.246100 0.140333 0.107238 0.984280 0.234600 0.000000 0.000000 0.000000 1.000000
0.991127 -0.012457 -0.132332 0.000000 -0.002111 0.993998 -0.109378 12.246100 0.132900 0.108687 0.985152 0.234600 0.000000 0.000000 0.000000 1.000000
0.991409 -0.012693 -0.130181 0.000000 -0.001361 0.994225 -0.107304 12.246100 0.130792 0.106559 0.985667 0.234600 0.000000 0.000000 0.000000 1.000000
0.991098 -0.011222 -0.132662 0.000000 -0.003063 0.994256 -0.106985 12.246100 0.133101 0.106439 0.985370 0.234600 0.000000 0.000000 0.000000 1.000000
0.990419 -0.002043 -0.138078 0.000000 -0.013990 0.993262 -0.115043 12.246100 0.137383 0.115873 0.983717 0.234600 0.000000 0.000000 0.000000 1.000000
0.988696 -0.000558 -0.149932 -0.000000 -0.018541 0.991863 -0.125951 12.246100 0.148783 0.127307 0.980641 0.234600 0.000000 0.000000 0.000000 1.000000
0.985621 -0.009102 -0.168725 0.000000 -0.014474 0.990330 -0.137973 12.246100 0.168349 0.138431 0.975959 0.234600 0.000000 0.000000 0.000000 1.000000
0.981571 -0.022948 -0.189717 0.000000 -0.005077 0.989282 -0.145930 12.246100 0.191032 0.144204 0.970934 0.234600 0.000000 0.000000 0.000000 1.000000
0.976327 -0.041564 -0.212270 0.000000 0.009427 0.988608 -0.150220 12.246100 0.216096 0.144662 0.965596 0.234600 0.000000 0.000000 0.000000 1.000000
0.971551 -0.052127 -0.231022 0.000000 0.016288 0.987874 -0.154404 12.246100 0.236270 0.146249 0.960619 0.234600 0.000000 0.000000 0.000000 1.000000
0.966955 -0.058053 -0.248251 -0.000000 0.017790 0.986720 -0.161452 12.246100 0.254327 0.151700 0.955146 0.234600 0.000000 0.000000 0.000000 1.000000
0.961699 -0.055229 -0.268487 0.000000 0.010131 0.985983 -0.166536 12.246100 0.273922 0.157437 0.948778 0.234600 0.000000 0.000000 0.000000 1.000000
0.955910 -0.050478 -0.289288 0.000000 0.000312 0.985289 -0.170893 12.246100 0.293659 0.163269 0.941864 0.234600 0.000000 0.000000 0.000000 1.000000
0.949980 -0.044465 -0.309131 0.000000 -0.010472 0.984721 -0.173822 12.246100 0.312137 0.168365 0.935000 0.234600 0.000000 0.000000 0.000000 1.000000
0.944484 -0.038358 -0.326312 0.000000 -0.020283 0.984460 -0.174432 12.246100 0.327932 0.171367 0.929029 0.234600 0.000000 0.000000 0.000000 1.000000
0.939878 -0.031974 -0.340010 -0.000000 -0.028052 0.985015 -0.170172 12.246100 0.340356 0.169479 0.924897 0.234600 0.000000 0.000000 0.000000 1.000000
0.936117 -0.034694 -0.349974 0.000000 -0.023690 0.986641 -0.161175 12.246100 0.350891 0.159170 0.922790 0.234600 0.000000 0.000000 0.000000 1.000000
0.932846 -0.047023 -0.357195 0.000000 -0.007484 0.988703 -0.149702 12.246100 0.360199 0.142322 0.921955 0.234600 0.000000 0.000000 0.000000 1.000000
0.931126 -0.066262 -0.358627 0.000000 0.015502 0.989658 -0.142606 12.246100 0.364367 0.127225 0.922524 0.234600 0.000000 0.000000 0.000000 1.000000
0.930849 -0.091656 -0.353721 -0.000000 0.043793 0.989036 -0.141034 12.246100 0.362769 0.115791 0.924657 0.234600 0.000000 0.000000 0.000000 1.000000
0.932464 -0.108984 -0.344432 0.000000 0.062037 0.987554 -0.144530 12.246100 0.355897 0.113401 0.927619 0.234600 0.000000 0.000000 0.000000 1.000000
0.935937 -0.116271 -0.332419 0.000000 0.069285 0.986271 -0.149895 12.246100 0.345284 0.117261 0.931144 0.234600 0.000000 0.000000 0.000000 1.000000
0.941659 -0.109154 -0.318377 0.000000 0.062688 0.986278 -0.152730 12.246100 0.330679 0.123861 0.935580 0.234600 0.000000 0.000000 0.000000 1.000000
0.948465 -0.092409 -0.303109 -0.000000 0.047225 0.987073 -0.153159 12.246100 0.313344 0.130952 0.940568 0.234600 0.000000 0.000000 0.000000 1.000000
0.954982 -0.073052 -0.287530 0.000000 0.029582 0.987826 -0.152724 12.246100 0.295187 0.137343 0.945517 0.234600 0.000000 0.000000 0.000000 1.000000
0.960530 -0.058503 -0.271954 0.000000 0.018077 0.988696 -0.148843 12.246100 0.277587 0.138052 0.950730 0.234600 0.000000 0.000000 0.000000 1.000000
0.964994 -0.052837 -0.256895 0.000000 0.016499 0.989787 -0.141597 12.246100 0.261753 0.132402 0.956010 0.234600 0.000000 0.000000 0.000000 1.000000
0.968812 -0.050126 -0.242672 0.000000 0.017881 0.990915 -0.133298 12.246100 0.247149 0.124801 0.960907 0.234600 0.000000 0.000000 0.000000 1.000000
0.972046 -0.048274 -0.229774 0.000000 0.019693 0.991950 -0.125092 12.246100 0.233962 0.117070 0.965172 0.234600 0.000000 0.000000 0.000000 1.000000</float_array>
        <technique_common>
          <accessor source="#mixamorig_Spine-Matrix-animation-output-transform-array" count="35" stride="16">
            <param type="float4x4"/>
          </accessor>
        </technique_common>
      </source>
      <source id="mixamorig_Spine-Interpolations">
        <Name_array id="mixamorig_Spine-Interpolations-array" count="35">
 LINEAR LINEAR LINEAR LINEAR LINEAR LINEAR LINEAR LINEAR LINEAR LINEAR LINEAR
LINEAR LINEAR LINEAR LINEAR LINEAR LINEAR LINEAR LINEAR LINEAR LINEAR LINEAR LINEAR
LINEAR LINEAR LINEAR LINEAR LINEAR LINEAR LINEAR LINEAR LINEAR LINEAR LINEAR LINEAR</Name_array>
        <technique_common>
          <accessor source="#mixamorig_Spine-Interpolations-array" count="35">
            <param type="name"/>
          </accessor>
        </technique_common>
      </source>
      <sampler id="mixamorig_Spine-Matrix-animation-transform">
        <input semantic="INPUT" source="#mixamorig_Spine-Matrix-animation-input"/>
        <input semantic="OUTPUT" source="#mixamorig_Spine-Matrix-animation-output-transform"/>
        <input semantic="INTERPOLATION" source="#mixamorig_Spine-Interpolations"/>
      </sampler>
      <channel source="#mixamorig_Spine-Matrix-animation-transform" target="mixamorig_Spine/matrix"/>
    </animation>
    <animation id="mixamorig_Spine1-anim" name="mixamorig_Spine1">
      <source id="mixamorig_Spine1-Matrix-animation-input">
        <float_array id="mixamorig_Spine1-Matrix-animation-input-array" count="35">

0.000000 0.033333 0.066667 0.100000 0.133333 0.166667 0.200000 0.233333 0.266667 0.300000 0.333333 0.366667 0.400000 0.433333 0.466667 0.500000
0.533333 0.566667 0.600000 0.633333 0.666667 0.700000 0.733333 0.766667 0.800000 0.833333 0.866667 0.900000 0.933333 0.966667 1.000000 1.033333
1.066667 1.100000 1.133333</float_array>
        <technique_common>
          <accessor source="#mixamorig_Spine1-Matrix-animation-input-array" count="35">
            <param name="TIME" type="float"/>
          </accessor>
        </technique_common>
      </source>
      <source id="mixamorig_Spine1-Matrix-animation-output-transform">
        <float_array id="mixamorig_Spine1-Matrix-animation-output-transform-array" count="560">

0.994542 -0.037992 -0.097178 0.000000 0.031089 0.996950 -0.071587 14.289700 0.099601 0.068175 0.992689 0.000000 0.000000 0.000000 0.000000 1.000000
0.994818 -0.033834 -0.095876 -0.000000 0.027269 0.997245 -0.068977 14.289700 0.097945 0.066006 0.993000 -0.000000 0.000000 0.000000 0.000000 1.000000
0.995065 -0.029793 -0.094647 -0.000000 0.023562 0.997523 -0.066280 14.289700 0.096387 0.063723 0.993302 0.000000 0.000000 0.000000 0.000000 1.000000
0.995304 -0.025634 -0.093341 -0.000000 0.019725 0.997775 -0.063694 14.289700 0.094766 0.061554 0.993595 -0.000000 0.000000 0.000000 0.000000 1.000000
0.995573 -0.021375 -0.091531 -0.000000 0.015766 0.997978 -0.061570 14.289700 0.092662 0.059855 0.993897 0.000000 0.000000 0.000000 0.000000 1.000000
0.995839 -0.017259 -0.089479 0.000000 0.011876 0.998107 -0.060349 14.289700 0.090351 0.059035 0.994159 0.000000 0.000000 0.000000 0.000000 1.000000
0.996065 -0.012886 -0.087687 0.000000 0.007466 0.998057 -0.061863 14.289700 0.088314 0.060965 0.994225 0.000000 0.000000 0.000000 0.000000 1.000000
0.996207 -0.010152 -0.086425 0.000000 0.004642 0.997957 -0.063725 14.289700 0.086896 0.063082 0.994218 0.000000 0.000000 0.000000 0.000000 1.000000
0.996330 -0.012018 -0.084747 0.000000 0.006518 0.997872 -0.064883 14.289700 0.085347 0.064093 0.994288 0.000000 0.000000 0.000000 0.000000 1.000000
0.996481 -0.015944 -0.082290 0.000000 0.010435 0.997702 -0.066949 14.289700 0.083168 0.065854 0.994357 0.000000 0.000000 0.000000 0.000000 1.000000
0.996706 -0.021163 -0.078290 0.000000 0.015569 0.997328 -0.071381 14.289700 0.079592 0.069927 0.994372 0.000000 0.000000 0.000000 0.000000 1.000000
0.996493 -0.025503 -0.079698 -0.000000 0.019526 0.997001 -0.074890 14.289700 0.081369 0.073071 0.994002 -0.000000 0.000000 0.000000 0.000000 1.000000
0.995716 -0.028450 -0.087982 0.000000 0.021700 0.996814 -0.076747 14.289700 0.089886 0.074509 0.993161 0.000000 0.000000 0.000000 0.000000 1.000000
0.994786 -0.031827 -0.096889 0.000000 0.024211 0.996597 -0.078786 14.289700 0.099067 0.076029 0.992172 0.000000 0.000000 0.000000 0.000000 1.000000
0.993683 -0.035634 -0.106417 0.000000 0.027053 0.996345 -0.081021 14.289700 0.108915 0.077631 0.991015 0.000000 0.000000 0.000000 0.000000 1.000000
0.993161 -0.038842 -0.110105 0.000000 0.030212 0.996417 -0.079000 14.289700 0.112779 0.075133 0.990775 -0.000000 0.000000 0.000000 0.000000 1.000000
0.992981 -0.040473 -0.111137 -0.000000 0.032072 0.996564 -0.076362 14.289700 0.113845 0.072262 0.990867 0.000000 0.000000 0.000000 0.000000 1.000000
0.992328 -0.042635 -0.116046 0.000000 0.034333 0.996768 -0.072622 14.289700 0.118768 0.068081 0.990585 0.000000 0.000000 0.000000 0.000000 1.000000
0.991426 -0.045261 -0.122578 0.000000 0.037123 0.997002 -0.067886 14.289700 0.125283 0.062754 0.990134 0.000000 0.000000 0.000000 0.000000 1.000000
0.990400 -0.048152 -0.129577 0.000000 0.040247 0.997205 -0.062945 14.289700 0.132245 0.057125 0.989570 0.000000 0.000000 0.000000 0.000000 1.000000
0.989346 -0.051377 -0.136220 0.000000 0.043754 0.997335 -0.058382 14.289700 0.138856 0.051800 0.988957 0.000000 0.000000 0.000000 0.000000 1.000000
0.988406 -0.054591 -0.141678 -0.000000 0.047145 0.997351 -0.055396 14.289700 0.144326 0.048075 0.988362 0.000000 0.000000 0.000000 0.000000 1.000000
0.987499 -0.056039 -0.147325 0.000000 0.048839 0.997450 -0.052042 14.289700 0.149866 0.044197 0.987718 0.000000 0.000000 0.000000 0.000000 1.000000
0.986402 -0.055359 -0.154745 0.000000 0.048750 0.997743 -0.046187 14.289700 0.156952 0.038015 0.986874 0.000000 0.000000 0.000000 0.000000 1.000000
0.985673 -0.055762 -0.159186 0.000000 0.049493 0.997845 -0.043079 14.289700 0.161245 0.034583 0.986308 0.000000 0.000000 0.000000 0.000000 1.000000
0.985472 -0.057413 -0.159843 0.000000 0.051105 0.997754 -0.043307 14.289700 0.161970 0.034509 0.986192 0.000000 0.000000 0.000000 0.000000 1.000000
0.986062 -0.057990 -0.155947 0.000000 0.051469 0.997636 -0.045535 14.289700 0.158219 0.036874 0.986715 -0.000000 0.000000 0.000000 0.000000 1.000000
0.987083 -0.056002 -0.150103 0.000000 0.049339 0.997640 -0.047753 14.289700 0.152423 0.039730 0.987516 0.000000 0.000000 0.000000 0.000000 1.000000
0.988210 -0.052286 -0.143902 -0.000000 0.045574 0.997731 -0.049553 14.289700 0.146167 0.042411 0.988350 0.000000 0.000000 0.000000 0.000000 1.000000
0.989346 -0.047981 -0.137448 -0.000000 0.041259 0.997828 -0.051347 14.289700 0.139613 0.045129 0.989177 0.000000 0.000000 0.000000 0.000000 1.000000
0.990418 -0.043727 -0.130997 0.000000 0.037016 0.997896 -0.053235 14.289700 0.133049 0.047876 0.989952 0.000000 0.000000 0.000000 0.000000 1.000000
0.991465 -0.040957 -0.123772 0.000000 0.034183 0.997825 -0.056367 14.289700 0.125811 0.051655 0.990708 -0.000000 0.000000 0.000000 0.000000 1.000000
0.992546 -0.039695 -0.115221 0.000000 0.032804 0.997592 -0.061103 14.289700 0.117369 0.056868 0.991459 -0.000000 0.000000 0.000000 0.000000 1.000000
0.993585 -0.038844 -0.106204 -0.000000 0.031898 0.997287 -0.066343 14.289700 0.108493 0.062529 0.992129 0.000000 0.000000 0.000000 0.000000 1.000000
0.994542 -0.037992 -0.097178 0.000000 0.031089 0.996950 -0.071587 14.289700 0.099602 0.068175 0.992689 0.000000 0.000000 0.000000 0.000000 1.000000</float_array>
        <technique_common>
          <accessor source="#mixamorig_Spine1-Matrix-animation-output-transform-array" count="35" stride="16">
            <param type="float4x4"/>
          </accessor>
        </technique_common>
      </source>
      <source id="mixamorig_Spine1-Interpolations">
        <Name_array id="mixamorig_Spine1-Interpolations-array" count="35">
 LINEAR LINEAR LINEAR LINEAR LINEAR LINEAR LINEAR LINEAR LINEAR LINEAR LINEAR
LINEAR LINEAR LINEAR LINEAR LINEAR LINEAR LINEAR LINEAR LINEAR LINEAR LINEAR LINEAR
LINEAR LINEAR LINEAR LINEAR LINEAR LINEAR LINEAR LINEAR LINEAR LINEAR LINEAR LINEAR</Name_array>
        <technique_common>
          <accessor source="#mixamorig_Spine1-Interpolations-array" count="35">
            <param type="name"/>
          </accessor>
        </technique_common>
      </source>
      <sampler id="mixamorig_Spine1-Matrix-animation-transform">
        <input semantic="INPUT" source="#mixamorig_Spine1-Matrix-animation-input"/>
        <input semantic="OUTPUT" source="#mixamorig_Spine1-Matrix-animation-output-transform"/>
        <input semantic="INTERPOLATION" source="#mixamorig_Spine1-Interpolations"/>
      </sampler>
      <channel source="#mixamorig_Spine1-Matrix-animation-transform" target="mixamorig_Spine1/matrix"/>
    </animation>
    <animation id="mixamorig_Spine2-anim" name="mixamorig_Spine2">
      <source id="mixamorig_Spine2-Matrix-animation-input">
        <float_array id="mixamorig_Spine2-Matrix-animation-input-array" count="35">

0.000000 0.033333 0.066667 0.100000 0.133333 0.166667 0.200000 0.233333 0.266667 0.300000 0.333333 0.366667 0.400000 0.433333 0.466667 0.500000
0.533333 0.566667 0.600000 0.633333 0.666667 0.700000 0.733333 0.766667 0.800000 0.833333 0.866667 0.900000 0.933333 0.966667 1.000000 1.033333
1.066667 1.100000 1.133333</float_array>
        <technique_common>
          <accessor source="#mixamorig_Spine2-Matrix-animation-input-array" count="35">
            <param name="TIME" type="float"/>
          </accessor>
        </technique_common>
      </source>
      <source id="mixamorig_Spine2-Matrix-animation-output-transform">
        <float_array id="mixamorig_Spine2-Matrix-animation-output-transform-array" count="560">

0.995345 -0.044155 -0.085665 -0.000000 0.037769 0.996484 -0.074784 16.330999 0.088666 0.071200 0.993513 0.000000 0.000000 0.000000 0.000000 1.000000
0.995673 -0.039710 -0.084014 0.000000 0.033658 0.996817 -0.072264 16.330999 0.086616 0.069124 0.993841 0.000000 0.000000 0.000000 0.000000 1.000000
0.995970 -0.035394 -0.082402 -0.000000 0.029668 0.997127 -0.069698 16.330999 0.084632 0.066973 0.994159 0.000000 0.000000 0.000000 0.000000 1.000000
0.996254 -0.030948 -0.080746 0.000000 0.025536 0.997412 -0.067209 16.330999 0.082617 0.064896 0.994466 0.000000 0.000000 0.000000 0.000000 1.000000
0.996549 -0.026330 -0.078715 0.000000 0.021224 0.997659 -0.065016 16.330999 0.080243 0.063121 0.994775 0.000000 0.000000 0.000000 0.000000 1.000000
0.996833 -0.021833 -0.076462 0.000000 0.016976 0.997831 -0.063605 16.330999 0.077685 0.062105 0.995042 0.000000 0.000000 0.000000 0.000000 1.000000
0.997083 -0.017138 -0.074371 0.000000 0.012321 0.997825 -0.064751 16.330999 0.075319 0.063645 0.995126 -0.000000 0.000000 0.000000 0.000000 1.000000
0.997273 -0.014174 -0.072430 0.000000 0.009352 0.997744 -0.066482 16.330999 0.073208 0.065623 0.995155 0.000000 0.000000 0.000000 0.000000 1.000000
0.997429 -0.015720 -0.069910 0.000000 0.010983 0.997650 -0.067629 16.330999 0.070809 0.066688 0.995258 0.000000 0.000000 0.000000 0.000000 1.000000
0.997607 -0.019298 -0.066386 0.000000 0.014654 0.997457 -0.069746 16.330999 0.067563 0.068607 0.995353 0.000000 0.000000 0.000000 0.000000 1.000000
0.997865 -0.024212 -0.060664 0.000000 0.019667 0.997032 -0.074428 16.330999 0.062286 0.073076 0.995380 0.000000 0.000000 0.000000 0.000000 1.000000
0.997767 -0.028670 -0.060318 -0.000000 0.023911 0.996652 -0.078190 16.330999 0.062358 0.076574 0.995112 0.000000 0.000000 0.000000 0.000000 1.000000
0.997233 -0.032227 -0.066990 0.000000 0.026809 0.996412 -0.080272 16.330999 0.069337 0.078254 0.994519 0.000000 0.000000 0.000000 0.000000 1.000000
0.996560 -0.036190 -0.074561 0.000000 0.030009 0.996146 -0.082412 16.330999 0.077256 0.079891 0.993805 0.000000 0.000000 0.000000 0.000000 1.000000
0.995721 -0.040557 -0.083029 0.000000 0.033506 0.995849 -0.084625 16.330999 0.086117 0.081481 0.992948 0.000000 0.000000 0.000000 0.000000 1.000000
0.995368 -0.044088 -0.085431 0.000000 0.037031 0.995902 -0.082507 16.330999 0.088718 0.078961 0.992922 0.000000 0.000000 0.000000 0.000000 1.000000
0.995308 -0.045925 -0.085165 0.000000 0.039131 0.996042 -0.079802 16.330999 0.088493 0.076095 0.993166 0.000000 0.000000 0.000000 0.000000 1.000000
0.994888 -0.048578 -0.088533 0.000000 0.041833 0.996191 -0.076509 16.330999 0.091912 0.072414 0.993131 0.000000 0.000000 0.000000 0.000000 1.000000
0.994271 -0.051876 -0.093454 0.000000 0.045180 0.996352 -0.072394 16.330999 0.096868 0.067757 0.992988 0.000000 0.000000 0.000000 0.000000 1.000000
0.993554 -0.055461 -0.098862 0.000000 0.048845 0.996480 -0.068132 16.330999 0.102293 0.062864 0.992766 0.000000 0.000000 0.000000 0.000000 1.000000
0.992806 -0.059263 -0.104037 -0.000000 0.052756 0.996540 -0.064231 16.330999 0.107483 0.058281 0.992497 -0.000000 0.000000 0.000000 0.000000 1.000000
0.992130 -0.062738 -0.108363 0.000000 0.056257 0.996498 -0.061867 16.330999 0.111865 0.055284 0.992184 0.000000 0.000000 0.000000 0.000000 1.000000
0.991446 -0.064219 -0.113623 0.000000 0.057831 0.996602 -0.058653 16.330999 0.117004 0.051580 0.991791 0.000000 0.000000 0.000000 0.000000 1.000000
0.990577 -0.063597 -0.121298 0.000000 0.057585 0.996962 -0.052446 16.330999 0.124265 0.044967 0.991230 -0.000000 0.000000 0.000000 0.000000 1.000000
0.989985 -0.063862 -0.125905 -0.000000 0.058173 0.997134 -0.048365 16.330999 0.128633 0.040556 0.990863 0.000000 0.000000 0.000000 0.000000 1.000000
0.989824 -0.065160 -0.126503 0.000000 0.059620 0.997109 -0.047101 16.330999 0.129206 0.039080 0.990847 0.000000 0.000000 0.000000 0.000000 1.000000
0.990374 -0.065236 -0.122077 0.000000 0.059709 0.997042 -0.048403 16.330999 0.124874 0.040648 0.991340 0.000000 0.000000 0.000000 0.000000 1.000000
0.991357 -0.062692 -0.115245 -0.000000 0.057202 0.997092 -0.050346 16.330999 0.118066 0.043319 0.992060 -0.000000 0.000000 0.000000 0.000000 1.000000
0.992472 -0.058399 -0.107655 0.000000 0.053019 0.997229 -0.052182 16.330999 0.110404 0.046082 0.992818 -0.000000 0.000000 0.000000 0.000000 1.000000
0.993536 -0.053558 -0.100088 0.000000 0.048307 0.997363 -0.054171 16.330999 0.102725 0.048986 0.993503 0.000000 0.000000 0.000000 0.000000 1.000000
0.994455 -0.048846 -0.093131 -0.000000 0.043719 0.997455 -0.056318 16.330999 0.095645 0.051934 0.994060 0.000000 0.000000 0.000000 0.000000 1.000000
0.994977 -0.045994 -0.088909 -0.000000 0.040778 0.997388 -0.059616 16.330999 0.091419 0.055691 0.994254 0.000000 0.000000 0.000000 0.000000 1.000000
0.995139 -0.045708 -0.087232 0.000000 0.040151 0.997114 -0.064428 16.330999 0.089925 0.060613 0.994102 0.000000 0.000000 0.000000 0.000000 1.000000
0.995224 -0.045555 -0.086340 -0.000000 0.039584 0.996785 -0.069661 16.330999 0.089236 0.065910 0.993827 0.000000 0.000000 0.000000 0.000000 1.000000
0.995308 -0.045403 -0.085449 0.000000 0.039025 0.996428 -0.074892 16.330999 0.088544 0.071206 0.993524 -0.000000 0.000000 0.000000 0.000000 1.000000</float_array>
        <technique_common>
          <accessor source="#mixamorig_Spine2-Matrix-animation-output-transform-array" count="35" stride="16">
            <param type="float4x4"/>
          </accessor>
        </technique_common>
      </source>
      <source id="mixamorig_Spine2-Interpolations">
        <Name_array id="mixamorig_Spine2-Interpolations-array" count="35">
 LINEAR LINEAR LINEAR LINEAR LINEAR LINEAR LINEAR LINEAR LINEAR LINEAR LINEAR
LINEAR LINEAR LINEAR LINEAR LINEAR LINEAR LINEAR LINEAR LINEAR LINEAR LINEAR LINEAR
LINEAR LINEAR LINEAR LINEAR LINEAR LINEAR LINEAR LINEAR LINEAR LINEAR LINEAR LINEAR</Name_array>
        <technique_common>
          <accessor source="#mixamorig_Spine2-Interpolations-array" count="35">
            <param type="name"/>
          </accessor>
        </technique_common>
      </source>
      <sampler id="mixamorig_Spine2-Matrix-animation-transform">
        <input semantic="INPUT" source="#mixamorig_Spine2-Matrix-animation-input"/>
        <input semantic="OUTPUT" source="#mixamorig_Spine2-Matrix-animation-output-transform"/>
        <input semantic="INTERPOLATION" source="#mixamorig_Spine2-Interpolations"/>
      </sampler>
      <channel source="#mixamorig_Spine2-Matrix-animation-transform" target="mixamorig_Spine2/matrix"/>
    </animation>
    <animation id="mixamorig_Neck-anim" name="mixamorig_Neck">
      <source id="mixamorig_Neck-Matrix-animation-input">
        <float_array id="mixamorig_Neck-Matrix-animation-input-array" count="35">

0.000000 0.033333 0.066667 0.100000 0.133333 0.166667 0.200000 0.233333 0.266667 0.300000 0.333333 0.366667 0.400000 0.433333 0.466667 0.500000
0.533333 0.566667 0.600000 0.633333 0.666667 0.700000 0.733333 0.766667 0.800000 0.833333 0.866667 0.900000 0.933333 0.966667 1.000000 1.033333
1.066667 1.100000 1.133333</float_array>
        <technique_common>
          <accessor source="#mixamorig_Neck-Matrix-animation-input-array" count="35">
            <param name="TIME" type="float"/>
          </accessor>
        </technique_common>
      </source>
      <source id="mixamorig_Neck-Matrix-animation-output-transform">
        <float_array id="mixamorig_Neck-Matrix-animation-output-transform-array" count="560">

0.993379 0.034156 -0.109689 0.000000 0.001213 0.951610 0.307306 18.372499 0.114877 -0.305404 0.945268 0.000000 0.000000 0.000000 0.000000 1.000000
0.992865 0.040371 -0.112204 0.000000 -0.005309 0.954981 0.296620 18.372499 0.119127 -0.293907 0.948381 -0.000000 0.000000 0.000000 0.000000 1.000000
0.992106 0.047025 -0.116253 0.000000 -0.011990 0.958352 0.285336 18.372499 0.124829 -0.281690 0.951351 0.000000 0.000000 0.000000 0.000000 1.000000
0.991213 0.053662 -0.120905 0.000000 -0.018546 0.961367 0.274644 18.372499 0.130972 -0.269989 0.953914 -0.000000 0.000000 0.000000 0.000000 1.000000
0.990322 0.059833 -0.125232 0.000000 -0.024677 0.963834 0.265357 18.372499 0.136581 -0.259699 0.955982 0.000000 0.000000 0.000000 0.000000 1.000000
0.989511 0.067717 -0.127600 0.000000 -0.032213 0.964514 0.262058 18.372499 0.140818 -0.255199 0.956579 -0.000000 0.000000 0.000000 0.000000 1.000000
0.988775 0.075530 -0.128919 -0.000000 -0.039063 0.963490 0.264880 18.372499 0.144219 -0.256871 0.955625 0.000000 0.000000 0.000000 0.000000 1.000000
0.987756 0.071237 -0.138792 0.000000 -0.032903 0.964772 0.261021 18.372499 0.152497 -0.253258 0.955304 0.000000 0.000000 0.000000 0.000000 1.000000
0.985507 0.076982 -0.151163 0.000000 -0.032848 0.960836 0.275165 18.372499 0.166426 -0.266212 0.949439 -0.000000 0.000000 0.000000 0.000000 1.000000
0.983641 0.081847 -0.160473 -0.000000 -0.031229 0.954812 0.295565 18.372499 0.177412 -0.285718 0.941748 0.000000 0.000000 0.000000 0.000000 1.000000
0.983227 0.082464 -0.162681 -0.000000 -0.026441 0.946975 0.320217 18.372499 0.180461 -0.310545 0.933272 -0.000000 0.000000 0.000000 0.000000 1.000000
