<?xml version="1.0" encoding="utf-8"?>
<COLLADA xmlns="http://www.collada.org/2005/11/COLLADASchema" version="1.4.1">
  <asset>
    <contributor>
      <author>Mixamo</author>
      <authoring_tool>COLLADA Mixamo exporter</authoring_tool>
      <comments/>
    </contributor>
    <created>2024-04-05T10:39:25Z</created>
    <modified>2024-04-05T10:39:25Z</modified>
    <revision/>
    <title/>
    <unit meter="0.010000"/>
    <up_axis>Y_UP</up_axis>
  </asset>
  <library_animations>
    <animation id="Armature-anim" name="Armature">
      <source id="Armature-Matrix-animation-input">
        <float_array id="Armature-Matrix-animation-input-array" count="105">

0.000000 0.033333 0.066667 0.100000 0.133333 0.166667 0.200000 0.233333 0.266667 0.300000 0.333333 0.366667 0.400000 0.433333 0.466667 0.500000
0.533333 0.566667 0.600000 0.633333 0.666667 0.700000 0.733333 0.766667 0.800000 0.833333 0.866667 0.900000 0.933333 0.966667 1.000000 1.033333
1.066667 1.100000 1.133333 1.166667 1.200000 1.233333 1.266667 1.300000 1.333333 1.366667 1.400000 1.433333 1.466667 1.500000 1.533333 1.566667
1.600000 1.633333 1.666667 1.700000 1.733333 1.766667 1.800000 1.833333 1.866667 1.900000 1.933333 1.966667 2.000000 2.033333 2.066667 2.100000
2.133333 2.166667 2.200000 2.233333 2.266667 2.300000 2.333333 2.366667 2.400000 2.433333 2.466667 2.500000 2.533333 2.566667 2.600000 2.633333
2.666667 2.700000 2.733333 2.766667 2.800000 2.833333 2.866667 2.900000 2.933333 2.966667 3.000000 3.033333 3.066667 3.100000 3.133333 3.166667
3.200000 3.233333 3.266667 3.300000 3.333333 3.366667 3.400000 3.433333 3.466667</float_array>
        <technique_common>
          <accessor source="#Armature-Matrix-animation-input-array" count="105">
            <param name="TIME" type="float"/>
          </accessor>
        </technique_common>
      </source>
      <source id="Armature-Matrix-animation-output-transform">
        <float_array id="Armature-Matrix-animation-output-transform-array" count="1680">

1.000000 0.000000 0.000000 0.000000 0.000000 1.000000 0.000000 0.000000 0.000000 0.000000 1.000000 0.000000 0.000000 0.000000 0.000000 1.000000
1.000000 0.000000 0.000000 0.000000 0.000000 1.000000 0.000000 0.000000 0.000000 0.000000 1.000000 0.000000 0.000000 0.000000 0.000000 1.000000
1.000000 0.000000 0.000000 0.000000 0.000000 1.000000 0.000000 0.000000 0.000000 0.000000 1.000000 0.000000 0.000000 0.000000 0.000000 1.000000
1.000000 0.000000 0.000000 0.000000 0.000000 1.000000 0.000000 0.000000 0.000000 0.000000 1.000000 0.000000 0.000000 0.000000 0.000000 1.000000
1.000000 0.000000 0.000000 0.000000 0.000000 1.000000 0.000000 0.000000 0.000000 0.000000 1.000000 0.000000 0.000000 0.000000 0.000000 1.000000
1.000000 0.000000 0.000000 0.000000 0.000000 1.000000 0.000000 0.000000 0.000000 0.000000 1.000000 0.000000 0.000000 0.000000 0.000000 1.000000
1.000000 0.000000 0.000000 0.000000 0.000000 1.000000 0.000000 0.000000 0.000000 0.000000 1.000000 0.000000 0.000000 0.000000 0.000000 1.000000
1.000000 0.000000 0.000000 0.000000 0.000000 1.000000 0.000000 0.000000 0.000000 0.000000 1.000000 0.000000 0.000000 0.000000 0.000000 1.000000
1.000000 0.000000 0.000000 0.000000 0.000000 1.000000 0.000000 0.000000 0.000000 0.000000 1.000000 0.000000 0.000000 0.000000 0.000000 1.000000
1.000000 0.000000 0.000000 0.000000 0.000000 1.000000 0.000000 0.000000 0.000000 0.000000 1.000000 0.000000 0.000000 0.000000 0.000000 1.000000
1.000000 0.000000 0.000000 0.000000 0.000000 1.000000 0.000000 0.000000 0.000000 0.000000 1.000000 0.000000 0.000000 0.000000 0.000000 1.000000
1.000000 0.000000 0.000000 0.000000 0.000000 1.000000 0.000000 0.000000 0.000000 0.000000 1.000000 0.000000 0.000000 0.000000 0.000000 1.000000
1.000000 0.000000 0.000000 0.000000 0.000000 1.000000 0.000000 0.000000 0.000000 0.000000 1.000000 0.000000 0.000000 0.000000 0.000000 1.000000
1.000000 0.000000 0.000000 0.000000 0.000000 1.000000 0.000000 0.000000 0.000000 0.000000 1.000000 0.000000 0.000000 0.000000 0.000000 1.000000
1.000000 0.000000 0.000000 0.000000 0.000000 1.000000 0.000000 0.000000 0.000000 0.000000 1.000000 0.000000 0.000000 0.000000 0.000000 1.000000
1.000000 0.000000 0.000000 0.000000 0.000000 1.000000 0.000000 0.000000 0.000000 0.000000 1.000000 0.000000 0.000000 0.000000 0.000000 1.000000
1.000000 0.000000 0.000000 0.000000 0.000000 1.000000 0.000000 0.000000 0.000000 0.000000 1.000000 0.000000 0.000000 0.000000 0.000000 1.000000
1.000000 0.000000 0.000000 0.000000 0.000000 1.000000 0.000000 0.000000 0.000000 0.000000 1.000000 0.000000 0.000000 0.000000 0.000000 1.000000
1.000000 0.000000 0.000000 0.000000 0.000000 1.000000 0.000000 0.000000 0.000000 0.000000 1.000000 0.000000 0.000000 0.000000 0.000000 1.000000
1.000000 0.000000 0.000000 0.000000 0.000000 1.000000 0.000000 0.000000 0.000000 0.000000 1.000000 0.000000 0.000000 0.000000 0.000000 1.000000
1.000000 0.000000 0.000000 0.000000 0.000000 1.000000 0.000000 0.000000 0.000000 0.000000 1.000000 0.000000 0.000000 0.000000 0.000000 1.000000
1.000000 0.000000 0.000000 0.000000 0.000000 1.000000 0.000000 0.000000 0.000000 0.000000 1.000000 0.000000 0.000000 0.000000 0.000000 1.000000
1.000000 0.000000 0.000000 0.000000 0.000000 1.000000 0.000000 0.000000 0.000000 0.000000 1.000000 0.000000 0.000000 0.000000 0.000000 1.000000
1.000000 0.000000 0.000000 0.000000 0.000000 1.000000 0.000000 0.000000 0.000000 0.000000 1.000000 0.000000 0.000000 0.000000 0.000000 1.000000
1.000000 0.000000 0.000000 0.000000 0.000000 1.000000 0.000000 0.000000 0.000000 0.000000 1.000000 0.000000 0.000000 0.000000 0.000000 1.000000
1.000000 0.000000 0.000000 0.000000 0.000000 1.000000 0.000000 0.000000 0.000000 0.000000 1.000000 0.000000 0.000000 0.000000 0.000000 1.000000
1.000000 0.000000 0.000000 0.000000 0.000000 1.000000 0.000000 0.000000 0.000000 0.000000 1.000000 0.000000 0.000000 0.000000 0.000000 1.000000
1.000000 0.000000 0.000000 0.000000 0.000000 1.000000 0.000000 0.000000 0.000000 0.000000 1.000000 0.000000 0.000000 0.000000 0.000000 1.000000
1.000000 0.000000 0.000000 0.000000 0.000000 1.000000 0.000000 0.000000 0.000000 0.000000 1.000000 0.000000 0.000000 0.000000 0.000000 1.000000
1.000000 0.000000 0.000000 0.000000 0.000000 1.000000 0.000000 0.000000 0.000000 0.000000 1.000000 0.000000 0.000000 0.000000 0.000000 1.000000
1.000000 0.000000 0.000000 0.000000 0.000000 1.000000 0.000000 0.000000 0.000000 0.000000 1.000000 0.000000 0.000000 0.000000 0.000000 1.000000
1.000000 0.000000 0.000000 0.000000 0.000000 1.000000 0.000000 0.000000 0.000000 0.000000 1.000000 0.000000 0.000000 0.000000 0.000000 1.000000
1.000000 0.000000 0.000000 0.000000 0.000000 1.000000 0.000000 0.000000 0.000000 0.000000 1.000000 0.000000 0.000000 0.000000 0.000000 1.000000
1.000000 0.000000 0.000000 0.000000 0.000000 1.000000 0.000000 0.000000 0.000000 0.000000 1.000000 0.000000 0.000000 0.000000 0.000000 1.000000
1.000000 0.000000 0.000000 0.000000 0.000000 1.000000 0.000000 0.000000 0.000000 0.000000 1.000000 0.000000 0.000000 0.000000 0.000000 1.000000
1.000000 0.000000 0.000000 0.000000 0.000000 1.000000 0.000000 0.000000 0.000000 0.000000 1.000000 0.000000 0.000000 0.000000 0.000000 1.000000
1.000000 0.000000 0.000000 0.000000 0.000000 1.000000 0.000000 0.000000 0.000000 0.000000 1.000000 0.000000 0.000000 0.000000 0.000000 1.000000
1.000000 0.000000 0.000000 0.000000 0.000000 1.000000 0.000000 0.000000 0.000000 0.000000 1.000000 0.000000 0.000000 0.000000 0.000000 1.000000
1.000000 0.000000 0.000000 0.000000 0.000000 1.000000 0.000000 0.000000 0.000000 0.000000 1.000000 0.000000 0.000000 0.000000 0.000000 1.000000
1.000000 0.000000 0.000000 0.000000 0.000000 1.000000 0.000000 0.000000 0.000000 0.000000 1.000000 0.000000 0.000000 0.000000 0.000000 1.000000
1.000000 0.000000 0.000000 0.000000 0.000000 1.000000 0.000000 0.000000 0.000000 0.000000 1.000000 0.000000 0.000000 0.000000 0.000000 1.000000
1.000000 0.000000 0.000000 0.000000 0.000000 1.000000 0.000000 0.000000 0.000000 0.000000 1.000000 0.000000 0.000000 0.000000 0.000000 1.000000
1.000000 0.000000 0.000000 0.000000 0.000000 1.000000 0.000000 0.000000 0.000000 0.000000 1.000000 0.000000 0.000000 0.000000 0.000000 1.000000
1.000000 0.000000 0.000000 0.000000 0.000000 1.000000 0.000000 0.000000 0.000000 0.000000 1.000000 0.000000 0.000000 0.000000 0.000000 1.000000
1.000000 0.000000 0.000000 0.000000 0.000000 1.000000 0.000000 0.000000 0.000000 0.000000 1.000000 0.000000 0.000000 0.000000 0.000000 1.000000
1.000000 0.000000 0.000000 0.000000 0.000000 1.000000 0.000000 0.000000 0.000000 0.000000 1.000000 0.000000 0.000000 0.000000 0.000000 1.000000
1.000000 0.000000 0.000000 0.000000 0.000000 1.000000 0.000000 0.000000 0.000000 0.000000 1.000000 0.000000 0.000000 0.000000 0.000000 1.000000
1.000000 0.000000 0.000000 0.000000 0.000000 1.000000 0.000000 0.000000 0.000000 0.000000 1.000000 0.000000 0.000000 0.000000 0.000000 1.000000
1.000000 0.000000 0.000000 0.000000 0.000000 1.000000 0.000000 0.000000 0.000000 0.000000 1.000000 0.000000 0.000000 0.000000 0.000000 1.000000
1.000000 0.000000 0.000000 0.000000 0.000000 1.000000 0.000000 0.000000 0.000000 0.000000 1.000000 0.000000 0.000000 0.000000 0.000000 1.000000
1.000000 0.000000 0.000000 0.000000 0.000000 1.000000 0.000000 0.000000 0.000000 0.000000 1.000000 0.000000 0.000000 0.000000 0.000000 1.000000
1.000000 0.000000 0.000000 0.000000 0.000000 1.000000 0.000000 0.000000 0.000000 0.000000 1.000000 0.000000 0.000000 0.000000 0.000000 1.000000
1.000000 0.000000 0.000000 0.000000 0.000000 1.000000 0.000000 0.000000 0.000000 0.000000 1.000000 0.000000 0.000000 0.000000 0.000000 1.000000
1.000000 0.000000 0.000000 0.000000 0.000000 1.000000 0.000000 0.000000 0.000000 0.000000 1.000000 0.000000 0.000000 0.000000 0.000000 1.000000
1.000000 0.000000 0.000000 0.000000 0.000000 1.000000 0.000000 0.000000 0.000000 0.000000 1.000000 0.000000 0.000000 0.000000 0.000000 1.000000
1.000000 0.000000 0.000000 0.000000 0.000000 1.000000 0.000000 0.000000 0.000000 0.000000 1.000000 0.000000 0.000000 0.000000 0.000000 1.000000
1.000000 0.000000 0.000000 0.000000 0.000000 1.000000 0.000000 0.000000 0.000000 0.000000 1.000000 0.000000 0.000000 0.000000 0.000000 1.000000
1.000000 0.000000 0.000000 0.000000 0.000000 1.000000 0.000000 0.000000 0.000000 0.000000 1.000000 0.000000 0.000000 0.000000 0.000000 1.000000
1.000000 0.000000 0.000000 0.000000 0.000000 1.000000 0.000000 0.000000 0.000000 0.000000 1.000000 0.000000 0.000000 0.000000 0.000000 1.000000
1.000000 0.000000 0.000000 0.000000 0.000000 1.000000 0.000000 0.000000 0.000000 0.000000 1.000000 0.000000 0.000000 0.000000 0.000000 1.000000
1.000000 0.000000 0.000000 0.000000 0.000000 1.000000 0.000000 0.000000 0.000000 0.000000 1.000000 0.000000 0.000000 0.000000 0.000000 1.000000
1.000000 0.000000 0.000000 0.000000 0.000000 1.000000 0.000000 0.000000 0.000000 0.000000 1.000000 0.000000 0.000000 0.000000 0.000000 1.000000
1.000000 0.000000 0.000000 0.000000 0.000000 1.000000 0.000000 0.000000 0.000000 0.000000 1.000000 0.000000 0.000000 0.000000 0.000000 1.000000
1.000000 0.000000 0.000000 0.000000 0.000000 1.000000 0.000000 0.000000 0.000000 0.000000 1.000000 0.000000 0.000000 0.000000 0.000000 1.000000
1.000000 0.000000 0.000000 0.000000 0.000000 1.000000 0.000000 0.000000 0.000000 0.000000 1.000000 0.000000 0.000000 0.000000 0.000000 1.000000
1.000000 0.000000 0.000000 0.000000 0.000000 1.000000 0.000000 0.000000 0.000000 0.000000 1.000000 0.000000 0.000000 0.000000 0.000000 1.000000
1.000000 0.000000 0.000000 0.000000 0.000000 1.000000 0.000000 0.000000 0.000000 0.000000 1.000000 0.000000 0.000000 0.000000 0.000000 1.000000
1.000000 0.000000 0.000000 0.000000 0.000000 1.000000 0.000000 0.000000 0.000000 0.000000 1.000000 0.000000 0.000000 0.000000 0.000000 1.000000
1.000000 0.000000 0.000000 0.000000 0.000000 1.000000 0.000000 0.000000 0.000000 0.000000 1.000000 0.000000 0.000000 0.000000 0.000000 1.000000
1.000000 0.000000 0.000000 0.000000 0.000000 1.000000 0.000000 0.000000 0.000000 0.000000 1.000000 0.000000 0.000000 0.000000 0.000000 1.000000
1.000000 0.000000 0.000000 0.000000 0.000000 1.000000 0.000000 0.000000 0.000000 0.000000 1.000000 0.000000 0.000000 0.000000 0.000000 1.000000
1.000000 0.000000 0.000000 0.000000 0.000000 1.000000 0.000000 0.000000 0.000000 0.000000 1.000000 0.000000 0.000000 0.000000 0.000000 1.000000
1.000000 0.000000 0.000000 0.000000 0.000000 1.000000 0.000000 0.000000 0.000000 0.000000 1.000000 0.000000 0.000000 0.000000 0.000000 1.000000
1.000000 0.000000 0.000000 0.000000 0.000000 1.000000 0.000000 0.000000 0.000000 0.000000 1.000000 0.000000 0.000000 0.000000 0.000000 1.000000
1.000000 0.000000 0.000000 0.000000 0.000000 1.000000 0.000000 0.000000 0.000000 0.000000 1.000000 0.000000 0.000000 0.000000 0.000000 1.000000
1.000000 0.000000 0.000000 0.000000 0.000000 1.000000 0.000000 0.000000 0.000000 0.000000 1.000000 0.000000 0.000000 0.000000 0.000000 1.000000
1.000000 0.000000 0.000000 0.000000 0.000000 1.000000 0.000000 0.000000 0.000000 0.000000 1.000000 0.000000 0.000000 0.000000 0.000000 1.000000
1.000000 0.000000 0.000000 0.000000 0.000000 1.000000 0.000000 0.000000 0.000000 0.000000 1.000000 0.000000 0.000000 0.000000 0.000000 1.000000
1.000000 0.000000 0.000000 0.000000 0.000000 1.000000 0.000000 0.000000 0.000000 0.000000 1.000000 0.000000 0.000000 0.000000 0.000000 1.000000
1.000000 0.000000 0.000000 0.000000 0.000000 1.000000 0.000000 0.000000 0.000000 0.000000 1.000000 0.000000 0.000000 0.000000 0.000000 1.000000
1.000000 0.000000 0.000000 0.000000 0.000000 1.000000 0.000000 0.000000 0.000000 0.000000 1.000000 0.000000 0.000000 0.000000 0.000000 1.000000
1.000000 0.000000 0.000000 0.000000 0.000000 1.000000 0.000000 0.000000 0.000000 0.000000 1.000000 0.000000 0.000000 0.000000 0.000000 1.000000
1.000000 0.000000 0.000000 0.000000 0.000000 1.000000 0.000000 0.000000 0.000000 0.000000 1.000000 0.000000 0.000000 0.000000 0.000000 1.000000
1.000000 0.000000 0.000000 0.000000 0.000000 1.000000 0.000000 0.000000 0.000000 0.000000 1.000000 0.000000 0.000000 0.000000 0.000000 1.000000
1.000000 0.000000 0.000000 0.000000 0.000000 1.000000 0.000000 0.000000 0.000000 0.000000 1.000000 0.000000 0.000000 0.000000 0.000000 1.000000
1.000000 0.000000 0.000000 0.000000 0.000000 1.000000 0.000000 0.000000 0.000000 0.000000 1.000000 0.000000 0.000000 0.000000 0.000000 1.000000
1.000000 0.000000 0.000000 0.000000 0.000000 1.000000 0.000000 0.000000 0.000000 0.000000 1.000000 0.000000 0.000000 0.000000 0.000000 1.000000
1.000000 0.000000 0.000000 0.000000 0.000000 1.000000 0.000000 0.000000 0.000000 0.000000 1.000000 0.000000 0.000000 0.000000 0.000000 1.000000
1.000000 0.000000 0.000000 0.000000 0.000000 1.000000 0.000000 0.000000 0.000000 0.000000 1.000000 0.000000 0.000000 0.000000 0.000000 1.000000
1.000000 0.000000 0.000000 0.000000 0.000000 1.000000 0.000000 0.000000 0.000000 0.000000 1.000000 0.000000 0.000000 0.000000 0.000000 1.000000
1.000000 0.000000 0.000000 0.000000 0.000000 1.000000 0.000000 0.000000 0.000000 0.000000 1.000000 0.000000 0.000000 0.000000 0.000000 1.000000
1.000000 0.000000 0.000000 0.000000 0.000000 1.000000 0.000000 0.000000 0.000000 0.000000 1.000000 0.000000 0.000000 0.000000 0.000000 1.000000
1.000000 0.000000 0.000000 0.000000 0.000000 1.000000 0.000000 0.000000 0.000000 0.000000 1.000000 0.000000 0.000000 0.000000 0.000000 1.000000
1.000000 0.000000 0.000000 0.000000 0.000000 1.000000 0.000000 0.000000 0.000000 0.000000 1.000000 0.000000 0.000000 0.000000 0.000000 1.000000
1.000000 0.000000 0.000000 0.000000 0.000000 1.000000 0.000000 0.000000 0.000000 0.000000 1.000000 0.000000 0.000000 0.000000 0.000000 1.000000
1.000000 0.000000 0.000000 0.000000 0.000000 1.000000 0.000000 0.000000 0.000000 0.000000 1.000000 0.000000 0.000000 0.000000 0.000000 1.000000
1.000000 0.000000 0.000000 0.000000 0.000000 1.000000 0.000000 0.000000 0.000000 0.000000 1.000000 0.000000 0.000000 0.000000 0.000000 1.000000
1.000000 0.000000 0.000000 0.000000 0.000000 1.000000 0.000000 0.000000 0.000000 0.000000 1.000000 0.000000 0.000000 0.000000 0.000000 1.000000
1.000000 0.000000 0.000000 0.000000 0.000000 1.000000 0.000000 0.000000 0.000000 0.000000 1.000000 0.000000 0.000000 0.000000 0.000000 1.000000
1.000000 0.000000 0.000000 0.000000 0.000000 1.000000 0.000000 0.000000 0.000000 0.000000 1.000000 0.000000 0.000000 0.000000 0.000000 1.000000
1.000000 0.000000 0.000000 0.000000 0.000000 1.000000 0.000000 0.000000 0.000000 0.000000 1.000000 0.000000 0.000000 0.000000 0.000000 1.000000
1.000000 0.000000 0.000000 0.000000 0.000000 1.000000 0.000000 0.000000 0.000000 0.000000 1.000000 0.000000 0.000000 0.000000 0.000000 1.000000
1.000000 0.000000 0.000000 0.000000 0.000000 1.000000 0.000000 0.000000 0.000000 0.000000 1.000000 0.000000 0.000000 0.000000 0.000000 1.000000
1.000000 0.000000 0.000000 0.000000 0.000000 1.000000 0.000000 0.000000 0.000000 0.000000 1.000000 0.000000 0.000000 0.000000 0.000000 1.000000
1.000000 0.000000 0.000000 0.000000 0.000000 1.000000 0.000000 0.000000 0.000000 0.000000 1.000000 0.000000 0.000000 0.000000 0.000000 1.000000</float_array>
        <technique_common>
          <accessor source="#Armature-Matrix-animation-output-transform-array" count="105" stride="16">
            <param type="float4x4"/>
          </accessor>
        </technique_common>
      </source>
      <source id="Armature-Interpolations">
        <Name_array id="Armature-Interpolations-array" count="105">
 LINEAR LINEAR LINEAR LINEAR LINEAR LINEAR LINEAR LINEAR LINEAR LINEAR LINEAR
LINEAR LINEAR LINEAR LINEAR LINEAR LINEAR LINEAR LINEAR LINEAR LINEAR LINEAR LINEAR
LINEAR LINEAR LINEAR LINEAR LINEAR LINEAR LINEAR LINEAR LINEAR LINEAR LINEAR LINEAR
LINEAR LINEAR LINEAR LINEAR LINEAR LINEAR LINEAR LINEAR LINEAR LINEAR LINEAR LINEAR
LINEAR LINEAR LINEAR LINEAR LINEAR LINEAR LINEAR LINEAR LINEAR LINEAR LINEAR LINEAR
LINEAR LINEAR LINEAR LINEAR LINEAR LINEAR LINEAR LINEAR LINEAR LINEAR LINEAR LINEAR
LINEAR LINEAR LINEAR LINEAR LINEAR LINEAR LINEAR LINEAR LINEAR LINEAR LINEAR LINEAR
LINEAR LINEAR LINEAR LINEAR LINEAR LINEAR LINEAR LINEAR LINEAR LINEAR LINEAR LINEAR
LINEAR LINEAR LINEAR LINEAR LINEAR LINEAR LINEAR LINEAR LINEAR LINEAR</Name_array>
        <technique_common>
          <accessor source="#Armature-Interpolations-array" count="105">
            <param type="name"/>
          </accessor>
        </technique_common>
      </source>
      <sampler id="Armature-Matrix-animation-transform">
        <input semantic="INPUT" source="#Armature-Matrix-animation-input"/>
        <input semantic="OUTPUT" source="#Armature-Matrix-animation-output-transform"/>
        <input semantic="INTERPOLATION" source="#Armature-Interpolations"/>
      </sampler>
      <channel source="#Armature-Matrix-animation-transform" target="Armature/matrix"/>
    </animation>
    <animation id="mixamorig_Hips-anim" name="mixamorig_Hips">
      <source id="mixamorig_Hips-Matrix-animation-input">
        <float_array id="mixamorig_Hips-Matrix-animation-input-array" count="105">

0.000000 0.033333 0.066667 0.100000 0.133333 0.166667 0.200000 0.233333 0.266667 0.300000 0.333333 0.366667 0.400000 0.433333 0.466667 0.500000
0.533333 0.566667 0.600000 0.633333 0.666667 0.700000 0.733333 0.766667 0.800000 0.833333 0.866667 0.900000 0.933333 0.966667 1.000000 1.033333
1.066667 1.100000 1.133333 1.166667 1.200000 1.233333 1.266667 1.300000 1.333333 1.366667 1.400000 1.433333 1.466667 1.500000 1.533333 1.566667
1.600000 1.633333 1.666667 1.700000 1.733333 1.766667 1.800000 1.833333 1.866667 1.900000 1.933333 1.966667 2.000000 2.033333 2.066667 2.100000
2.133333 2.166667 2.200000 2.233333 2.266667 2.300000 2.333333 2.366667 2.400000 2.433333 2.466667 2.500000 2.533333 2.566667 2.600000 2.633333
2.666667 2.700000 2.733333 2.766667 2.800000 2.833333 2.866667 2.900000 2.933333 2.966667 3.000000 3.033333 3.066667 3.100000 3.133333 3.166667
3.200000 3.233333 3.266667 3.300000 3.333333 3.366667 3.400000 3.433333 3.466667</float_array>
        <technique_common>
          <accessor source="#mixamorig_Hips-Matrix-animation-input-array" count="105">
            <param name="TIME" type="float"/>
          </accessor>
        </technique_common>
      </source>
      <source id="mixamorig_Hips-Matrix-animation-output-transform">
        <float_array id="mixamorig_Hips-Matrix-animation-output-transform-array" count="1680">

0.874563 -0.017554 -0.484594 1.725308 -0.004596 0.999000 -0.044483 102.045670 0.484890 0.041130 0.873608 -3.297942 0.000000 0.000000 0.000000 1.000000
0.892767 -0.020874 -0.450035 1.269577 -0.002279 0.998704 -0.050845 101.554108 0.450513 0.046418 0.891562 -2.882444 0.000000 0.000000 0.000000 1.000000
0.915384 -0.021204 -0.402024 0.830951 -0.001928 0.998370 -0.057048 101.073906 0.402578 0.052996 0.913850 -2.381097 0.000000 0.000000 0.000000 1.000000
0.945993 -0.016728 -0.323755 0.436786 -0.003123 0.998151 -0.060699 100.678574 0.324172 0.058432 0.944192 -1.719501 0.000000 0.000000 0.000000 1.000000
0.977972 -0.010070 -0.208492 0.084325 -0.002534 0.998189 -0.060100 100.455635 0.208720 0.059304 0.976176 -0.878581 0.000000 0.000000 0.000000 1.000000
0.998047 -0.004122 -0.062332 -0.195148 0.000543 0.998355 -0.057331 100.468918 0.062466 0.057185 0.996408 0.133728 0.000000 0.000000 0.000000 1.000000
0.995305 0.001833 0.096776 -0.277558 0.003235 0.998632 -0.052194 100.706741 -0.096739 0.052262 0.993937 1.270046 0.000000 0.000000 0.000000 1.000000
0.968903 0.009730 0.247250 -0.046355 0.000726 0.999110 -0.042165 101.099289 -0.247440 0.041033 0.968034 2.453080 0.000000 0.000000 0.000000 1.000000
0.926433 0.017509 0.376052 0.521944 -0.007713 0.999591 -0.027539 101.482307 -0.376380 0.022612 0.926189 3.591354 0.000000 0.000000 0.000000 1.000000
0.881034 0.022614 0.472513 1.443924 -0.020973 0.999742 -0.008741 101.774887 -0.472589 -0.002208 0.881280 4.593405 0.000000 0.000000 0.000000 1.000000
0.832613 0.021334 0.553445 2.456769 -0.033134 0.999387 0.011323 101.980972 -0.552864 -0.027765 0.832809 5.496370 0.000000 0.000000 0.000000 1.000000
0.784097 0.012344 0.620515 3.474473 -0.040158 0.998716 0.030876 102.022560 -0.619337 -0.049128 0.783586 6.248888 0.000000 0.000000 0.000000 1.000000
0.741359 0.001406 0.671107 4.403091 -0.043834 0.997964 0.046332 101.985603 -0.669675 -0.063766 0.739911 6.891022 0.000000 0.000000 0.000000 1.000000
0.720641 -0.004555 0.693294 5.226651 -0.045754 0.997486 0.054112 101.978806 -0.691797 -0.070716 0.718621 7.371636 0.000000 0.000000 0.000000 1.000000
0.740857 -0.006005 0.671636 5.885409 -0.044285 0.997347 0.057766 102.002029 -0.670201 -0.072540 0.738626 7.604308 0.000000 0.000000 0.000000 1.000000
0.785310 -0.007568 0.619057 6.430937 -0.037457 0.997513 0.059711 102.026497 -0.617969 -0.070079 0.783073 7.727399 0.000000 0.000000 0.000000 1.000000
0.852715 -0.011165 0.522257 6.905199 -0.021872 0.998132 0.057050 102.066536 -0.521919 -0.060070 0.850877 7.790960 0.000000 0.000000 0.000000 1.000000
0.928040 -0.018461 0.372022 7.367703 0.001346 0.998931 0.046214 102.066727 -0.372478 -0.042388 0.927073 7.806388 0.000000 0.000000 0.000000 1.000000
0.984895 -0.029262 0.170660 7.814574 0.025439 0.999375 0.024547 102.015343 -0.171271 -0.019834 0.985024 7.802997 0.000000 0.000000 0.000000 1.000000
0.996093 -0.044073 -0.076532 8.196216 0.043537 0.999014 -0.008667 101.836922 0.076838 0.005301 0.997029 7.831594 0.000000 0.000000 0.000000 1.000000
0.935285 -0.068621 -0.347179 8.441997 0.054571 0.997252 -0.050098 101.428116 0.349663 0.027910 0.936460 7.944281 0.000000 0.000000 0.000000 1.000000
0.792181 -0.107831 -0.600685 8.399796 0.064016 0.993519 -0.093926 100.647774 0.606920 0.035954 0.793949 8.115885 0.000000 0.000000 0.000000 1.000000
0.596708 -0.154133 -0.787517 8.035344 0.076216 0.987829 -0.135588 99.462662 0.798831 0.020885 0.601193 8.230137 0.000000 0.000000 0.000000 1.000000
0.364818 -0.200684 -0.909194 7.591692 0.086000 0.979584 -0.181713 97.486107 0.927099 -0.011898 0.374628 8.262193 0.000000 0.000000 0.000000 1.000000
0.163802 -0.230627 -0.959156 7.467636 0.076592 0.972327 -0.220714 95.158951 0.983515 -0.037310 0.176933 8.347820 0.000000 0.000000 0.000000 1.000000
0.018079 -0.253421 -0.967187 7.672333 0.045360 0.966557 -0.252408 92.578812 0.998807 -0.039308 0.028970 8.608499 0.000000 0.000000 0.000000 1.000000
-0.088391 -0.284083 -0.954717 7.898570 0.005623 0.958311 -0.285673 90.279556 0.996070 -0.030620 -0.083109 9.073884 0.000000 0.000000 0.000000 1.000000
-0.183860 -0.317316 -0.930326 8.084749 -0.037453 0.948035 -0.315954 88.055656 0.982239 -0.023247 -0.186190 9.549780 0.000000 0.000000 0.000000 1.000000
-0.267358 -0.354219 -0.896130 8.166286 -0.080313 0.934939 -0.345599 86.072372 0.960245 -0.020428 -0.278412 10.035667 0.000000 0.000000 0.000000 1.000000
-0.333062 -0.395642 -0.855883 8.097476 -0.119266 0.918096 -0.377989 84.533653 0.935332 -0.023816 -0.352970 10.564616 0.000000 0.000000 0.000000 1.000000
-0.381020 -0.434132 -0.816305 7.898796 -0.148597 0.900182 -0.409380 83.458969 0.912547 -0.034681 -0.407498 11.045637 0.000000 0.000000 0.000000 1.000000
-0.418946 -0.469602 -0.777147 7.614937 -0.171205 0.881380 -0.440293 82.653458 0.891725 -0.051407 -0.449649 11.488995 0.000000 0.000000 0.000000 1.000000
-0.451886 -0.502136 -0.737332 7.317980 -0.191893 0.861901 -0.469365 81.955948 0.871193 -0.070610 -0.485837 11.887835 0.000000 0.000000 0.000000 1.000000
-0.476432 -0.529374 -0.701980 7.049426 -0.208309 0.843652 -0.494832 81.509010 0.854178 -0.089525 -0.512216 12.150915 0.000000 0.000000 0.000000 1.000000
-0.492100 -0.550994 -0.673975 6.807837 -0.218470 0.827594 -0.517067 81.411789 0.842679 -0.107205 -0.527635 12.241160 0.000000 0.000000 0.000000 1.000000
-0.502131 -0.569000 -0.651232 6.595740 -0.224632 0.813021 -0.537158 81.521118 0.835108 -0.123436 -0.536058 12.227838 0.000000 0.000000 0.000000 1.000000
-0.503839 -0.582519 -0.637823 6.445942 -0.225148 0.801432 -0.554089 81.872620 0.833939 -0.135567 -0.534946 12.081536 0.000000 0.000000 0.000000 1.000000
-0.493500 -0.591067 -0.638041 6.414077 -0.219408 0.794474 -0.566279 82.440720 0.841616 -0.139467 -0.521758 11.790026 0.000000 0.000000 0.000000 1.000000
-0.459127 -0.590570 -0.663648 6.615902 -0.202193 0.796901 -0.569269 83.407173 0.865055 -0.127182 -0.485288 11.224103 0.000000 0.000000 0.000000 1.000000
-0.403261 -0.581198 -0.706816 6.999265 -0.175946 0.807238 -0.563391 84.695671 0.898011 -0.102833 -0.427787 10.421680 0.000000 0.000000 0.000000 1.000000
-0.333674 -0.564512 -0.754976 7.470222 -0.146133 0.822169 -0.550167 86.054680 0.931293 -0.073250 -0.356830 9.494801 0.000000 0.000000 0.000000 1.000000
-0.250795 -0.539586 -0.803709 7.961318 -0.113038 0.840888 -0.529273 87.428139 0.961418 -0.041889 -0.271885 8.453637 0.000000 0.000000 0.000000 1.000000
-0.156949 -0.506981 -0.847548 8.413748 -0.077509 0.861860 -0.501188 88.768501 0.984561 -0.012969 -0.174563 7.317795 0.000000 0.000000 0.000000 1.000000
-0.047288 -0.463699 -0.884730 8.814670 -0.038635 0.885907 -0.462251 90.118362 0.998134 0.012322 -0.059808 6.046465 0.000000 0.000000 0.000000 1.000000
0.089527 -0.404663 -0.910073 9.168364 0.005149 0.913918 -0.405867 91.608734 0.995971 0.031650 0.083904 4.500109 0.000000 0.000000 0.000000 1.000000
0.257097 -0.330480 -0.908121 9.421892 0.052842 0.943111 -0.328253 93.272324 0.964940 0.036406 0.259934 2.704047 0.000000 0.000000 0.000000 1.000000
0.457633 -0.256052 -0.851475 9.367131 0.113698 0.966628 -0.229572 95.096634 0.881842 0.008249 0.471474 1.175459 0.000000 0.000000 0.000000 1.000000
0.651053 -0.198207 -0.732696 8.945008 0.159737 0.979464 -0.123024 96.926476 0.742034 -0.036943 0.669344 0.017556 0.000000 0.000000 0.000000 1.000000
0.805526 -0.169941 -0.567669 8.228861 0.180945 0.982780 -0.037450 98.549980 0.564258 -0.072550 0.822404 -0.379671 0.000000 0.000000 0.000000 1.000000
0.911627 -0.160722 -0.378291 7.393795 0.180294 0.983472 0.016640 99.753441 0.369364 -0.083373 0.925537 -0.049926 0.000000 0.000000 0.000000 1.000000
0.970924 -0.156435 -0.181201 6.546951 0.164856 0.985789 0.032293 100.312759 0.173574 -0.061226 0.982916 0.922191 0.000000 0.000000 0.000000 1.000000
0.989121 -0.144953 0.025064 5.749624 0.144276 0.989170 0.026970 100.480629 -0.028702 -0.023060 0.999322 2.139285 0.000000 0.000000 0.000000 1.000000
0.964375 -0.117172 0.237172 5.095994 0.117606 0.992983 0.012369 100.277573 -0.236957 0.015965 0.971389 3.113368 0.000000 0.000000 0.000000 1.000000
0.910298 -0.086030 0.404915 4.618564 0.097084 0.995253 -0.006803 99.945953 -0.402407 0.045503 0.914329 3.831053 0.000000 0.000000 0.000000 1.000000
0.855076 -0.062024 0.514779 4.260824 0.088203 0.995749 -0.026534 99.590431 -0.510945 0.068094 0.856912 4.320567 0.000000 0.000000 0.000000 1.000000
0.804327 -0.042259 0.592682 3.971682 0.085570 0.995308 -0.045161 99.270828 -0.587993 0.087041 0.804169 4.713569 0.000000 0.000000 0.000000 1.000000
0.753685 -0.023376 0.656820 3.716996 0.085918 0.994296 -0.063203 98.958076 -0.651596 0.104067 0.751394 5.072481 0.000000 0.000000 0.000000 1.000000
0.704951 -0.005504 0.709235 3.492570 0.088584 0.992823 -0.080344 98.657654 -0.703703 0.119466 0.700379 5.396458 0.000000 0.000000 0.000000 1.000000
0.659269 0.011261 0.751823 3.293450 0.093043 0.990981 -0.096432 98.376320 -0.746128 0.133527 0.652276 5.683879 0.000000 0.000000 0.000000 1.000000
0.617337 0.026866 0.786240 3.114107 0.098875 0.988842 -0.111423 98.114975 -0.780460 0.146525 0.607793 5.931763 0.000000 0.000000 0.000000 1.000000
0.579485 0.041484 0.813927 2.953117 0.105406 0.986501 -0.125325 97.875092 -0.808138 0.158417 0.567289 6.139388 0.000000 0.000000 0.000000 1.000000
0.545840 0.055077 0.836077 2.803958 0.112398 0.984006 -0.138202 97.652176 -0.830317 0.169409 0.530919 6.300941 0.000000 0.000000 0.000000 1.000000
0.539090 0.060314 0.840086 2.675874 0.120418 0.981666 -0.147752 97.503860 -0.833595 0.180813 0.521944 6.275323 0.000000 0.000000 0.000000 1.000000
0.538473 0.063711 0.840230 2.555387 0.127976 0.979387 -0.156278 97.404335 -0.832868 0.191681 0.519220 6.193098 0.000000 0.000000 0.000000 1.000000
0.540921 0.066761 0.838420 2.453777 0.134069 0.977255 -0.164313 97.379105 -0.830319 0.201287 0.519667 6.096613 0.000000 0.000000 0.000000 1.000000
0.544886 0.069607 0.835616 2.359991 0.139425 0.975155 -0.172146 97.384872 -0.826837 0.210306 0.521643 5.993812 0.000000 0.000000 0.000000 1.000000
0.551448 0.072098 0.831088 2.265495 0.143786 0.973133 -0.179826 97.422859 -0.821724 0.218664 0.526266 5.875362 0.000000 0.000000 0.000000 1.000000
0.561637 0.074063 0.824062 2.161752 0.146896 0.971236 -0.187407 97.494339 -0.814239 0.226307 0.534603 5.732085 0.000000 0.000000 0.000000 1.000000
0.576423 0.075345 0.813670 2.040466 0.148457 0.969514 -0.194946 97.599228 -0.803553 0.233166 0.547665 5.554837 0.000000 0.000000 0.000000 1.000000
0.607409 0.074127 0.790923 1.851865 0.144049 0.968853 -0.201430 97.821617 -0.781220 0.236282 0.577812 5.243119 0.000000 0.000000 0.000000 1.000000
0.650752 0.068815 0.756166 1.529043 0.135222 0.969461 -0.204597 98.043083 -0.747153 0.235392 0.621573 4.747113 0.000000 0.000000 0.000000 1.000000
0.694363 0.062104 0.716940 1.172028 0.125042 0.970702 -0.205190 98.254898 -0.708678 0.232124 0.666253 4.205857 0.000000 0.000000 0.000000 1.000000
0.734333 0.055118 0.676548 0.820847 0.114437 0.972379 -0.203430 98.473831 -0.669074 0.226808 0.707742 3.673115 0.000000 0.000000 0.000000 1.000000
0.774480 0.047151 0.630839 0.469366 0.102482 0.974694 -0.198668 98.743652 -0.624242 0.218514 0.750049 3.112554 0.000000 0.000000 0.000000 1.000000
0.813069 0.038353 0.580902 0.145751 0.090438 0.977393 -0.191114 99.048889 -0.575099 0.207925 0.791219 2.556471 0.000000 0.000000 0.000000 1.000000
0.850269 0.029711 0.525509 -0.142887 0.078186 0.980199 -0.181923 99.380966 -0.520509 0.195771 0.831110 2.009056 0.000000 0.000000 0.000000 1.000000
0.885597 0.020895 0.463984 -0.387815 0.066929 0.982820 -0.172005 99.725266 -0.459606 0.183381 0.868984 1.482429 0.000000 0.000000 0.000000 1.000000
0.917435 0.012365 0.397694 -0.595458 0.056832 0.985196 -0.161738 100.065964 -0.393806 0.170986 0.903150 0.973534 0.000000 0.000000 0.000000 1.000000
0.944880 0.004328 0.327388 -0.724266 0.048331 0.987115 -0.152538 100.375336 -0.323830 0.159953 0.932496 0.502263 0.000000 0.000000 0.000000 1.000000
0.966433 -0.003075 0.256900 -0.738230 0.041654 0.988574 -0.144867 100.617439 -0.253519 0.150705 0.955519 0.110340 0.000000 0.000000 0.000000 1.000000
0.982599 -0.009817 0.185478 -0.712241 0.035814 0.989876 -0.137339 100.832718 -0.182252 0.141592 0.973004 -0.251947 0.000000 0.000000 0.000000 1.000000
0.993343 -0.015915 0.114091 -0.631879 0.030801 0.991045 -0.129926 101.009048 -0.111002 0.132576 0.984938 -0.567690 0.000000 0.000000 0.000000 1.000000
0.998834 -0.021541 0.043203 -0.499566 0.026699 0.992093 -0.122633 101.133163 -0.040220 0.123643 0.991511 -0.837354 0.000000 0.000000 0.000000 1.000000
0.999279 -0.026539 -0.027135 -0.338688 0.023243 0.993060 -0.115288 101.236053 0.030007 0.114574 0.992961 -1.078490 0.000000 0.000000 0.000000 1.000000
0.994839 -0.030831 -0.096664 -0.163741 0.020329 0.993965 -0.107799 101.329254 0.099404 0.105277 0.989462 -1.301968 0.000000 0.000000 0.000000 1.000000
0.985811 -0.034338 -0.164307 0.026826 0.017956 0.994809 -0.100168 101.415276 0.166894 0.095796 0.981310 -1.504508 0.000000 0.000000 0.000000 1.000000
0.972596 -0.037101 -0.229524 0.233938 0.016146 0.995581 -0.092512 101.496071 0.231942 0.086271 0.968896 -1.685925 0.000000 0.000000 0.000000 1.000000
0.956150 -0.039093 -0.290258 0.458607 0.014861 0.996251 -0.085224 101.572701 0.292501 0.077173 0.953146 -1.834877 0.000000 0.000000 0.000000 1.000000
0.938422 -0.040224 -0.343141 0.710390 0.013918 0.996794 -0.078785 101.642548 0.345210 0.069158 0.935974 -1.936667 0.000000 0.000000 0.000000 1.000000
0.921091 -0.040160 -0.387270 0.933737 0.012804 0.997252 -0.072964 101.709763 0.389137 0.062248 0.919075 -2.024629 0.000000 0.000000 0.000000 1.000000
0.907839 -0.038394 -0.417556 1.089832 0.010875 0.997620 -0.068085 101.776169 0.419177 0.057269 0.906097 -2.105806 0.000000 0.000000 0.000000 1.000000
0.896372 -0.035898 -0.441847 1.216379 0.008633 0.997940 -0.063563 101.840736 0.443218 0.053162 0.894836 -2.184786 0.000000 0.000000 0.000000 1.000000
0.887696 -0.032830 -0.459257 1.314167 0.006146 0.998211 -0.059477 101.897324 0.460388 0.049975 0.886310 -2.265278 0.000000 0.000000 0.000000 1.000000
0.881088 -0.029572 -0.472027 1.399037 0.003681 0.998442 -0.055681 101.943954 0.472938 0.047322 0.879824 -2.348776 0.000000 0.000000 0.000000 1.000000
0.876378 -0.026232 -0.480910 1.473416 0.001273 0.998638 -0.052152 101.981697 0.481623 0.045093 0.875218 -2.435726 0.000000 0.000000 0.000000 1.000000
0.874004 -0.022838 -0.485382 1.534575 -0.001091 0.998800 -0.048960 102.009697 0.485917 0.043321 0.872930 -2.527709 0.000000 0.000000 0.000000 1.000000
0.873407 -0.019442 -0.486602 1.582957 -0.003403 0.998935 -0.046019 102.029800 0.486979 0.041849 0.872411 -2.624038 0.000000 0.000000 0.000000 1.000000
0.874096 -0.016933 -0.485458 1.607005 -0.004991 0.999026 -0.043832 102.041008 0.485728 0.040736 0.873160 -2.705494 0.000000 0.000000 0.000000 1.000000
0.874951 -0.015084 -0.483976 1.622931 -0.006120 0.999090 -0.042203 102.048920 0.484172 0.039887 0.874063 -2.778818 0.000000 0.000000 0.000000 1.000000
0.875308 -0.014595 -0.483346 1.636646 -0.006412 0.999106 -0.041779 102.051544 0.483524 0.039668 0.874432 -2.849733 0.000000 0.000000 0.000000 1.000000
0.875241 -0.015102 -0.483451 1.653476 -0.006097 0.999089 -0.042248 102.050682 0.483649 0.039925 0.874351 -2.936839 0.000000 0.000000 0.000000 1.000000
0.875068 -0.015818 -0.483741 1.674459 -0.005657 0.999063 -0.042903 102.049286 0.483966 0.040280 0.874159 -3.043149 0.000000 0.000000 0.000000 1.000000
0.874870 -0.016540 -0.484076 1.695620 -0.005215 0.999037 -0.043561 102.047813 0.484331 0.040634 0.873941 -3.149388 0.000000 0.000000 0.000000 1.000000
0.874691 -0.017143 -0.484378 1.713257 -0.004846 0.999015 -0.044109 102.046532 0.484657 0.040929 0.873746 -3.237785 0.000000 0.000000 0.000000 1.000000
0.874579 -0.017504 -0.484566 1.723828 -0.004626 0.999001 -0.044437 102.045776 0.484860 0.041105 0.873625 -3.290490 0.000000 0.000000 0.000000 1.000000</float_array>
        <technique_common>
          <accessor source="#mixamorig_Hips-Matrix-animation-output-transform-array" count="105" stride="16">
            <param type="float4x4"/>
          </accessor>
        </technique_common>
      </source>
      <source id="mixamorig_Hips-Interpolations">
        <Name_array id="mixamorig_Hips-Interpolations-array" count="105">
 LINEAR LINEAR LINEAR LINEAR LINEAR LINEAR LINEAR LINEAR LINEAR LINEAR LINEAR
LINEAR LINEAR LINEAR LINEAR LINEAR LINEAR LINEAR LINEAR LINEAR LINEAR LINEAR LINEAR
LINEAR LINEAR LINEAR LINEAR LINEAR LINEAR LINEAR LINEAR LINEAR LINEAR LINEAR LINEAR
LINEAR LINEAR LINEAR LINEAR LINEAR LINEAR LINEAR LINEAR LINEAR LINEAR LINEAR LINEAR
LINEAR LINEAR LINEAR LINEAR LINEAR LINEAR LINEAR LINEAR LINEAR LINEAR LINEAR LINEAR
LINEAR LINEAR LINEAR LINEAR LINEAR LINEAR LINEAR LINEAR LINEAR LINEAR LINEAR LINEAR
LINEAR LINEAR LINEAR LINEAR LINEAR LINEAR LINEAR LINEAR LINEAR LINEAR LINEAR LINEAR
LINEAR LINEAR LINEAR LINEAR LINEAR LINEAR LINEAR LINEAR LINEAR LINEAR LINEAR LINEAR
LINEAR LINEAR LINEAR LINEAR LINEAR LINEAR LINEAR LINEAR LINEAR LINEAR</Name_array>
        <technique_common>
          <accessor source="#mixamorig_Hips-Interpolations-array" count="105">
            <param type="name"/>
          </accessor>
        </technique_common>
      </source>
      <sampler id="mixamorig_Hips-Matrix-animation-transform">
        <input semantic="INPUT" source="#mixamorig_Hips-Matrix-animation-input"/>
        <input semantic="OUTPUT" source="#mixamorig_Hips-Matrix-animation-output-transform"/>
        <input semantic="INTERPOLATION" source="#mixamorig_Hips-Interpolations"/>
      </sampler>
      <channel source="#mixamorig_Hips-Matrix-animation-transform" target="mixamorig_Hips/matrix"/>
    </animation>
    <animation id="mixamorig_Spine-anim" name="mixamorig_Spine">
      <source id="mixamorig_Spine-Matrix-animation-input">
        <float_array id="mixamorig_Spine-Matrix-animation-input-array" count="105">

0.000000 0.033333 0.066667 0.100000 0.133333 0.166667 0.200000 0.233333 0.266667 0.300000 0.333333 0.366667 0.400000 0.433333 0.466667 0.500000
0.533333 0.566667 0.600000 0.633333 0.666667 0.700000 0.733333 0.766667 0.800000 0.833333 0.866667 0.900000 0.933333 0.966667 1.000000 1.033333
1.066667 1.100000 1.133333 1.166667 1.200000 1.233333 1.266667 1.300000 1.333333 1.366667 1.400000 1.433333 1.466667 1.500000 1.533333 1.566667
1.600000 1.633333 1.666667 1.700000 1.733333 1.766667 1.800000 1.833333 1.866667 1.900000 1.933333 1.966667 2.000000 2.033333 2.066667 2.100000
2.133333 2.166667 2.200000 2.233333 2.266667 2.300000 2.333333 2.366667 2.400000 2.433333 2.466667 2.500000 2.533333 2.566667 2.600000 2.633333
2.666667 2.700000 2.733333 2.766667 2.800000 2.833333 2.866667 2.900000 2.933333 2.966667 3.000000 3.033333 3.066667 3.100000 3.133333 3.166667
3.200000 3.233333 3.266667 3.300000 3.333333 3.366667 3.400000 3.433333 3.466667</float_array>
        <technique_common>
          <accessor source="#mixamorig_Spine-Matrix-animation-input-array" count="105">
            <param name="TIME" type="float"/>
          </accessor>
        </technique_common>
      </source>
      <source id="mixamorig_Spine-Matrix-animation-output-transform">
        <float_array id="mixamorig_Spine-Matrix-animation-output-transform-array" count="1680">

0.998918 0.045937 -0.007195 0.000000 -0.046497 0.986783 -0.155232 12.246100 -0.000031 0.155398 0.987852 0.234600 0.000000 0.000000 0.000000 1.000000
0.998551 0.053774 0.002170 0.000000 -0.052888 0.987966 -0.145348 12.246100 -0.009960 0.145023 0.989378 0.234600 0.000000 0.000000 0.000000 1.000000
0.998423 0.053937 0.015597 0.000000 -0.051443 0.990072 -0.130811 12.246100 -0.022498 0.129803 0.991285 0.234600 0.000000 0.000000 0.000000 1.000000
