<?xml version="1.0" encoding="utf-8"?>
<COLLADA xmlns="http://www.collada.org/2005/11/COLLADASchema" version="1.4.1">
  <asset>
    <contributor>
      <author>Mixamo</author>
      <authoring_tool>COLLADA Mixamo exporter</authoring_tool>
      <comments/>
    </contributor>
    <created>2024-04-05T10:42:11Z</created>
    <modified>2024-04-05T10:42:11Z</modified>
    <revision/>
    <title/>
    <unit meter="0.010000"/>
    <up_axis>Y_UP</up_axis>
  </asset>
  <library_animations>
    <animation id="Armature-anim" name="Armature">
      <source id="Armature-Matrix-animation-input">
        <float_array id="Armature-Matrix-animation-input-array" count="98">

0.000000 0.033333 0.066667 0.100000 0.133333 0.166667 0.200000 0.233333 0.266667 0.300000 0.333333 0.366667 0.400000 0.433333 0.466667 0.500000
0.533333 0.566667 0.600000 0.633333 0.666667 0.700000 0.733333 0.766667 0.800000 0.833333 0.866667 0.900000 0.933333 0.966667 1.000000 1.033333
1.066667 1.100000 1.133333 1.166667 1.200000 1.233333 1.266667 1.300000 1.333333 1.366667 1.400000 1.433333 1.466667 1.500000 1.533333 1.566667
1.600000 1.633333 1.666667 1.700000 1.733333 1.766667 1.800000 1.833333 1.866667 1.900000 1.933333 1.966667 2.000000 2.033333 2.066667 2.100000
2.133333 2.166667 2.200000 2.233333 2.266667 2.300000 2.333333 2.366667 2.400000 2.433333 2.466667 2.500000 2.533333 2.566667 2.600000 2.633333
2.666667 2.700000 2.733333 2.766667 2.800000 2.833333 2.866667 2.900000 2.933333 2.966667 3.000000 3.033333 3.066667 3.100000 3.133333 3.166667
3.200000 3.233333</float_array>
        <technique_common>
          <accessor source="#Armature-Matrix-animation-input-array" count="98">
            <param name="TIME" type="float"/>
          </accessor>
        </technique_common>
      </source>
      <source id="Armature-Matrix-animation-output-transform">
        <float_array id="Armature-Matrix-animation-output-transform-array" count="1568">

1.000000 0.000000 0.000000 0.000000 0.000000 1.000000 0.000000 0.000000 0.000000 0.000000 1.000000 0.000000 0.000000 0.000000 0.000000 1.000000
1.000000 0.000000 0.000000 0.000000 0.000000 1.000000 0.000000 0.000000 0.000000 0.000000 1.000000 0.000000 0.000000 0.000000 0.000000 1.000000
1.000000 0.000000 0.000000 0.000000 0.000000 1.000000 0.000000 0.000000 0.000000 0.000000 1.000000 0.000000 0.000000 0.000000 0.000000 1.000000
1.000000 0.000000 0.000000 0.000000 0.000000 1.000000 0.000000 0.000000 0.000000 0.000000 1.000000 0.000000 0.000000 0.000000 0.000000 1.000000
1.000000 0.000000 0.000000 0.000000 0.000000 1.000000 0.000000 0.000000 0.000000 0.000000 1.000000 0.000000 0.000000 0.000000 0.000000 1.000000
1.000000 0.000000 0.000000 0.000000 0.000000 1.000000 0.000000 0.000000 0.000000 0.000000 1.000000 0.000000 0.000000 0.000000 0.000000 1.000000
1.000000 0.000000 0.000000 0.000000 0.000000 1.000000 0.000000 0.000000 0.000000 0.000000 1.000000 0.000000 0.000000 0.000000 0.000000 1.000000
1.000000 0.000000 0.000000 0.000000 0.000000 1.000000 0.000000 0.000000 0.000000 0.000000 1.000000 0.000000 0.000000 0.000000 0.000000 1.000000
1.000000 0.000000 0.000000 0.000000 0.000000 1.000000 0.000000 0.000000 0.000000 0.000000 1.000000 0.000000 0.000000 0.000000 0.000000 1.000000
1.000000 0.000000 0.000000 0.000000 0.000000 1.000000 0.000000 0.000000 0.000000 0.000000 1.000000 0.000000 0.000000 0.000000 0.000000 1.000000
1.000000 0.000000 0.000000 0.000000 0.000000 1.000000 0.000000 0.000000 0.000000 0.000000 1.000000 0.000000 0.000000 0.000000 0.000000 1.000000
1.000000 0.000000 0.000000 0.000000 0.000000 1.000000 0.000000 0.000000 0.000000 0.000000 1.000000 0.000000 0.000000 0.000000 0.000000 1.000000
1.000000 0.000000 0.000000 0.000000 0.000000 1.000000 0.000000 0.000000 0.000000 0.000000 1.000000 0.000000 0.000000 0.000000 0.000000 1.000000
1.000000 0.000000 0.000000 0.000000 0.000000 1.000000 0.000000 0.000000 0.000000 0.000000 1.000000 0.000000 0.000000 0.000000 0.000000 1.000000
1.000000 0.000000 0.000000 0.000000 0.000000 1.000000 0.000000 0.000000 0.000000 0.000000 1.000000 0.000000 0.000000 0.000000 0.000000 1.000000
1.000000 0.000000 0.000000 0.000000 0.000000 1.000000 0.000000 0.000000 0.000000 0.000000 1.000000 0.000000 0.000000 0.000000 0.000000 1.000000
1.000000 0.000000 0.000000 0.000000 0.000000 1.000000 0.000000 0.000000 0.000000 0.000000 1.000000 0.000000 0.000000 0.000000 0.000000 1.000000
1.000000 0.000000 0.000000 0.000000 0.000000 1.000000 0.000000 0.000000 0.000000 0.000000 1.000000 0.000000 0.000000 0.000000 0.000000 1.000000
1.000000 0.000000 0.000000 0.000000 0.000000 1.000000 0.000000 0.000000 0.000000 0.000000 1.000000 0.000000 0.000000 0.000000 0.000000 1.000000
1.000000 0.000000 0.000000 0.000000 0.000000 1.000000 0.000000 0.000000 0.000000 0.000000 1.000000 0.000000 0.000000 0.000000 0.000000 1.000000
1.000000 0.000000 0.000000 0.000000 0.000000 1.000000 0.000000 0.000000 0.000000 0.000000 1.000000 0.000000 0.000000 0.000000 0.000000 1.000000
1.000000 0.000000 0.000000 0.000000 0.000000 1.000000 0.000000 0.000000 0.000000 0.000000 1.000000 0.000000 0.000000 0.000000 0.000000 1.000000
1.000000 0.000000 0.000000 0.000000 0.000000 1.000000 0.000000 0.000000 0.000000 0.000000 1.000000 0.000000 0.000000 0.000000 0.000000 1.000000
1.000000 0.000000 0.000000 0.000000 0.000000 1.000000 0.000000 0.000000 0.000000 0.000000 1.000000 0.000000 0.000000 0.000000 0.000000 1.000000
1.000000 0.000000 0.000000 0.000000 0.000000 1.000000 0.000000 0.000000 0.000000 0.000000 1.000000 0.000000 0.000000 0.000000 0.000000 1.000000
1.000000 0.000000 0.000000 0.000000 0.000000 1.000000 0.000000 0.000000 0.000000 0.000000 1.000000 0.000000 0.000000 0.000000 0.000000 1.000000
1.000000 0.000000 0.000000 0.000000 0.000000 1.000000 0.000000 0.000000 0.000000 0.000000 1.000000 0.000000 0.000000 0.000000 0.000000 1.000000
1.000000 0.000000 0.000000 0.000000 0.000000 1.000000 0.000000 0.000000 0.000000 0.000000 1.000000 0.000000 0.000000 0.000000 0.000000 1.000000
1.000000 0.000000 0.000000 0.000000 0.000000 1.000000 0.000000 0.000000 0.000000 0.000000 1.000000 0.000000 0.000000 0.000000 0.000000 1.000000
1.000000 0.000000 0.000000 0.000000 0.000000 1.000000 0.000000 0.000000 0.000000 0.000000 1.000000 0.000000 0.000000 0.000000 0.000000 1.000000
1.000000 0.000000 0.000000 0.000000 0.000000 1.000000 0.000000 0.000000 0.000000 0.000000 1.000000 0.000000 0.000000 0.000000 0.000000 1.000000
1.000000 0.000000 0.000000 0.000000 0.000000 1.000000 0.000000 0.000000 0.000000 0.000000 1.000000 0.000000 0.000000 0.000000 0.000000 1.000000
1.000000 0.000000 0.000000 0.000000 0.000000 1.000000 0.000000 0.000000 0.000000 0.000000 1.000000 0.000000 0.000000 0.000000 0.000000 1.000000
1.000000 0.000000 0.000000 0.000000 0.000000 1.000000 0.000000 0.000000 0.000000 0.000000 1.000000 0.000000 0.000000 0.000000 0.000000 1.000000
1.000000 0.000000 0.000000 0.000000 0.000000 1.000000 0.000000 0.000000 0.000000 0.000000 1.000000 0.000000 0.000000 0.000000 0.000000 1.000000
1.000000 0.000000 0.000000 0.000000 0.000000 1.000000 0.000000 0.000000 0.000000 0.000000 1.000000 0.000000 0.000000 0.000000 0.000000 1.000000
1.000000 0.000000 0.000000 0.000000 0.000000 1.000000 0.000000 0.000000 0.000000 0.000000 1.000000 0.000000 0.000000 0.000000 0.000000 1.000000
1.000000 0.000000 0.000000 0.000000 0.000000 1.000000 0.000000 0.000000 0.000000 0.000000 1.000000 0.000000 0.000000 0.000000 0.000000 1.000000
1.000000 0.000000 0.000000 0.000000 0.000000 1.000000 0.000000 0.000000 0.000000 0.000000 1.000000 0.000000 0.000000 0.000000 0.000000 1.000000
1.000000 0.000000 0.000000 0.000000 0.000000 1.000000 0.000000 0.000000 0.000000 0.000000 1.000000 0.000000 0.000000 0.000000 0.000000 1.000000
1.000000 0.000000 0.000000 0.000000 0.000000 1.000000 0.000000 0.000000 0.000000 0.000000 1.000000 0.000000 0.000000 0.000000 0.000000 1.000000
1.000000 0.000000 0.000000 0.000000 0.000000 1.000000 0.000000 0.000000 0.000000 0.000000 1.000000 0.000000 0.000000 0.000000 0.000000 1.000000
1.000000 0.000000 0.000000 0.000000 0.000000 1.000000 0.000000 0.000000 0.000000 0.000000 1.000000 0.000000 0.000000 0.000000 0.000000 1.000000
1.000000 0.000000 0.000000 0.000000 0.000000 1.000000 0.000000 0.000000 0.000000 0.000000 1.000000 0.000000 0.000000 0.000000 0.000000 1.000000
1.000000 0.000000 0.000000 0.000000 0.000000 1.000000 0.000000 0.000000 0.000000 0.000000 1.000000 0.000000 0.000000 0.000000 0.000000 1.000000
1.000000 0.000000 0.000000 0.000000 0.000000 1.000000 0.000000 0.000000 0.000000 0.000000 1.000000 0.000000 0.000000 0.000000 0.000000 1.000000
1.000000 0.000000 0.000000 0.000000 0.000000 1.000000 0.000000 0.000000 0.000000 0.000000 1.000000 0.000000 0.000000 0.000000 0.000000 1.000000
1.000000 0.000000 0.000000 0.000000 0.000000 1.000000 0.000000 0.000000 0.000000 0.000000 1.000000 0.000000 0.000000 0.000000 0.000000 1.000000
1.000000 0.000000 0.000000 0.000000 0.000000 1.000000 0.000000 0.000000 0.000000 0.000000 1.000000 0.000000 0.000000 0.000000 0.000000 1.000000
1.000000 0.000000 0.000000 0.000000 0.000000 1.000000 0.000000 0.000000 0.000000 0.000000 1.000000 0.000000 0.000000 0.000000 0.000000 1.000000
1.000000 0.000000 0.000000 0.000000 0.000000 1.000000 0.000000 0.000000 0.000000 0.000000 1.000000 0.000000 0.000000 0.000000 0.000000 1.000000
1.000000 0.000000 0.000000 0.000000 0.000000 1.000000 0.000000 0.000000 0.000000 0.000000 1.000000 0.000000 0.000000 0.000000 0.000000 1.000000
1.000000 0.000000 0.000000 0.000000 0.000000 1.000000 0.000000 0.000000 0.000000 0.000000 1.000000 0.000000 0.000000 0.000000 0.000000 1.000000
1.000000 0.000000 0.000000 0.000000 0.000000 1.000000 0.000000 0.000000 0.000000 0.000000 1.000000 0.000000 0.000000 0.000000 0.000000 1.000000
1.000000 0.000000 0.000000 0.000000 0.000000 1.000000 0.000000 0.000000 0.000000 0.000000 1.000000 0.000000 0.000000 0.000000 0.000000 1.000000
1.000000 0.000000 0.000000 0.000000 0.000000 1.000000 0.000000 0.000000 0.000000 0.000000 1.000000 0.000000 0.000000 0.000000 0.000000 1.000000
1.000000 0.000000 0.000000 0.000000 0.000000 1.000000 0.000000 0.000000 0.000000 0.000000 1.000000 0.000000 0.000000 0.000000 0.000000 1.000000
1.000000 0.000000 0.000000 0.000000 0.000000 1.000000 0.000000 0.000000 0.000000 0.000000 1.000000 0.000000 0.000000 0.000000 0.000000 1.000000
1.000000 0.000000 0.000000 0.000000 0.000000 1.000000 0.000000 0.000000 0.000000 0.000000 1.000000 0.000000 0.000000 0.000000 0.000000 1.000000
1.000000 0.000000 0.000000 0.000000 0.000000 1.000000 0.000000 0.000000 0.000000 0.000000 1.000000 0.000000 0.000000 0.000000 0.000000 1.000000
1.000000 0.000000 0.000000 0.000000 0.000000 1.000000 0.000000 0.000000 0.000000 0.000000 1.000000 0.000000 0.000000 0.000000 0.000000 1.000000
1.000000 0.000000 0.000000 0.000000 0.000000 1.000000 0.000000 0.000000 0.000000 0.000000 1.000000 0.000000 0.000000 0.000000 0.000000 1.000000
1.000000 0.000000 0.000000 0.000000 0.000000 1.000000 0.000000 0.000000 0.000000 0.000000 1.000000 0.000000 0.000000 0.000000 0.000000 1.000000
1.000000 0.000000 0.000000 0.000000 0.000000 1.000000 0.000000 0.000000 0.000000 0.000000 1.000000 0.000000 0.000000 0.000000 0.000000 1.000000
1.000000 0.000000 0.000000 0.000000 0.000000 1.000000 0.000000 0.000000 0.000000 0.000000 1.000000 0.000000 0.000000 0.000000 0.000000 1.000000
1.000000 0.000000 0.000000 0.000000 0.000000 1.000000 0.000000 0.000000 0.000000 0.000000 1.000000 0.000000 0.000000 0.000000 0.000000 1.000000
1.000000 0.000000 0.000000 0.000000 0.000000 1.000000 0.000000 0.000000 0.000000 0.000000 1.000000 0.000000 0.000000 0.000000 0.000000 1.000000
1.000000 0.000000 0.000000 0.000000 0.000000 1.000000 0.000000 0.000000 0.000000 0.000000 1.000000 0.000000 0.000000 0.000000 0.000000 1.000000
1.000000 0.000000 0.000000 0.000000 0.000000 1.000000 0.000000 0.000000 0.000000 0.000000 1.000000 0.000000 0.000000 0.000000 0.000000 1.000000
1.000000 0.000000 0.000000 0.000000 0.000000 1.000000 0.000000 0.000000 0.000000 0.000000 1.000000 0.000000 0.000000 0.000000 0.000000 1.000000
1.000000 0.000000 0.000000 0.000000 0.000000 1.000000 0.000000 0.000000 0.000000 0.000000 1.000000 0.000000 0.000000 0.000000 0.000000 1.000000
1.000000 0.000000 0.000000 0.000000 0.000000 1.000000 0.000000 0.000000 0.000000 0.000000 1.000000 0.000000 0.000000 0.000000 0.000000 1.000000
1.000000 0.000000 0.000000 0.000000 0.000000 1.000000 0.000000 0.000000 0.000000 0.000000 1.000000 0.000000 0.000000 0.000000 0.000000 1.000000
1.000000 0.000000 0.000000 0.000000 0.000000 1.000000 0.000000 0.000000 0.000000 0.000000 1.000000 0.000000 0.000000 0.000000 0.000000 1.000000
1.000000 0.000000 0.000000 0.000000 0.000000 1.000000 0.000000 0.000000 0.000000 0.000000 1.000000 0.000000 0.000000 0.000000 0.000000 1.000000
1.000000 0.000000 0.000000 0.000000 0.000000 1.000000 0.000000 0.000000 0.000000 0.000000 1.000000 0.000000 0.000000 0.000000 0.000000 1.000000
1.000000 0.000000 0.000000 0.000000 0.000000 1.000000 0.000000 0.000000 0.000000 0.000000 1.000000 0.000000 0.000000 0.000000 0.000000 1.000000
1.000000 0.000000 0.000000 0.000000 0.000000 1.000000 0.000000 0.000000 0.000000 0.000000 1.000000 0.000000 0.000000 0.000000 0.000000 1.000000
1.000000 0.000000 0.000000 0.000000 0.000000 1.000000 0.000000 0.000000 0.000000 0.000000 1.000000 0.000000 0.000000 0.000000 0.000000 1.000000
1.000000 0.000000 0.000000 0.000000 0.000000 1.000000 0.000000 0.000000 0.000000 0.000000 1.000000 0.000000 0.000000 0.000000 0.000000 1.000000
1.000000 0.000000 0.000000 0.000000 0.000000 1.000000 0.000000 0.000000 0.000000 0.000000 1.000000 0.000000 0.000000 0.000000 0.000000 1.000000
1.000000 0.000000 0.000000 0.000000 0.000000 1.000000 0.000000 0.000000 0.000000 0.000000 1.000000 0.000000 0.000000 0.000000 0.000000 1.000000
1.000000 0.000000 0.000000 0.000000 0.000000 1.000000 0.000000 0.000000 0.000000 0.000000 1.000000 0.000000 0.000000 0.000000 0.000000 1.000000
1.000000 0.000000 0.000000 0.000000 0.000000 1.000000 0.000000 0.000000 0.000000 0.000000 1.000000 0.000000 0.000000 0.000000 0.000000 1.000000
1.000000 0.000000 0.000000 0.000000 0.000000 1.000000 0.000000 0.000000 0.000000 0.000000 1.000000 0.000000 0.000000 0.000000 0.000000 1.000000
1.000000 0.000000 0.000000 0.000000 0.000000 1.000000 0.000000 0.000000 0.000000 0.000000 1.000000 0.000000 0.000000 0.000000 0.000000 1.000000
1.000000 0.000000 0.000000 0.000000 0.000000 1.000000 0.000000 0.000000 0.000000 0.000000 1.000000 0.000000 0.000000 0.000000 0.000000 1.000000
1.000000 0.000000 0.000000 0.000000 0.000000 1.000000 0.000000 0.000000 0.000000 0.000000 1.000000 0.000000 0.000000 0.000000 0.000000 1.000000
1.000000 0.000000 0.000000 0.000000 0.000000 1.000000 0.000000 0.000000 0.000000 0.000000 1.000000 0.000000 0.000000 0.000000 0.000000 1.000000
1.000000 0.000000 0.000000 0.000000 0.000000 1.000000 0.000000 0.000000 0.000000 0.000000 1.000000 0.000000 0.000000 0.000000 0.000000 1.000000
1.000000 0.000000 0.000000 0.000000 0.000000 1.000000 0.000000 0.000000 0.000000 0.000000 1.000000 0.000000 0.000000 0.000000 0.000000 1.000000
1.000000 0.000000 0.000000 0.000000 0.000000 1.000000 0.000000 0.000000 0.000000 0.000000 1.000000 0.000000 0.000000 0.000000 0.000000 1.000000
1.000000 0.000000 0.000000 0.000000 0.000000 1.000000 0.000000 0.000000 0.000000 0.000000 1.000000 0.000000 0.000000 0.000000 0.000000 1.000000
1.000000 0.000000 0.000000 0.000000 0.000000 1.000000 0.000000 0.000000 0.000000 0.000000 1.000000 0.000000 0.000000 0.000000 0.000000 1.000000
1.000000 0.000000 0.000000 0.000000 0.000000 1.000000 0.000000 0.000000 0.000000 0.000000 1.000000 0.000000 0.000000 0.000000 0.000000 1.000000
1.000000 0.000000 0.000000 0.000000 0.000000 1.000000 0.000000 0.000000 0.000000 0.000000 1.000000 0.000000 0.000000 0.000000 0.000000 1.000000
1.000000 0.000000 0.000000 0.000000 0.000000 1.000000 0.000000 0.000000 0.000000 0.000000 1.000000 0.000000 0.000000 0.000000 0.000000 1.000000
1.000000 0.000000 0.000000 0.000000 0.000000 1.000000 0.000000 0.000000 0.000000 0.000000 1.000000 0.000000 0.000000 0.000000 0.000000 1.000000</float_array>
        <technique_common>
          <accessor source="#Armature-Matrix-animation-output-transform-array" count="98" stride="16">
            <param type="float4x4"/>
          </accessor>
        </technique_common>
      </source>
      <source id="Armature-Interpolations">
        <Name_array id="Armature-Interpolations-array" count="98">
 LINEAR LINEAR LINEAR LINEAR LINEAR LINEAR LINEAR LINEAR LINEAR LINEAR LINEAR
LINEAR LINEAR LINEAR LINEAR LINEAR LINEAR LINEAR LINEAR LINEAR LINEAR LINEAR LINEAR
LINEAR LINEAR LINEAR LINEAR LINEAR LINEAR LINEAR LINEAR LINEAR LINEAR LINEAR LINEAR
LINEAR LINEAR LINEAR LINEAR LINEAR LINEAR LINEAR LINEAR LINEAR LINEAR LINEAR LINEAR
LINEAR LINEAR LINEAR LINEAR LINEAR LINEAR LINEAR LINEAR LINEAR LINEAR LINEAR LINEAR
LINEAR LINEAR LINEAR LINEAR LINEAR LINEAR LINEAR LINEAR LINEAR LINEAR LINEAR LINEAR
LINEAR LINEAR LINEAR LINEAR LINEAR LINEAR LINEAR LINEAR LINEAR LINEAR LINEAR LINEAR
LINEAR LINEAR LINEAR LINEAR LINEAR LINEAR LINEAR LINEAR LINEAR LINEAR LINEAR LINEAR
LINEAR LINEAR LINEAR</Name_array>
        <technique_common>
          <accessor source="#Armature-Interpolations-array" count="98">
            <param type="name"/>
          </accessor>
        </technique_common>
      </source>
      <sampler id="Armature-Matrix-animation-transform">
        <input semantic="INPUT" source="#Armature-Matrix-animation-input"/>
        <input semantic="OUTPUT" source="#Armature-Matrix-animation-output-transform"/>
        <input semantic="INTERPOLATION" source="#Armature-Interpolations"/>
      </sampler>
      <channel source="#Armature-Matrix-animation-transform" target="Armature/matrix"/>
    </animation>
    <animation id="mixamorig_Hips-anim" name="mixamorig_Hips">
      <source id="mixamorig_Hips-Matrix-animation-input">
        <float_array id="mixamorig_Hips-Matrix-animation-input-array" count="98">

0.000000 0.033333 0.066667 0.100000 0.133333 0.166667 0.200000 0.233333 0.266667 0.300000 0.333333 0.366667 0.400000 0.433333 0.466667 0.500000
0.533333 0.566667 0.600000 0.633333 0.666667 0.700000 0.733333 0.766667 0.800000 0.833333 0.866667 0.900000 0.933333 0.966667 1.000000 1.033333
1.066667 1.100000 1.133333 1.166667 1.200000 1.233333 1.266667 1.300000 1.333333 1.366667 1.400000 1.433333 1.466667 1.500000 1.533333 1.566667
1.600000 1.633333 1.666667 1.700000 1.733333 1.766667 1.800000 1.833333 1.866667 1.900000 1.933333 1.966667 2.000000 2.033333 2.066667 2.100000
2.133333 2.166667 2.200000 2.233333 2.266667 2.300000 2.333333 2.366667 2.400000 2.433333 2.466667 2.500000 2.533333 2.566667 2.600000 2.633333
2.666667 2.700000 2.733333 2.766667 2.800000 2.833333 2.866667 2.900000 2.933333 2.966667 3.000000 3.033333 3.066667 3.100000 3.133333 3.166667
3.200000 3.233333</float_array>
        <technique_common>
          <accessor source="#mixamorig_Hips-Matrix-animation-input-array" count="98">
            <param name="TIME" type="float"/>
          </accessor>
        </technique_common>
      </source>
      <source id="mixamorig_Hips-Matrix-animation-output-transform">
        <float_array id="mixamorig_Hips-Matrix-animation-output-transform-array" count="1568">

0.522948 -0.058571 -0.850350 1.824954 0.066912 0.997379 -0.027549 91.874069 0.849734 -0.042492 0.525496 -1.017898 0.000000 0.000000 0.000000 1.000000
0.525058 -0.047392 -0.849746 1.655640 0.064118 0.997814 -0.016031 91.652222 0.848648 -0.046066 0.526949 -0.722037 0.000000 0.000000 0.000000 1.000000
0.530554 -0.031648 -0.847060 1.128700 0.059825 0.998209 0.000177 91.224052 0.845538 -0.050769 0.531497 -0.014980 0.000000 0.000000 0.000000 1.000000
0.539021 -0.014455 -0.842168 0.377416 0.053641 0.998412 0.017195 90.951767 0.840583 -0.054443 0.538940 0.776903 0.000000 0.000000 0.000000 1.000000
0.552174 0.001963 -0.833727 -0.621284 0.043909 0.998541 0.031431 91.281403 0.832572 -0.053964 0.551282 1.369208 0.000000 0.000000 0.000000 1.000000
0.573794 0.020231 -0.818750 -1.902836 0.032746 0.998329 0.047617 92.110825 0.818345 -0.054133 0.572173 1.905658 0.000000 0.000000 0.000000 1.000000
0.599223 0.036161 -0.799765 -3.295531 0.022044 0.997855 0.061635 93.206734 0.800279 -0.054563 0.597141 2.423486 0.000000 0.000000 0.000000 1.000000
0.623604 0.049187 -0.780191 -4.741366 0.010994 0.997368 0.071667 94.447144 0.781663 -0.053270 0.621422 2.873291 0.000000 0.000000 0.000000 1.000000
0.644276 0.060590 -0.762389 -6.170329 -0.001775 0.996973 0.077733 95.739090 0.764791 -0.048728 0.642433 3.287505 0.000000 0.000000 0.000000 1.000000
0.667871 0.068927 -0.741079 -7.527798 -0.012205 0.996583 0.081692 96.823563 0.744177 -0.045515 0.666430 3.666019 0.000000 0.000000 0.000000 1.000000
0.698237 0.072053 -0.712232 -8.717345 -0.018434 0.996402 0.082729 97.745239 0.715630 -0.044635 0.697052 4.059519 0.000000 0.000000 0.000000 1.000000
0.733186 0.072884 -0.676111 -9.642400 -0.022969 0.996327 0.082495 98.429428 0.679640 -0.044954 0.732167 4.395479 0.000000 0.000000 0.000000 1.000000
0.768775 0.072802 -0.635362 -10.279684 -0.023293 0.996028 0.085944 98.678299 0.639095 -0.051272 0.767417 4.669147 0.000000 0.000000 0.000000 1.000000
0.803247 0.056702 -0.592941 -10.640459 -0.011166 0.996717 0.080189 98.443169 0.595541 -0.057790 0.801243 4.839963 0.000000 0.000000 0.000000 1.000000
0.837366 0.048514 -0.544485 -10.757201 0.001025 0.995913 0.090312 97.582932 0.546641 -0.076183 0.833894 4.855350 0.000000 0.000000 0.000000 1.000000
0.869513 0.045492 -0.491811 -10.873341 0.002887 0.995264 0.097165 96.173294 0.493902 -0.085906 0.865263 4.757216 0.000000 0.000000 0.000000 1.000000
0.901543 0.045687 -0.430270 -11.126833 0.001825 0.994000 0.109369 94.330345 0.432685 -0.099386 0.896050 4.518084 0.000000 0.000000 0.000000 1.000000
0.932294 0.040368 -0.359443 -11.463764 0.002681 0.992954 0.118472 92.315392 0.361692 -0.111415 0.925616 4.170848 0.000000 0.000000 0.000000 1.000000
0.956719 0.032922 -0.289145 -11.714123 0.004601 0.991745 0.128141 90.294975 0.290977 -0.123925 0.948670 3.827093 0.000000 0.000000 0.000000 1.000000
0.969334 0.028508 -0.244088 -11.803817 0.007264 0.989491 0.144415 88.278030 0.245639 -0.141760 0.958940 3.461174 0.000000 0.000000 0.000000 1.000000
0.972379 0.025645 -0.231995 -11.816953 0.014430 0.985439 0.169414 86.249969 0.232961 -0.168082 0.957850 2.998199 0.000000 0.000000 0.000000 1.000000
0.970575 0.022604 -0.239735 -11.747856 0.021599 0.983399 0.180164 84.534317 0.239828 -0.180041 0.953975 2.439920 0.000000 0.000000 0.000000 1.000000
0.970688 0.011545 -0.240067 -11.821510 0.031984 0.983757 0.176632 83.149582 0.238207 -0.179133 0.954552 1.903501 0.000000 0.000000 0.000000 1.000000
0.973482 0.004871 -0.228712 -11.959039 0.036867 0.983364 0.177865 81.918777 0.225773 -0.181580 0.957108 1.350693 0.000000 0.000000 0.000000 1.000000
0.978662 0.006904 -0.205361 -12.169675 0.031970 0.982148 0.185374 80.901619 0.202975 -0.187984 0.960970 0.854083 0.000000 0.000000 0.000000 1.000000
0.983850 0.011044 -0.178652 -12.393643 0.025126 0.979690 0.198937 80.079254 0.177221 -0.200213 0.963591 0.425173 0.000000 0.000000 0.000000 1.000000
0.986697 0.013349 -0.162020 -12.586734 0.021048 0.977745 0.208740 79.397560 0.161201 -0.209374 0.964457 0.054416 0.000000 0.000000 0.000000 1.000000
0.987207 0.014044 -0.158822 -12.688274 0.021225 0.975673 0.218202 78.778419 0.158023 -0.218781 0.962893 -0.340851 0.000000 0.000000 0.000000 1.000000
0.988533 0.013349 -0.150411 -12.735632 0.021132 0.974053 0.225333 78.119858 0.149516 -0.225928 0.962601 -0.756902 0.000000 0.000000 0.000000 1.000000
0.990598 0.010431 -0.136408 -12.770624 0.021119 0.973477 0.227809 77.422867 0.135166 -0.228548 0.964104 -1.260845 0.000000 0.000000 0.000000 1.000000
0.992738 0.007183 -0.120083 -12.795513 0.020403 0.973701 0.226916 76.710510 0.118555 -0.227718 0.966483 -1.807679 0.000000 0.000000 0.000000 1.000000
0.994224 0.003009 -0.107285 -12.788122 0.021274 0.974247 0.224475 75.974411 0.105197 -0.225461 0.968556 -2.373164 0.000000 0.000000 0.000000 1.000000
0.995291 0.000214 -0.096935 -12.733588 0.021763 0.973976 0.225603 75.275513 0.094461 -0.226650 0.969385 -2.921269 0.000000 0.000000 0.000000 1.000000
0.996273 -0.003075 -0.086204 -12.654882 0.022531 0.973948 0.225647 74.502754 0.083265 -0.226748 0.970388 -3.392686 0.000000 0.000000 0.000000 1.000000
0.996944 -0.005382 -0.077929 -12.533105 0.022966 0.973728 0.226554 73.768578 0.074663 -0.227651 0.970876 -3.807666 0.000000 0.000000 0.000000 1.000000
0.997554 -0.007880 -0.069457 -12.401512 0.023325 0.974202 0.224469 73.057487 0.065896 -0.225540 0.972003 -4.210097 0.000000 0.000000 0.000000 1.000000
0.997935 -0.010304 -0.063394 -12.249872 0.024133 0.974876 0.221438 72.369606 0.059520 -0.222510 0.973112 -4.603767 0.000000 0.000000 0.000000 1.000000
0.998407 -0.010579 -0.055430 -12.087152 0.022574 0.975126 0.220497 71.735435 0.051718 -0.221397 0.973811 -4.927855 0.000000 0.000000 0.000000 1.000000
0.998913 -0.011824 -0.045095 -11.957541 0.021442 0.975446 0.219193 71.140610 0.041396 -0.219922 0.974639 -5.206338 0.000000 0.000000 0.000000 1.000000
0.999141 -0.012733 -0.039429 -11.803806 0.020977 0.976093 0.216341 70.564812 0.035732 -0.216982 0.975521 -5.500956 0.000000 0.000000 0.000000 1.000000
0.999357 -0.013508 -0.033221 -11.652690 0.020247 0.977108 0.211779 70.034256 0.029599 -0.212315 0.976753 -5.809057 0.000000 0.000000 0.000000 1.000000
0.999579 -0.013521 -0.025662 -11.542989 0.018495 0.978631 0.204793 69.588928 0.022344 -0.205181 0.978469 -6.122378 0.000000 0.000000 0.000000 1.000000
0.999693 -0.013097 -0.021041 -11.427039 0.016986 0.980288 0.196840 69.266296 0.018049 -0.197137 0.980210 -6.429471 0.000000 0.000000 0.000000 1.000000
0.999757 -0.011876 -0.018570 -11.353467 0.015192 0.981641 0.190131 69.093567 0.015971 -0.190367 0.981583 -6.738420 0.000000 0.000000 0.000000 1.000000
0.999800 -0.010540 -0.016998 -11.283382 0.013430 0.983558 0.180090 69.188530 0.014820 -0.180282 0.983503 -7.148934 0.000000 0.000000 0.000000 1.000000
0.999857 -0.007929 -0.014936 -11.280253 0.010039 0.989084 0.147010 69.863365 0.013607 -0.147139 0.989022 -7.507651 0.000000 0.000000 0.000000 1.000000
0.999945 -0.003568 -0.009850 -11.415942 0.004835 0.991271 0.131749 71.253868 0.009294 -0.131789 0.991234 -7.706389 0.000000 0.000000 0.000000 1.000000
0.999979 0.002453 0.005978 -11.839021 -0.003178 0.992216 0.124488 73.274330 -0.005626 -0.124504 0.992203 -7.734765 0.000000 0.000000 0.000000 1.000000
0.999322 0.001619 0.036795 -12.422244 -0.005368 0.994768 0.102019 75.954964 -0.036437 -0.102147 0.994102 -7.484193 0.000000 0.000000 0.000000 1.000000
0.996560 -0.002622 0.082827 -13.101671 -0.001596 0.998707 0.050806 79.180611 -0.082853 -0.050764 0.995268 -6.964510 0.000000 0.000000 0.000000 1.000000
0.990793 -0.008620 0.135114 -13.758323 0.011348 0.999747 -0.019437 83.187599 -0.134912 0.020792 0.990639 -6.209412 0.000000 0.000000 0.000000 1.000000
0.982677 -0.016717 0.184569 -14.385117 0.036846 0.993665 -0.106170 89.935951 -0.181625 0.111132 0.977068 -4.205421 0.000000 0.000000 0.000000 1.000000
0.981630 -0.011977 0.190418 -14.556173 0.040310 0.988518 -0.145627 95.113327 -0.186488 0.150627 0.970842 -1.242237 0.000000 0.000000 0.000000 1.000000
0.990077 0.016483 0.139556 -13.985813 0.004155 0.989230 -0.146310 97.945854 -0.140465 0.145437 0.979345 1.160110 0.000000 0.000000 0.000000 1.000000
0.996337 0.064443 0.056204 -12.855520 -0.055640 0.987696 -0.146155 99.394173 -0.064931 0.142493 0.987664 2.936774 0.000000 0.000000 0.000000 1.000000
0.996168 0.087239 0.006254 -11.899451 -0.085951 0.989680 -0.114652 99.720810 -0.016191 0.113675 0.993386 4.503331 0.000000 0.000000 0.000000 1.000000
0.995625 0.093157 0.007323 -11.346054 -0.092150 0.991814 -0.088399 99.194504 -0.015498 0.087337 0.996058 5.771684 0.000000 0.000000 0.000000 1.000000
0.995432 0.085083 0.043302 -11.067216 -0.082434 0.994809 -0.059671 98.372505 -0.048154 0.055829 0.997278 6.472806 0.000000 0.000000 0.000000 1.000000
0.994251 0.069110 0.081779 -10.920448 -0.065650 0.996860 -0.044263 97.775429 -0.084582 0.038640 0.995667 6.815590 0.000000 0.000000 0.000000 1.000000
0.991761 0.054413 0.115972 -10.795794 -0.050541 0.998070 -0.036075 97.403809 -0.117711 0.029917 0.992597 7.055076 0.000000 0.000000 0.000000 1.000000
0.990006 0.047998 0.132604 -10.528698 -0.043949 0.998479 -0.033302 97.358368 -0.134000 0.027142 0.990610 7.153021 0.000000 0.000000 0.000000 1.000000
0.991701 0.048924 0.118889 -10.076893 -0.045339 0.998437 -0.032671 97.527016 -0.120302 0.027009 0.992370 7.093411 0.000000 0.000000 0.000000 1.000000
0.994473 0.051304 0.091607 -9.611581 -0.048315 0.998234 -0.034553 97.811661 -0.093218 0.029936 0.995196 6.962992 0.000000 0.000000 0.000000 1.000000
0.997130 0.051472 0.055527 -9.130069 -0.049777 0.998264 -0.031479 98.116318 -0.057050 0.028625 0.997961 6.747703 0.000000 0.000000 0.000000 1.000000
0.998760 0.045461 0.020274 -8.735923 -0.045076 0.998802 -0.019063 98.358475 -0.021116 0.018126 0.999613 6.514163 0.000000 0.000000 0.000000 1.000000
0.999040 0.042355 -0.011178 -8.439023 -0.042342 0.999102 0.001383 98.520035 0.011226 -0.000909 0.999937 6.195760 0.000000 0.000000 0.000000 1.000000
0.998394 0.041466 -0.038603 -8.165632 -0.040810 0.999011 0.017632 98.655205 0.039296 -0.016028 0.999099 5.814177 0.000000 0.000000 0.000000 1.000000
0.997196 0.042629 -0.061502 -7.946959 -0.040850 0.998718 0.029897 98.775772 0.062698 -0.027301 0.997659 5.423087 0.000000 0.000000 0.000000 1.000000
0.995718 0.045162 -0.080664 -7.751104 -0.042092 0.998338 0.039364 98.889046 0.082308 -0.035800 0.995964 5.042078 0.000000 0.000000 0.000000 1.000000
0.993781 0.048592 -0.100187 -7.552595 -0.043812 0.997819 0.049371 99.015999 0.102368 -0.044675 0.993743 4.632861 0.000000 0.000000 0.000000 1.000000
0.990958 0.056110 -0.121878 -7.393185 -0.049088 0.996998 0.059874 99.130348 0.124872 -0.053350 0.990737 4.226832 0.000000 0.000000 0.000000 1.000000
0.986493 0.066335 -0.149771 -7.162225 -0.057223 0.996285 0.064352 99.211304 0.153483 -0.054912 0.986624 3.797885 0.000000 0.000000 0.000000 1.000000
0.979233 0.070151 -0.190212 -6.821365 -0.058966 0.996216 0.063847 99.336685 0.193971 -0.051305 0.979665 3.420557 0.000000 0.000000 0.000000 1.000000
0.967672 0.069635 -0.242410 -6.378074 -0.055776 0.996417 0.063583 99.465775 0.245969 -0.048007 0.968088 3.185234 0.000000 0.000000 0.000000 1.000000
0.948614 0.071300 -0.308299 -5.812832 -0.055103 0.996619 0.060941 99.502556 0.311602 -0.040821 0.949335 2.978463 0.000000 0.000000 0.000000 1.000000
0.918997 0.068567 -0.388256 -5.171924 -0.052136 0.997248 0.052712 99.450722 0.390801 -0.028200 0.920043 2.825526 0.000000 0.000000 0.000000 1.000000
0.877296 0.060560 -0.476113 -4.467652 -0.045198 0.998023 0.043663 99.330032 0.477816 -0.016786 0.878300 2.666568 0.000000 0.000000 0.000000 1.000000
0.825400 0.050483 -0.562287 -3.756419 -0.035520 0.998664 0.037521 99.104401 0.563430 -0.010997 0.826091 2.529448 0.000000 0.000000 0.000000 1.000000
0.770453 0.039361 -0.636280 -3.139692 -0.025066 0.999191 0.031459 98.851479 0.637003 -0.008289 0.770816 2.338967 0.000000 0.000000 0.000000 1.000000
0.722665 0.035126 -0.690306 -2.688268 -0.019712 0.999349 0.030216 98.519318 0.690918 -0.008228 0.722887 2.022068 0.000000 0.000000 0.000000 1.000000
0.693254 0.034453 -0.719870 -2.287242 -0.018654 0.999380 0.029866 97.952423 0.720452 -0.007276 0.693467 1.584763 0.000000 0.000000 0.000000 1.000000
0.674519 0.031647 -0.737579 -1.900409 -0.013745 0.999446 0.030313 97.154305 0.738130 -0.010309 0.674580 1.205229 0.000000 0.000000 0.000000 1.000000
0.648591 0.018767 -0.760905 -1.448806 -0.000926 0.999715 0.023867 96.217140 0.761136 -0.014775 0.648424 0.942345 0.000000 0.000000 0.000000 1.000000
0.612273 0.005520 -0.790627 -0.862036 0.010821 0.999823 0.015360 95.306618 0.790573 -0.017959 0.612105 0.675041 0.000000 0.000000 0.000000 1.000000
0.579177 0.002427 -0.815198 -0.240315 0.015254 0.999788 0.013814 94.538269 0.815059 -0.020436 0.579017 0.317727 0.000000 0.000000 0.000000 1.000000
0.565289 -0.005833 -0.824873 0.195886 0.021515 0.999739 0.007675 93.823151 0.824613 -0.022086 0.565267 -0.062435 0.000000 0.000000 0.000000 1.000000
0.561676 -0.010534 -0.827291 0.529884 0.023943 0.999707 0.003526 93.307297 0.827011 -0.021788 0.561763 -0.465339 0.000000 0.000000 0.000000 1.000000
0.557966 -0.013284 -0.829757 0.820925 0.025695 0.999669 0.001275 92.868118 0.829466 -0.022032 0.558123 -0.725500 0.000000 0.000000 0.000000 1.000000
0.551846 -0.021899 -0.833658 1.024380 0.030342 0.999521 -0.006170 92.611443 0.833394 -0.021890 0.552246 -0.919298 0.000000 0.000000 0.000000 1.000000
0.546112 -0.027839 -0.837249 1.233917 0.034578 0.999345 -0.010674 92.424255 0.836998 -0.023121 0.546717 -1.064179 0.000000 0.000000 0.000000 1.000000
0.541736 -0.034899 -0.839824 1.431948 0.041345 0.999035 -0.014845 92.273514 0.839531 -0.026681 0.542656 -1.132236 0.000000 0.000000 0.000000 1.000000
0.536035 -0.043868 -0.843055 1.584782 0.049387 0.998568 -0.020559 92.176498 0.842750 -0.030615 0.537434 -1.137192 0.000000 0.000000 0.000000 1.000000
0.530084 -0.049442 -0.846502 1.692520 0.055124 0.998196 -0.023783 92.097023 0.846151 -0.034056 0.531853 -1.088645 0.000000 0.000000 0.000000 1.000000
0.525886 -0.054588 -0.848802 1.769273 0.061544 0.997765 -0.026038 91.996292 0.848326 -0.038546 0.528070 -1.046454 0.000000 0.000000 0.000000 1.000000
0.523302 -0.058052 -0.850168 1.815810 0.066193 0.997432 -0.027364 91.913902 0.849572 -0.041956 0.525801 -1.019970 0.000000 0.000000 0.000000 1.000000
0.522932 -0.058568 -0.850360 1.822608 0.066907 0.997379 -0.027549 91.884010 0.849744 -0.042489 0.525480 -1.015570 0.000000 0.000000 0.000000 1.000000
0.522932 -0.058568 -0.850360 1.822608 0.066907 0.997379 -0.027549 91.884010 0.849744 -0.042489 0.525480 -1.015570 0.000000 0.000000 0.000000 1.000000
0.522932 -0.058568 -0.850360 1.822608 0.066907 0.997379 -0.027549 91.884010 0.849744 -0.042489 0.525480 -1.015570 0.000000 0.000000 0.000000 1.000000</float_array>
        <technique_common>
          <accessor source="#mixamorig_Hips-Matrix-animation-output-transform-array" count="98" stride="16">
            <param type="float4x4"/>
          </accessor>
        </technique_common>
      </source>
      <source id="mixamorig_Hips-Interpolations">
        <Name_array id="mixamorig_Hips-Interpolations-array" count="98">
 LINEAR LINEAR LINEAR LINEAR LINEAR LINEAR LINEAR LINEAR LINEAR LINEAR LINEAR
LINEAR LINEAR LINEAR LINEAR LINEAR LINEAR LINEAR LINEAR LINEAR LINEAR LINEAR LINEAR
LINEAR LINEAR LINEAR LINEAR LINEAR LINEAR LINEAR LINEAR LINEAR LINEAR LINEAR LINEAR
LINEAR LINEAR LINEAR LINEAR LINEAR LINEAR LINEAR LINEAR LINEAR LINEAR LINEAR LINEAR
LINEAR LINEAR LINEAR LINEAR LINEAR LINEAR LINEAR LINEAR LINEAR LINEAR LINEAR LINEAR
LINEAR LINEAR LINEAR LINEAR LINEAR LINEAR LINEAR LINEAR LINEAR LINEAR LINEAR LINEAR
LINEAR LINEAR LINEAR LINEAR LINEAR LINEAR LINEAR LINEAR LINEAR LINEAR LINEAR LINEAR
LINEAR LINEAR LINEAR LINEAR LINEAR LINEAR LINEAR LINEAR LINEAR LINEAR LINEAR LINEAR
LINEAR LINEAR LINEAR</Name_array>
        <technique_common>
          <accessor source="#mixamorig_Hips-Interpolations-array" count="98">
            <param type="name"/>
          </accessor>
        </technique_common>
      </source>
      <sampler id="mixamorig_Hips-Matrix-animation-transform">
        <input semantic="INPUT" source="#mixamorig_Hips-Matrix-animation-input"/>
        <input semantic="OUTPUT" source="#mixamorig_Hips-Matrix-animation-output-transform"/>
        <input semantic="INTERPOLATION" source="#mixamorig_Hips-Interpolations"/>
      </sampler>
      <channel source="#mixamorig_Hips-Matrix-animation-transform" target="mixamorig_Hips/matrix"/>
    </animation>
    <animation id="mixamorig_Spine-anim" name="mixamorig_Spine">
      <source id="mixamorig_Spine-Matrix-animation-input">
        <float_array id="mixamorig_Spine-Matrix-animation-input-array" count="98">

0.000000 0.033333 0.066667 0.100000 0.133333 0.166667 0.200000 0.233333 0.266667 0.300000 0.333333 0.366667 0.400000 0.433333 0.466667 0.500000
0.533333 0.566667 0.600000 0.633333 0.666667 0.700000 0.733333 0.766667 0.800000 0.833333 0.866667 0.900000 0.933333 0.966667 1.000000 1.033333
1.066667 1.100000 1.133333 1.166667 1.200000 1.233333 1.266667 1.300000 1.333333 1.366667 1.400000 1.433333 1.466667 1.500000 1.533333 1.566667
1.600000 1.633333 1.666667 1.700000 1.733333 1.766667 1.800000 1.833333 1.866667 1.900000 1.933333 1.966667 2.000000 2.033333 2.066667 2.100000
2.133333 2.166667 2.200000 2.233333 2.266667 2.300000 2.333333 2.366667 2.400000 2.433333 2.466667 2.500000 2.533333 2.566667 2.600000 2.633333
2.666667 2.700000 2.733333 2.766667 2.800000 2.833333 2.866667 2.900000 2.933333 2.966667 3.000000 3.033333 3.066667 3.100000 3.133333 3.166667
3.200000 3.233333</float_array>
        <technique_common>
          <accessor source="#mixamorig_Spine-Matrix-animation-input-array" count="98">
            <param name="TIME" type="float"/>
          </accessor>
        </technique_common>
      </source>
      <source id="mixamorig_Spine-Matrix-animation-output-transform">
        <float_array id="mixamorig_Spine-Matrix-animation-output-transform-array" count="1568">

0.998950 0.045799 0.001489 0.000000 -0.044432 0.976054 -0.212942 12.246100 -0.011206 0.212652 0.977064 0.234600 0.000000 0.000000 0.000000 1.000000
0.999015 0.044374 0.000682 -0.000000 -0.043220 0.976293 -0.212095 12.246100 -0.010077 0.211857 0.977249 0.234600 0.000000 0.000000 0.000000 1.000000
0.999170 0.040715 -0.001144 -0.000000 -0.040052 0.976998 -0.209452 12.246100 -0.007410 0.209324 0.977818 0.234600 0.000000 0.000000 0.000000 1.000000
0.999343 0.036094 -0.003283 0.000000 -0.035999 0.978081 -0.205088 12.246100 -0.004192 0.205072 0.978738 0.234600 0.000000 0.000000 0.000000 1.000000
0.999496 0.031319 -0.005230 0.000000 -0.031734 0.979680 -0.198040 12.246100 -0.001079 0.198106 0.980180 0.234600 0.000000 0.000000 0.000000 1.000000
0.999634 0.026112 -0.007099 -0.000000 -0.026987 0.981296 -0.190606 12.246100 0.001989 0.190728 0.981641 0.234600 0.000000 0.000000 0.000000 1.000000
0.999731 0.021718 -0.008143 -0.000000 -0.022844 0.982734 -0.183607 12.246100 0.004014 0.183743 0.982966 0.234600 0.000000 0.000000 0.000000 1.000000
0.999809 0.018192 -0.007210 0.000000 -0.019184 0.983920 -0.177576 12.246100 0.003864 0.177681 0.984081 0.234600 0.000000 0.000000 0.000000 1.000000
0.999886 0.014521 -0.004192 0.000000 -0.015026 0.984947 -0.172202 12.246100 0.001628 0.172245 0.985053 0.234600 0.000000 0.000000 0.000000 1.000000
0.999935 0.011297 -0.001490 0.000000 -0.011387 0.985804 -0.167515 12.246100 -0.000423 0.167521 0.985868 0.234600 0.000000 0.000000 0.000000 1.000000
0.999967 0.008136 0.000150 -0.000000 -0.008002 0.986582 -0.163070 12.246100 -0.001475 0.163063 0.986615 0.234600 0.000000 0.000000 0.000000 1.000000
0.999983 0.005738 0.001245 0.000000 -0.005463 0.986924 -0.161092 12.246100 -0.002153 0.161082 0.986939 0.234600 0.000000 0.000000 0.000000 1.000000
0.999981 0.004577 0.004038 -0.000000 -0.003859 0.986670 -0.162686 12.246100 -0.004729 0.162668 0.986670 0.234600 0.000000 0.000000 0.000000 1.000000
0.999944 0.007965 0.007017 -0.000000 -0.006730 0.986905 -0.161160 12.246100 -0.008209 0.161103 0.986903 0.234600 0.000000 0.000000 0.000000 1.000000
0.999884 0.011157 0.010378 0.000000 -0.009293 0.986263 -0.164920 12.246100 -0.012076 0.164805 0.986252 0.234600 0.000000 0.000000 0.000000 1.000000
0.999864 0.010246 0.012935 -0.000000 -0.007977 0.986309 -0.164715 12.246100 -0.014446 0.164589 0.986256 0.234600 0.000000 0.000000 0.000000 1.000000
0.999859 0.010785 0.012854 0.000000 -0.008538 0.986496 -0.163565 12.246100 -0.014445 0.163432 0.986449 0.234600 0.000000 0.000000 0.000000 1.000000
0.999839 0.014954 0.009906 -0.000000 -0.013203 0.987364 -0.157916 12.246100 -0.012142 0.157760 0.987403 0.234600 0.000000 0.000000 0.000000 1.000000
0.999848 0.017024 0.003825 0.000000 -0.016254 0.988471 -0.150536 12.246100 -0.006344 0.150451 0.988597 0.234600 0.000000 0.000000 0.000000 1.000000
