<?xml version="1.0" encoding="utf-8"?>
<COLLADA xmlns="http://www.collada.org/2005/11/COLLADASchema" version="1.4.1">
  <asset>
    <contributor>
      <author>Mixamo</author>
      <authoring_tool>COLLADA Mixamo exporter</authoring_tool>
      <comments/>
    </contributor>
    <created>2024-05-15T12:38:07Z</created>
    <modified>2024-05-15T12:38:07Z</modified>
    <revision/>
    <title/>
    <unit meter="0.010000"/>
    <up_axis>Y_UP</up_axis>
  </asset>
  <library_animations>
    <animation id="Armature-anim" name="Armature">
      <source id="Armature-Matrix-animation-input">
        <float_array id="Armature-Matrix-animation-input-array" count="21">

0.000000 0.033333 0.066667 0.100000 0.133333 0.166667 0.200000 0.233333 0.266667 0.300000 0.333333 0.366667 0.400000 0.433333 0.466667 0.500000
0.533333 0.566667 0.600000 0.633333 0.666667</float_array>
        <technique_common>
          <accessor source="#Armature-Matrix-animation-input-array" count="21">
            <param name="TIME" type="float"/>
          </accessor>
        </technique_common>
      </source>
      <source id="Armature-Matrix-animation-output-transform">
        <float_array id="Armature-Matrix-animation-output-transform-array" count="336">

1.000000 0.000000 0.000000 0.000000 0.000000 1.000000 0.000000 0.000000 0.000000 0.000000 1.000000 0.000000 0.000000 0.000000 0.000000 1.000000
1.000000 0.000000 0.000000 0.000000 0.000000 1.000000 0.000000 0.000000 0.000000 0.000000 1.000000 0.000000 0.000000 0.000000 0.000000 1.000000
1.000000 0.000000 0.000000 0.000000 0.000000 1.000000 0.000000 0.000000 0.000000 0.000000 1.000000 0.000000 0.000000 0.000000 0.000000 1.000000
1.000000 0.000000 0.000000 0.000000 0.000000 1.000000 0.000000 0.000000 0.000000 0.000000 1.000000 0.000000 0.000000 0.000000 0.000000 1.000000
1.000000 0.000000 0.000000 0.000000 0.000000 1.000000 0.000000 0.000000 0.000000 0.000000 1.000000 0.000000 0.000000 0.000000 0.000000 1.000000
1.000000 0.000000 0.000000 0.000000 0.000000 1.000000 0.000000 0.000000 0.000000 0.000000 1.000000 0.000000 0.000000 0.000000 0.000000 1.000000
1.000000 0.000000 0.000000 0.000000 0.000000 1.000000 0.000000 0.000000 0.000000 0.000000 1.000000 0.000000 0.000000 0.000000 0.000000 1.000000
1.000000 0.000000 0.000000 0.000000 0.000000 1.000000 0.000000 0.000000 0.000000 0.000000 1.000000 0.000000 0.000000 0.000000 0.000000 1.000000
1.000000 0.000000 0.000000 0.000000 0.000000 1.000000 0.000000 0.000000 0.000000 0.000000 1.000000 0.000000 0.000000 0.000000 0.000000 1.000000
1.000000 0.000000 0.000000 0.000000 0.000000 1.000000 0.000000 0.000000 0.000000 0.000000 1.000000 0.000000 0.000000 0.000000 0.000000 1.000000
1.000000 0.000000 0.000000 0.000000 0.000000 1.000000 0.000000 0.000000 0.000000 0.000000 1.000000 0.000000 0.000000 0.000000 0.000000 1.000000
1.000000 0.000000 0.000000 0.000000 0.000000 1.000000 0.000000 0.000000 0.000000 0.000000 1.000000 0.000000 0.000000 0.000000 0.000000 1.000000
1.000000 0.000000 0.000000 0.000000 0.000000 1.000000 0.000000 0.000000 0.000000 0.000000 1.000000 0.000000 0.000000 0.000000 0.000000 1.000000
1.000000 0.000000 0.000000 0.000000 0.000000 1.000000 0.000000 0.000000 0.000000 0.000000 1.000000 0.000000 0.000000 0.000000 0.000000 1.000000
1.000000 0.000000 0.000000 0.000000 0.000000 1.000000 0.000000 0.000000 0.000000 0.000000 1.000000 0.000000 0.000000 0.000000 0.000000 1.000000
1.000000 0.000000 0.000000 0.000000 0.000000 1.000000 0.000000 0.000000 0.000000 0.000000 1.000000 0.000000 0.000000 0.000000 0.000000 1.000000
1.000000 0.000000 0.000000 0.000000 0.000000 1.000000 0.000000 0.000000 0.000000 0.000000 1.000000 0.000000 0.000000 0.000000 0.000000 1.000000
1.000000 0.000000 0.000000 0.000000 0.000000 1.000000 0.000000 0.000000 0.000000 0.000000 1.000000 0.000000 0.000000 0.000000 0.000000 1.000000
1.000000 0.000000 0.000000 0.000000 0.000000 1.000000 0.000000 0.000000 0.000000 0.000000 1.000000 0.000000 0.000000 0.000000 0.000000 1.000000
1.000000 0.000000 0.000000 0.000000 0.000000 1.000000 0.000000 0.000000 0.000000 0.000000 1.000000 0.000000 0.000000 0.000000 0.000000 1.000000
1.000000 0.000000 0.000000 0.000000 0.000000 1.000000 0.000000 0.000000 0.000000 0.000000 1.000000 0.000000 0.000000 0.000000 0.000000 1.000000</float_array>
        <technique_common>
          <accessor source="#Armature-Matrix-animation-output-transform-array" count="21" stride="16">
            <param type="float4x4"/>
          </accessor>
        </technique_common>
      </source>
      <source id="Armature-Interpolations">
        <Name_array id="Armature-Interpolations-array" count="21">
 LINEAR LINEAR LINEAR LINEAR LINEAR LINEAR LINEAR LINEAR LINEAR LINEAR LINEAR
LINEAR LINEAR LINEAR LINEAR LINEAR LINEAR LINEAR LINEAR LINEAR LINEAR</Name_array>
        <technique_common>
          <accessor source="#Armature-Interpolations-array" count="21">
            <param type="name"/>
          </accessor>
        </technique_common>
      </source>
      <sampler id="Armature-Matrix-animation-transform">
        <input semantic="INPUT" source="#Armature-Matrix-animation-input"/>
        <input semantic="OUTPUT" source="#Armature-Matrix-animation-output-transform"/>
        <input semantic="INTERPOLATION" source="#Armature-Interpolations"/>
      </sampler>
      <channel source="#Armature-Matrix-animation-transform" target="Armature/matrix"/>
    </animation>
    <animation id="mixamorig_Hips-anim" name="mixamorig_Hips">
      <source id="mixamorig_Hips-Matrix-animation-input">
        <float_array id="mixamorig_Hips-Matrix-animation-input-array" count="21">

0.000000 0.033333 0.066667 0.100000 0.133333 0.166667 0.200000 0.233333 0.266667 0.300000 0.333333 0.366667 0.400000 0.433333 0.466667 0.500000
0.533333 0.566667 0.600000 0.633333 0.666667</float_array>
        <technique_common>
          <accessor source="#mixamorig_Hips-Matrix-animation-input-array" count="21">
            <param name="TIME" type="float"/>
          </accessor>
        </technique_common>
      </source>
      <source id="mixamorig_Hips-Matrix-animation-output-transform">
        <float_array id="mixamorig_Hips-Matrix-animation-output-transform-array" count="336">

-0.022412 -0.043908 -0.998784 6.979157 -0.009044 0.999003 -0.043715 95.895973 0.999708 0.008053 -0.022787 -0.112891 0.000000 0.000000 0.000000 1.000000
-0.022588 -0.041363 -0.998889 7.009063 -0.006441 0.999129 -0.041228 95.882347 0.999724 0.005503 -0.022835 -0.117759 0.000000 0.000000 0.000000 1.000000
-0.021139 -0.039715 -0.998987 7.088697 -0.000389 0.999211 -0.039715 95.876251 0.999776 -0.000451 -0.021138 -0.160119 0.000000 0.000000 0.000000 1.000000
-0.021020 -0.037669 -0.999069 7.183043 0.006630 0.999263 -0.037816 95.855911 0.999757 -0.007419 -0.020754 -0.238306 0.000000 0.000000 0.000000 1.000000
-0.021811 -0.038736 -0.999011 7.283490 0.012103 0.999166 -0.039006 95.825981 0.999689 -0.012942 -0.021324 -0.388764 0.000000 0.000000 0.000000 1.000000
-0.017117 -0.041956 -0.998973 7.408634 0.013785 0.999014 -0.042194 95.855019 0.999758 -0.014493 -0.016522 -0.644202 0.000000 0.000000 0.000000 1.000000
-0.004184 -0.042431 -0.999091 7.461731 0.004226 0.999090 -0.042449 95.971634 0.999982 -0.004400 -0.004001 -0.879587 0.000000 0.000000 0.000000 1.000000
-0.006615 -0.047677 -0.998841 7.369327 -0.014004 0.998769 -0.047581 96.035667 0.999880 0.013673 -0.007274 -0.922609 0.000000 0.000000 0.000000 1.000000
-0.010950 -0.052546 -0.998558 7.163425 -0.028635 0.998225 -0.052215 96.074165 0.999530 0.028022 -0.012435 -0.823227 0.000000 0.000000 0.000000 1.000000
-0.009445 -0.057790 -0.998284 6.928936 -0.035929 0.997704 -0.057416 96.091942 0.999310 0.035325 -0.011500 -0.709438 0.000000 0.000000 0.000000 1.000000
0.005410 -0.063549 -0.997964 6.745585 -0.035988 0.997320 -0.063703 96.091728 0.999338 0.036259 0.003109 -0.599402 0.000000 0.000000 0.000000 1.000000
0.041009 -0.069386 -0.996747 6.632854 -0.032774 0.996956 -0.070749 96.067001 0.998621 0.035569 0.038610 -0.520700 0.000000 0.000000 0.000000 1.000000
0.086133 -0.075211 -0.993441 6.551288 -0.027901 0.996573 -0.077868 95.995117 0.995893 0.034425 0.083739 -0.543386 0.000000 0.000000 0.000000 1.000000
0.142990 -0.080469 -0.986448 6.255089 -0.021218 0.996211 -0.084341 95.877060 0.989497 0.032991 0.140741 -0.691460 0.000000 0.000000 0.000000 1.000000
0.213535 -0.084630 -0.973263 5.831287 -0.012496 0.995923 -0.089342 95.682266 0.976855 0.031239 0.211607 -0.929049 0.000000 0.000000 0.000000 1.000000
0.299105 -0.087216 -0.950226 5.316911 -0.001604 0.995767 -0.091901 95.352997 0.954219 0.029012 0.297699 -1.201089 0.000000 0.000000 0.000000 1.000000
0.375877 -0.086700 -0.922605 4.776713 0.009292 0.995916 -0.089804 94.884308 0.926623 0.025182 0.375148 -1.455625 0.000000 0.000000 0.000000 1.000000
0.424528 -0.085755 -0.901345 4.260253 0.017520 0.996096 -0.086518 94.363960 0.905245 0.020938 0.424373 -1.599963 0.000000 0.000000 0.000000 1.000000
0.452126 -0.083937 -0.887996 3.819446 0.022991 0.996328 -0.082471 93.867500 0.891658 0.016871 0.452396 -1.684246 0.000000 0.000000 0.000000 1.000000
0.464906 -0.083743 -0.881391 3.479858 0.026986 0.996394 -0.080435 93.470360 0.884949 0.013610 0.465490 -1.723631 0.000000 0.000000 0.000000 1.000000
0.468668 -0.083693 -0.879401 3.291372 0.028978 0.996423 -0.079386 93.239830 0.882899 0.011722 0.469416 -1.735274 0.000000 0.000000 0.000000 1.000000</float_array>
        <technique_common>
          <accessor source="#mixamorig_Hips-Matrix-animation-output-transform-array" count="21" stride="16">
            <param type="float4x4"/>
          </accessor>
        </technique_common>
      </source>
      <source id="mixamorig_Hips-Interpolations">
        <Name_array id="mixamorig_Hips-Interpolations-array" count="21">
 LINEAR LINEAR LINEAR LINEAR LINEAR LINEAR LINEAR LINEAR LINEAR LINEAR LINEAR
LINEAR LINEAR LINEAR LINEAR LINEAR LINEAR LINEAR LINEAR LINEAR LINEAR</Name_array>
        <technique_common>
          <accessor source="#mixamorig_Hips-Interpolations-array" count="21">
            <param type="name"/>
          </accessor>
        </technique_common>
      </source>
      <sampler id="mixamorig_Hips-Matrix-animation-transform">
        <input semantic="INPUT" source="#mixamorig_Hips-Matrix-animation-input"/>
        <input semantic="OUTPUT" source="#mixamorig_Hips-Matrix-animation-output-transform"/>
        <input semantic="INTERPOLATION" source="#mixamorig_Hips-Interpolations"/>
      </sampler>
      <channel source="#mixamorig_Hips-Matrix-animation-transform" target="mixamorig_Hips/matrix"/>
    </animation>
    <animation id="mixamorig_Spine-anim" name="mixamorig_Spine">
      <source id="mixamorig_Spine-Matrix-animation-input">
        <float_array id="mixamorig_Spine-Matrix-animation-input-array" count="21">

0.000000 0.033333 0.066667 0.100000 0.133333 0.166667 0.200000 0.233333 0.266667 0.300000 0.333333 0.366667 0.400000 0.433333 0.466667 0.500000
0.533333 0.566667 0.600000 0.633333 0.666667</float_array>
        <technique_common>
          <accessor source="#mixamorig_Spine-Matrix-animation-input-array" count="21">
            <param name="TIME" type="float"/>
          </accessor>
        </technique_common>
      </source>
      <source id="mixamorig_Spine-Matrix-animation-output-transform">
        <float_array id="mixamorig_Spine-Matrix-animation-output-transform-array" count="336">

0.989532 0.137903 -0.042523 0.000000 -0.141895 0.983457 -0.112601 12.246100 0.026292 0.117456 0.992730 0.234600 0.000000 0.000000 0.000000 1.000000
0.989885 0.135360 -0.042481 -0.000000 -0.139354 0.983856 -0.112283 12.246100 0.026597 0.117067 0.992768 0.234600 0.000000 0.000000 0.000000 1.000000
0.990741 0.128810 -0.042907 -0.000000 -0.132898 0.984729 -0.112459 12.246100 0.027766 0.117120 0.992730 0.234600 0.000000 0.000000 0.000000 1.000000
0.991901 0.119454 -0.043169 -0.000000 -0.123642 0.985888 -0.112863 12.246100 0.029077 0.117286 0.992672 0.234600 0.000000 0.000000 0.000000 1.000000
0.993130 0.109114 -0.042263 0.000000 -0.113236 0.987222 -0.112117 12.246100 0.029489 0.116133 0.992796 0.234600 0.000000 0.000000 0.000000 1.000000
0.994221 0.098619 -0.042402 -0.000000 -0.102757 0.988593 -0.110109 12.246100 0.031060 0.113830 0.993015 0.234600 0.000000 0.000000 0.000000 1.000000
0.994509 0.088133 -0.056435 0.000000 -0.093869 0.989633 -0.108701 12.246100 0.046270 0.113402 0.992471 0.234600 0.000000 0.000000 0.000000 1.000000
0.994754 0.075728 -0.068779 -0.000000 -0.082942 0.990582 -0.108940 12.246100 0.059881 0.114074 0.991666 0.234600 0.000000 0.000000 0.000000 1.000000
0.995020 0.065572 -0.075071 -0.000000 -0.073633 0.991178 -0.110200 12.246100 0.067183 0.115179 0.991070 0.234600 0.000000 0.000000 0.000000 1.000000
0.995049 0.060435 -0.078901 0.000000 -0.069070 0.991334 -0.111741 12.246100 0.071464 0.116638 0.990600 0.234600 0.000000 0.000000 0.000000 1.000000
0.994955 0.061569 -0.079208 0.000000 -0.070346 0.991071 -0.113269 12.246100 0.071527 0.118269 0.990402 0.234600 0.000000 0.000000 0.000000 1.000000
0.994913 0.066706 -0.075482 0.000000 -0.076580 0.987669 -0.136549 12.246100 0.065442 0.141634 0.987754 0.234600 0.000000 0.000000 0.000000 1.000000
0.995415 0.067002 -0.068266 0.000000 -0.077792 0.982341 -0.170163 12.246100 0.055659 0.174694 0.983048 0.234600 0.000000 0.000000 0.000000 1.000000
0.996002 0.066876 -0.059221 0.000000 -0.077674 0.975796 -0.204424 12.246100 0.044116 0.208207 0.977089 0.234600 0.000000 0.000000 0.000000 1.000000
0.996296 0.070247 -0.049587 -0.000000 -0.079834 0.969911 -0.230000 12.246100 0.031938 0.233106 0.971927 0.234600 0.000000 0.000000 0.000000 1.000000
0.996479 0.073791 -0.039814 0.000000 -0.081356 0.965799 -0.246197 12.246100 0.020285 0.248569 0.968402 0.234600 0.000000 0.000000 0.000000 1.000000
0.996737 0.074794 -0.030337 0.000000 -0.080107 0.962689 -0.258482 12.246100 0.009872 0.260069 0.965540 0.234600 0.000000 0.000000 0.000000 1.000000
0.996960 0.074729 -0.022046 0.000000 -0.077904 0.960471 -0.267259 12.246100 0.001203 0.268164 0.963373 0.234600 0.000000 0.000000 0.000000 1.000000
0.997137 0.073988 -0.015634 0.000000 -0.075442 0.959044 -0.273025 12.246100 -0.005207 0.273422 0.961880 0.234600 0.000000 0.000000 0.000000 1.000000
0.997271 0.073055 -0.010690 0.000000 -0.073160 0.958265 -0.276362 12.246100 -0.009946 0.276389 0.960994 0.234600 0.000000 0.000000 0.000000 1.000000
0.997346 0.072381 -0.007860 -0.000000 -0.071712 0.957960 -0.277795 12.246100 -0.012577 0.277622 0.960608 0.234600 0.000000 0.000000 0.000000 1.000000</float_array>
        <technique_common>
          <accessor source="#mixamorig_Spine-Matrix-animation-output-transform-array" count="21" stride="16">
            <param type="float4x4"/>
          </accessor>
        </technique_common>
      </source>
      <source id="mixamorig_Spine-Interpolations">
        <Name_array id="mixamorig_Spine-Interpolations-array" count="21">
 LINEAR LINEAR LINEAR LINEAR LINEAR LINEAR LINEAR LINEAR LINEAR LINEAR LINEAR
LINEAR LINEAR LINEAR LINEAR LINEAR LINEAR LINEAR LINEAR LINEAR LINEAR</Name_array>
        <technique_common>
          <accessor source="#mixamorig_Spine-Interpolations-array" count="21">
            <param type="name"/>
          </accessor>
        </technique_common>
      </source>
      <sampler id="mixamorig_Spine-Matrix-animation-transform">
        <input semantic="INPUT" source="#mixamorig_Spine-Matrix-animation-input"/>
        <input semantic="OUTPUT" source="#mixamorig_Spine-Matrix-animation-output-transform"/>
        <input semantic="INTERPOLATION" source="#mixamorig_Spine-Interpolations"/>
      </sampler>
      <channel source="#mixamorig_Spine-Matrix-animation-transform" target="mixamorig_Spine/matrix"/>
    </animation>
    <animation id="mixamorig_Spine1-anim" name="mixamorig_Spine1">
      <source id="mixamorig_Spine1-Matrix-animation-input">
        <float_array id="mixamorig_Spine1-Matrix-animation-input-array" count="21">

0.000000 0.033333 0.066667 0.100000 0.133333 0.166667 0.200000 0.233333 0.266667 0.300000 0.333333 0.366667 0.400000 0.433333 0.466667 0.500000
0.533333 0.566667 0.600000 0.633333 0.666667</float_array>
        <technique_common>
          <accessor source="#mixamorig_Spine1-Matrix-animation-input-array" count="21">
            <param name="TIME" type="float"/>
          </accessor>
        </technique_common>
      </source>
      <source id="mixamorig_Spine1-Matrix-animation-output-transform">
        <float_array id="mixamorig_Spine1-Matrix-animation-output-transform-array" count="336">

0.999776 0.018621 -0.010027 0.000000 -0.019085 0.998648 -0.048347 14.289700 0.009113 0.048528 0.998780 0.000000 0.000000 0.000000 0.000000 1.000000
0.999736 0.021141 -0.008945 0.000000 -0.021560 0.998537 -0.049587 14.289700 0.007884 0.049767 0.998730 0.000000 0.000000 0.000000 0.000000 1.000000
0.999595 0.027498 -0.007360 0.000000 -0.027832 0.998367 -0.049890 14.289700 0.005976 0.050075 0.998728 -0.000000 0.000000 0.000000 0.000000 1.000000
0.999361 0.035452 -0.004443 -0.000000 -0.035629 0.998144 -0.049386 14.289700 0.002684 0.049513 0.998770 -0.000000 0.000000 0.000000 0.000000 1.000000
0.999035 0.043902 0.001504 0.000000 -0.043787 0.997986 -0.045902 14.289700 -0.003516 0.045792 0.998945 0.000000 0.000000 0.000000 0.000000 1.000000
0.998749 0.049645 0.005984 0.000000 -0.049363 0.997962 -0.040433 14.289700 -0.007979 0.040087 0.999164 0.000000 0.000000 0.000000 0.000000 1.000000
0.998677 0.048665 -0.016635 0.000000 -0.049279 0.998033 -0.038761 14.289700 0.014716 0.039529 0.999110 0.000000 0.000000 0.000000 0.000000 1.000000
0.998426 0.042333 -0.036790 0.000000 -0.043811 0.998224 -0.040355 14.289700 0.035016 0.041903 0.998508 0.000000 0.000000 0.000000 0.000000 1.000000
0.998202 0.037925 -0.046407 0.000000 -0.039908 0.998296 -0.042571 14.289700 0.044714 0.044346 0.998015 0.000000 0.000000 0.000000 0.000000 1.000000
0.997955 0.035687 -0.053025 0.000000 -0.037985 0.998354 -0.042980 14.289700 0.051404 0.044907 0.997668 -0.000000 0.000000 0.000000 0.000000 1.000000
0.997425 0.033648 -0.063329 0.000000 -0.036381 0.998433 -0.042517 14.289700 0.061799 0.044711 0.997087 0.000000 0.000000 0.000000 0.000000 1.000000
0.997390 0.032082 -0.064679 0.000000 -0.035262 0.998194 -0.048641 14.289700 0.063002 0.050795 0.996720 0.000000 0.000000 0.000000 0.000000 1.000000
0.997625 0.034357 -0.059690 0.000000 -0.037793 0.997635 -0.057414 14.289700 0.057577 0.059533 0.996564 0.000000 0.000000 0.000000 0.000000 1.000000
0.997953 0.038280 -0.051231 0.000000 -0.041708 0.996840 -0.067611 14.289700 0.048481 0.069609 0.996396 0.000000 0.000000 0.000000 0.000000 1.000000
0.998331 0.041377 -0.040290 -0.000000 -0.044430 0.995957 -0.078071 14.289700 0.036897 0.079731 0.996133 0.000000 0.000000 0.000000 0.000000 1.000000
0.998643 0.043731 -0.028295 -0.000000 -0.046054 0.995102 -0.087473 14.289700 0.024331 0.088657 0.995765 0.000000 0.000000 0.000000 0.000000 1.000000
0.998819 0.045609 -0.016716 0.000000 -0.046990 0.994413 -0.094521 14.289700 0.012312 0.095194 0.995383 0.000000 0.000000 0.000000 0.000000 1.000000
0.998875 0.046908 -0.006960 0.000000 -0.047366 0.993977 -0.098824 14.289700 0.002282 0.099042 0.995081 0.000000 0.000000 0.000000 0.000000 1.000000
0.998866 0.047604 -0.000013 0.000000 -0.047361 0.993737 -0.101208 14.289700 -0.004805 0.101094 0.994865 0.000000 0.000000 0.000000 0.000000 1.000000
0.998830 0.048054 0.005356 0.000000 -0.047256 0.993633 -0.102279 14.289700 -0.010237 0.101907 0.994741 0.000000 0.000000 0.000000 0.000000 1.000000
0.998797 0.048295 0.008529 0.000000 -0.047168 0.993609 -0.102548 14.289700 -0.013427 0.102022 0.994691 0.000000 0.000000 0.000000 0.000000 1.000000</float_array>
        <technique_common>
          <accessor source="#mixamorig_Spine1-Matrix-animation-output-transform-array" count="21" stride="16">
            <param type="float4x4"/>
          </accessor>
        </technique_common>
      </source>
      <source id="mixamorig_Spine1-Interpolations">
        <Name_array id="mixamorig_Spine1-Interpolations-array" count="21">
 LINEAR LINEAR LINEAR LINEAR LINEAR LINEAR LINEAR LINEAR LINEAR LINEAR LINEAR
LINEAR LINEAR LINEAR LINEAR LINEAR LINEAR LINEAR LINEAR LINEAR LINEAR</Name_array>
        <technique_common>
          <accessor source="#mixamorig_Spine1-Interpolations-array" count="21">
            <param type="name"/>
          </accessor>
        </technique_common>
      </source>
      <sampler id="mixamorig_Spine1-Matrix-animation-transform">
        <input semantic="INPUT" source="#mixamorig_Spine1-Matrix-animation-input"/>
        <input semantic="OUTPUT" source="#mixamorig_Spine1-Matrix-animation-output-transform"/>
        <input semantic="INTERPOLATION" source="#mixamorig_Spine1-Interpolations"/>
      </sampler>
      <channel source="#mixamorig_Spine1-Matrix-animation-transform" target="mixamorig_Spine1/matrix"/>
    </animation>
    <animation id="mixamorig_Spine2-anim" name="mixamorig_Spine2">
      <source id="mixamorig_Spine2-Matrix-animation-input">
        <float_array id="mixamorig_Spine2-Matrix-animation-input-array" count="21">

0.000000 0.033333 0.066667 0.100000 0.133333 0.166667 0.200000 0.233333 0.266667 0.300000 0.333333 0.366667 0.400000 0.433333 0.466667 0.500000
0.533333 0.566667 0.600000 0.633333 0.666667</float_array>
        <technique_common>
          <accessor source="#mixamorig_Spine2-Matrix-animation-input-array" count="21">
            <param name="TIME" type="float"/>
          </accessor>
        </technique_common>
      </source>
      <source id="mixamorig_Spine2-Matrix-animation-output-transform">
        <float_array id="mixamorig_Spine2-Matrix-animation-output-transform-array" count="336">

0.999780 0.018804 -0.009268 0.000000 -0.019232 0.998640 -0.048456 16.330999 0.008344 0.048624 0.998782 0.000000 0.000000 0.000000 0.000000 1.000000
0.999735 0.021466 -0.008317 0.000000 -0.021853 0.998530 -0.049610 16.330999 0.007240 0.049779 0.998734 0.000000 0.000000 0.000000 0.000000 1.000000
0.999581 0.028082 -0.007085 0.000000 -0.028400 0.998357 -0.049767 16.330999 0.005676 0.049948 0.998736 0.000000 0.000000 0.000000 0.000000 1.000000
0.999328 0.036364 -0.004578 0.000000 -0.036546 0.998121 -0.049174 16.330999 0.002781 0.049308 0.998780 0.000000 0.000000 0.000000 0.000000 1.000000
0.998978 0.045193 0.000955 0.000000 -0.045103 0.997934 -0.045753 16.330999 -0.003021 0.045663 0.998952 -0.000000 0.000000 0.000000 0.000000 1.000000
0.998676 0.051195 0.005124 0.000000 -0.050946 0.997876 -0.040596 16.330999 -0.007192 0.040281 0.999163 0.000000 0.000000 0.000000 0.000000 1.000000
0.998617 0.049535 -0.017641 0.000000 -0.050201 0.997955 -0.039579 16.330999 0.015645 0.040410 0.999061 0.000000 0.000000 0.000000 0.000000 1.000000
0.998387 0.042281 -0.037877 0.000000 -0.043853 0.998168 -0.041681 16.330999 0.036046 0.043275 0.998413 0.000000 0.000000 0.000000 0.000000 1.000000
0.998176 0.037151 -0.047593 -0.000000 -0.039261 0.998251 -0.044199 16.330999 0.045867 0.045987 0.997888 0.000000 0.000000 0.000000 0.000000 1.000000
0.997934 0.034449 -0.054223 -0.000000 -0.036898 0.998313 -0.044827 16.330999 0.052588 0.046735 0.997522 0.000000 0.000000 0.000000 0.000000 1.000000
0.997396 0.031989 -0.064635 -0.000000 -0.034918 0.998390 -0.044705 16.330999 0.063101 0.046846 0.996907 -0.000000 0.000000 0.000000 0.000000 1.000000
0.997428 0.029564 -0.065296 0.000000 -0.032873 0.998198 -0.050195 16.330999 0.063695 0.052213 0.996603 0.000000 0.000000 0.000000 0.000000 1.000000
0.997789 0.031140 -0.058712 0.000000 -0.034538 0.997733 -0.057763 16.330999 0.056780 0.059663 0.996602 -0.000000 0.000000 0.000000 0.000000 1.000000
0.998254 0.034203 -0.048161 0.000000 -0.037361 0.997101 -0.066279 16.330999 0.045754 0.067962 0.996638 -0.000000 0.000000 0.000000 0.000000 1.000000
0.998681 0.037309 -0.035276 0.000000 -0.039859 0.996417 -0.074599 16.330999 0.032367 0.075906 0.996589 -0.000000 0.000000 0.000000 0.000000 1.000000
0.998937 0.040532 -0.021936 0.000000 -0.042194 0.995779 -0.081511 16.330999 0.018540 0.082350 0.996431 0.000000 0.000000 0.000000 0.000000 1.000000
0.999004 0.043491 -0.009949 -0.000000 -0.044195 0.995204 -0.087269 16.330999 0.006106 0.087622 0.996135 0.000000 0.000000 0.000000 0.000000 1.000000
0.998949 0.045826 -0.001120 0.000000 -0.045732 0.994654 -0.092589 16.330999 -0.003128 0.092543 0.995704 0.000000 0.000000 0.000000 0.000000 1.000000
0.998862 0.047486 0.004534 0.000000 -0.046822 0.994174 -0.097089 16.330999 -0.009118 0.096766 0.995265 0.000000 0.000000 0.000000 0.000000 1.000000
0.998783 0.048632 0.008247 0.000000 -0.047561 0.993805 -0.100448 16.330999 -0.013081 0.099934 0.994908 0.000000 0.000000 0.000000 0.000000 1.000000
0.998737 0.049224 0.010079 0.000000 -0.047938 0.993598 -0.102300 16.330999 -0.015050 0.101688 0.994703 0.000000 0.000000 0.000000 0.000000 1.000000</float_array>
        <technique_common>
          <accessor source="#mixamorig_Spine2-Matrix-animation-output-transform-array" count="21" stride="16">
            <param type="float4x4"/>
          </accessor>
        </technique_common>
      </source>
      <source id="mixamorig_Spine2-Interpolations">
        <Name_array id="mixamorig_Spine2-Interpolations-array" count="21">
 LINEAR LINEAR LINEAR LINEAR LINEAR LINEAR LINEAR LINEAR LINEAR LINEAR LINEAR
LINEAR LINEAR LINEAR LINEAR LINEAR LINEAR LINEAR LINEAR LINEAR LINEAR</Name_array>
        <technique_common>
          <accessor source="#mixamorig_Spine2-Interpolations-array" count="21">
            <param type="name"/>
          </accessor>
        </technique_common>
      </source>
      <sampler id="mixamorig_Spine2-Matrix-animation-transform">
        <input semantic="INPUT" source="#mixamorig_Spine2-Matrix-animation-input"/>
        <input semantic="OUTPUT" source="#mixamorig_Spine2-Matrix-animation-output-transform"/>
        <input semantic="INTERPOLATION" source="#mixamorig_Spine2-Interpolations"/>
      </sampler>
      <channel source="#mixamorig_Spine2-Matrix-animation-transform" target="mixamorig_Spine2/matrix"/>
    </animation>
    <animation id="mixamorig_Neck-anim" name="mixamorig_Neck">
      <source id="mixamorig_Neck-Matrix-animation-input">
        <float_array id="mixamorig_Neck-Matrix-animation-input-array" count="21">

0.000000 0.033333 0.066667 0.100000 0.133333 0.166667 0.200000 0.233333 0.266667 0.300000 0.333333 0.366667 0.400000 0.433333 0.466667 0.500000
0.533333 0.566667 0.600000 0.633333 0.666667</float_array>
        <technique_common>
          <accessor source="#mixamorig_Neck-Matrix-animation-input-array" count="21">
            <param name="TIME" type="float"/>
          </accessor>
        </technique_common>
      </source>
      <source id="mixamorig_Neck-Matrix-animation-output-transform">
        <float_array id="mixamorig_Neck-Matrix-animation-output-transform-array" count="336">

0.991081 -0.082554 0.104607 0.000000 0.056652 0.971544 0.229983 18.372400 -0.120617 -0.222006 0.967556 0.000000 0.000000 0.000000 0.000000 1.000000
0.991187 -0.081539 0.104401 -0.000000 0.055548 0.971310 0.231238 18.372400 -0.120261 -0.223401 0.967279 -0.000000 0.000000 0.000000 0.000000 1.000000
0.991343 -0.081003 0.103333 -0.000000 0.055286 0.971367 0.231061 18.372400 -0.119091 -0.223347 0.967436 -0.000000 0.000000 0.000000 0.000000 1.000000
0.991489 -0.081009 0.101914 0.000000 0.055776 0.971657 0.229722 18.372400 -0.117636 -0.222083 0.967905 -0.000000 0.000000 0.000000 0.000000 1.000000
0.991493 -0.083132 0.100156 0.000000 0.058374 0.971745 0.228701 18.372400 -0.116338 -0.220909 0.968331 0.000000 0.000000 0.000000 0.000000 1.000000
0.991211 -0.082689 0.103266 -0.000000 0.057102 0.971549 0.229853 18.372400 -0.119334 -0.221936 0.967731 -0.000000 0.000000 0.000000 0.000000 1.000000
0.989734 -0.078161 0.119653 -0.000000 0.048196 0.970697 0.235422 18.372400 -0.134548 -0.227239 0.964500 0.000000 0.000000 0.000000 0.000000 1.000000
0.988421 -0.071848 0.133645 -0.000000 0.037550 0.969215 0.243337 18.372400 -0.147014 -0.235501 0.960690 0.000000 0.000000 0.000000 0.000000 1.000000
0.987944 -0.066569 0.139767 0.000000 0.030218 0.968382 0.247634 18.372400 -0.151833 -0.240425 0.958719 0.000000 0.000000 0.000000 0.000000 1.000000
0.988110 -0.061731 0.140811 0.000000 0.025245 0.968568 0.247466 18.372400 -0.151661 -0.240968 0.958610 0.000000 0.000000 0.000000 0.000000 1.000000
0.987717 -0.058083 0.145056 0.000000 0.021137 0.969477 0.244268 18.372400 -0.154816 -0.238201 0.958797 0.000000 0.000000 0.000000 0.000000 1.000000
0.989098 -0.057793 0.135442 0.000000 0.025626 0.973288 0.228155 18.372400 -0.145010 -0.222197 0.964158 0.000000 0.000000 0.000000 0.000000 1.000000
0.990524 -0.060740 0.123180 -0.000000 0.034197 0.977717 0.207121 18.372400 -0.133015 -0.200946 0.970530 0.000000 0.000000 0.000000 0.000000 1.000000
0.992169 -0.065176 0.106548 0.000000 0.045018 0.982326 0.181686 18.372400 -0.116507 -0.175466 0.977567 0.000000 0.000000 0.000000 0.000000 1.000000
0.993901 -0.069580 0.085552 0.000000 0.055963 0.986737 0.152377 18.372400 -0.095020 -0.146660 0.984613 0.000000 0.000000 0.000000 0.000000 1.000000
0.995435 -0.074106 0.060142 0.000000 0.066357 0.990316 0.121945 18.372400 -0.068597 -0.117398 0.990713 0.000000 0.000000 0.000000 0.000000 1.000000
0.996217 -0.077630 0.039063 0.000000 0.073366 0.992201 0.100769 18.372400 -0.046581 -0.097522 0.994143 0.000000 0.000000 0.000000 0.000000 1.000000
0.996581 -0.078234 0.026574 -0.000000 0.075603 0.993189 0.088660 18.372400 -0.033329 -0.086348 0.995707 -0.000000 0.000000 0.000000 0.000000 1.000000
0.996983 -0.074878 0.020457 0.000000 0.072936 0.993859 0.083217 18.372400 -0.026563 -0.081473 0.996321 -0.000000 0.000000 0.000000 0.000000 1.000000
0.997296 -0.070882 0.019394 0.000000 0.069066 0.994226 0.082121 18.372400 -0.025103 -0.080559 0.996434 -0.000000 0.000000 0.000000 0.000000 1.000000
0.997497 -0.067212 0.021965 0.000000 0.065181 0.994430 0.082830 18.372400 -0.027410 -0.081191 0.996322 0.000000 0.000000 0.000000 0.000000 1.000000</float_array>
        <technique_common>
          <accessor source="#mixamorig_Neck-Matrix-animation-output-transform-array" count="21" stride="16">
            <param type="float4x4"/>
          </accessor>
        </technique_common>
      </source>
      <source id="mixamorig_Neck-Interpolations">
        <Name_array id="mixamorig_Neck-Interpolations-array" count="21">
 LINEAR LINEAR LINEAR LINEAR LINEAR LINEAR LINEAR LINEAR LINEAR LINEAR LINEAR
LINEAR LINEAR LINEAR LINEAR LINEAR LINEAR LINEAR LINEAR LINEAR LINEAR</Name_array>
        <technique_common>
          <accessor source="#mixamorig_Neck-Interpolations-array" count="21">
            <param type="name"/>
          </accessor>
        </technique_common>
      </source>
      <sampler id="mixamorig_Neck-Matrix-animation-transform">
        <input semantic="INPUT" source="#mixamorig_Neck-Matrix-animation-input"/>
        <input semantic="OUTPUT" source="#mixamorig_Neck-Matrix-animation-output-transform"/>
        <input semantic="INTERPOLATION" source="#mixamorig_Neck-Interpolations"/>
      </sampler>
      <channel source="#mixamorig_Neck-Matrix-animation-transform" target="mixamorig_Neck/matrix"/>
    </animation>
    <animation id="mixamorig_Head-anim" name="mixamorig_Head">
      <source id="mixamorig_Head-Matrix-animation-input">
        <float_array id="mixamorig_Head-Matrix-animation-input-array" count="21">

0.000000 0.033333 0.066667 0.100000 0.133333 0.166667 0.200000 0.233333 0.266667 0.300000 0.333333 0.366667 0.400000 0.433333 0.466667 0.500000
0.533333 0.566667 0.600000 0.633333 0.666667</float_array>
        <technique_common>
          <accessor source="#mixamorig_Head-Matrix-animation-input-array" count="21">
            <param name="TIME" type="float"/>
          </accessor>
        </technique_common>
      </source>
      <source id="mixamorig_Head-Matrix-animation-output-transform">
        <float_array id="mixamorig_Head-Matrix-animation-output-transform-array" count="336">

0.203327 0.097894 0.974205 -0.000000 -0.103489 0.991564 -0.078039 17.907801 -0.973626 -0.084952 0.211743 1.542600 0.000000 0.000000 0.000000 1.000000
0.205132 0.099868 0.973626 -0.000000 -0.101917 0.991552 -0.080234 17.907801 -0.973413 -0.082771 0.213577 1.542600 0.000000 0.000000 0.000000 1.000000
0.207636 0.102183 0.972855 0.000000 -0.100261 0.991515 -0.082744 17.907801 -0.973054 -0.080359 0.216119 1.542600 0.000000 0.000000 0.000000 1.000000
0.204915 0.104379 0.973198 -0.000000 -0.098181 0.991475 -0.085666 17.907801 -0.973843 -0.077995 0.213416 1.542600 0.000000 0.000000 0.000000 1.000000
0.198054 0.107043 0.974329 0.000000 -0.092849 0.991598 -0.090067 17.907801 -0.975784 -0.072627 0.206329 1.542600 0.000000 0.000000 0.000000 1.000000
0.183758 0.088207 0.979006 0.000000 -0.079016 0.994068 -0.074733 17.907801 -0.979790 -0.063624 0.189638 1.542600 0.000000 0.000000 0.000000 1.000000
0.128238 0.028954 0.991321 -0.000000 -0.066440 0.997579 -0.020542 17.907801 -0.989515 -0.063230 0.129852 1.542600 0.000000 0.000000 0.000000 1.000000
0.078421 -0.023377 0.996646 0.000000 -0.062710 0.997630 0.028335 17.907801 -0.994946 -0.064721 0.076769 1.542600 0.000000 0.000000 0.000000 1.000000
0.052871 -0.048876 0.997405 -0.000000 -0.062978 0.996650 0.052177 17.907801 -0.996613 -0.065574 0.049616 1.542600 0.000000 0.000000 0.000000 1.000000
0.042170 -0.054028 0.997649 0.000000 -0.065036 0.996271 0.056702 17.907801 -0.996991 -0.067274 0.038499 1.542600 0.000000 0.000000 0.000000 1.000000
0.044404 -0.052744 0.997620 0.000000 -0.047731 0.997353 0.054854 17.907801 -0.997873 -0.050054 0.041769 1.542600 0.000000 0.000000 0.000000 1.000000
0.078092 -0.042053 0.996059 0.000000 -0.079138 0.995696 0.048242 17.907801 -0.993800 -0.082593 0.074428 1.542600 0.000000 0.000000 0.000000 1.000000
0.133579 -0.028112 0.990639 -0.000000 -0.128026 0.990732 0.045378 17.907801 -0.982734 -0.132889 0.128742 1.542600 0.000000 0.000000 0.000000 1.000000
0.201551 -0.016626 0.979337 0.000000 -0.179828 0.982232 0.053684 17.907801 -0.962829 -0.186933 0.194980 1.542600 0.000000 0.000000 0.000000 1.000000
0.280752 -0.010853 0.959719 0.000000 -0.221205 0.972285 0.075706 17.907801 -0.933941 -0.233549 0.270570 1.542600 0.000000 0.000000 0.000000 1.000000
0.369135 -0.011107 0.929309 0.000000 -0.246171 0.963045 0.109292 17.907801 -0.896180 -0.269112 0.352760 1.542600 0.000000 0.000000 0.000000 1.000000
0.449577 -0.012208 0.893158 0.000000 -0.254641 0.956664 0.141251 17.907801 -0.856177 -0.290937 0.426985 1.542600 0.000000 0.000000 0.000000 1.000000
0.504669 -0.014258 0.863195 0.000000 -0.254743 0.952884 0.164675 17.907801 -0.824873 -0.303000 0.477259 1.542600 0.000000 0.000000 0.000000 1.000000
0.538935 -0.018385 0.842147 0.000000 -0.249373 0.951464 0.180358 17.907801 -0.804588 -0.307210 0.508192 1.542600 0.000000 0.000000 0.000000 1.000000
0.559955 -0.020280 0.828275 -0.000000 -0.244593 0.951098 0.188645 17.907801 -0.791596 -0.308223 0.527612 1.542600 0.000000 0.000000 0.000000 1.000000
0.571281 -0.021132 0.820482 -0.000000 -0.240973 0.951293 0.192284 17.907801 -0.784583 -0.307562 0.538364 1.542600 0.000000 0.000000 0.000000 1.000000</float_array>
        <technique_common>
          <accessor source="#mixamorig_Head-Matrix-animation-output-transform-array" count="21" stride="16">
            <param type="float4x4"/>
          </accessor>
        </technique_common>
      </source>
      <source id="mixamorig_Head-Interpolations">
        <Name_array id="mixamorig_Head-Interpolations-array" count="21">
 LINEAR LINEAR LINEAR LINEAR LINEAR LINEAR LINEAR LINEAR LINEAR LINEAR LINEAR
LINEAR LINEAR LINEAR LINEAR LINEAR LINEAR LINEAR LINEAR LINEAR LINEAR</Name_array>
        <technique_common>
          <accessor source="#mixamorig_Head-Interpolations-array" count="21">
            <param type="name"/>
          </accessor>
        </technique_common>
      </source>
      <sampler id="mixamorig_Head-Matrix-animation-transform">
        <input semantic="INPUT" source="#mixamorig_Head-Matrix-animation-input"/>
        <input semantic="OUTPUT" source="#mixamorig_Head-Matrix-animation-output-transform"/>
        <input semantic="INTERPOLATION" source="#mixamorig_Head-Interpolations"/>
      </sampler>
      <channel source="#mixamorig_Head-Matrix-animation-transform" target="mixamorig_Head/matrix"/>
    </animation>
    <animation id="mixamorig_HeadTop_End-anim" name="mixamorig_HeadTop_End">
      <source id="mixamorig_HeadTop_End-Matrix-animation-input">
        <float_array id="mixamorig_HeadTop_End-Matrix-animation-input-array" count="21">

0.000000 0.033333 0.066667 0.100000 0.133333 0.166667 0.200000 0.233333 0.266667 0.300000 0.333333 0.366667 0.400000 0.433333 0.466667 0.500000
0.533333 0.566667 0.600000 0.633333 0.666667</float_array>
        <technique_common>
          <accessor source="#mixamorig_HeadTop_End-Matrix-animation-input-array" count="21">
            <param name="TIME" type="float"/>
          </accessor>
        </technique_common>
      </source>
      <source id="mixamorig_HeadTop_End-Matrix-animation-output-transform">
        <float_array id="mixamorig_HeadTop_End-Matrix-animation-output-transform-array" count="336">

1.000000 0.000000 0.000000 0.000000 0.000000 1.000000 -0.000000 29.625900 0.000000 -0.000000 1.000000 2.552100 0.000000 0.000000 0.000000 1.000000
1.000000 -0.000000 0.000000 0.000000 0.000000 1.000000 0.000000 29.625900 0.000000 0.000000 1.000000 2.552100 0.000000 0.000000 0.000000 1.000000
1.000000 0.000000 0.000000 0.000000 -0.000000 1.000000 0.000000 29.625900 -0.000000 -0.000000 1.000000 2.552100 0.000000 0.000000 0.000000 1.000000
1.000000 0.000000 0.000000 0.000000 -0.000000 1.000000 0.000000 29.625900 -0.000000 0.000000 1.000000 2.552100 0.000000 0.000000 0.000000 1.000000
1.000000 0.000000 -0.000000 0.000000 0.000000 1.000000 -0.000000 29.625900 -0.000000 -0.000000 1.000000 2.552100 0.000000 0.000000 0.000000 1.000000
1.000000 0.000000 0.000000 -0.000000 0.000000 1.000000 0.000000 29.625900 0.000000 -0.000000 1.000000 2.552100 0.000000 0.000000 0.000000 1.000000
1.000000 -0.000000 -0.000000 0.000000 -0.000000 1.000000 0.000000 29.625900 0.000000 -0.000000 1.000000 2.552100 0.000000 0.000000 0.000000 1.000000
1.000000 0.000000 0.000000 0.000000 0.000000 1.000000 0.000000 29.625900 -0.000000 -0.000000 1.000000 2.552100 0.000000 0.000000 0.000000 1.000000
1.000000 -0.000000 0.000000 -0.000000 -0.000000 1.000000 0.000000 29.625900 -0.000000 0.000000 1.000000 2.552100 0.000000 0.000000 0.000000 1.000000
1.000000 0.000000 0.000000 0.000000 0.000000 1.000000 0.000000 29.625900 -0.000000 0.000000 1.000000 2.552100 0.000000 0.000000 0.000000 1.000000
1.000000 0.000000 -0.000000 -0.000000 0.000000 1.000000 0.000000 29.625900 -0.000000 -0.000000 1.000000 2.552100 0.000000 0.000000 0.000000 1.000000
1.000000 0.000000 0.000000 0.000000 -0.000000 1.000000 0.000000 29.625900 -0.000000 0.000000 1.000000 2.552100 0.000000 0.000000 0.000000 1.000000
1.000000 0.000000 0.000000 -0.000000 -0.000000 1.000000 0.000000 29.625900 -0.000000 -0.000000 1.000000 2.552100 0.000000 0.000000 0.000000 1.000000
1.000000 -0.000000 0.000000 0.000000 0.000000 1.000000 0.000000 29.625900 0.000000 0.000000 1.000000 2.552100 0.000000 0.000000 0.000000 1.000000
1.000000 0.000000 0.000000 -0.000000 0.000000 1.000000 -0.000000 29.625900 0.000000 -0.000000 1.000000 2.552100 0.000000 0.000000 0.000000 1.000000
1.000000 -0.000000 0.000000 0.000000 -0.000000 1.000000 0.000000 29.625900 -0.000000 0.000000 1.000000 2.552100 0.000000 0.000000 0.000000 1.000000
1.000000 -0.000000 0.000000 -0.000000 -0.000000 1.000000 0.000000 29.625900 -0.000000 0.000000 1.000000 2.552100 0.000000 0.000000 0.000000 1.000000
1.000000 0.000000 0.000000 -0.000000 -0.000000 1.000000 0.000000 29.625900 0.000000 -0.000000 1.000000 2.552100 0.000000 0.000000 0.000000 1.000000
1.000000 -0.000000 0.000000 0.000000 0.000000 1.000000 0.000000 29.625900 0.000000 0.000000 1.000000 2.552100 0.000000 0.000000 0.000000 1.000000
