<?xml version="1.0" encoding="utf-8"?>
<COLLADA xmlns="http://www.collada.org/2005/11/COLLADASchema" version="1.4.1">
  <asset>
    <contributor>
      <author>Mixamo</author>
      <authoring_tool>COLLADA Mixamo exporter</authoring_tool>
      <comments/>
    </contributor>
    <created>2024-04-05T10:49:06Z</created>
    <modified>2024-04-05T10:49:06Z</modified>
    <revision/>
    <title/>
    <unit meter="0.010000"/>
    <up_axis>Y_UP</up_axis>
  </asset>
  <library_animations>
    <animation id="Armature-anim" name="Armature">
      <source id="Armature-Matrix-animation-input">
        <float_array id="Armature-Matrix-animation-input-array" count="119">

0.000000 0.033333 0.066667 0.100000 0.133333 0.166667 0.200000 0.233333 0.266667 0.300000 0.333333 0.366667 0.400000 0.433333 0.466667 0.500000
0.533333 0.566667 0.600000 0.633333 0.666667 0.700000 0.733333 0.766667 0.800000 0.833333 0.866667 0.900000 0.933333 0.966667 1.000000 1.033333
1.066667 1.100000 1.133333 1.166667 1.200000 1.233333 1.266667 1.300000 1.333333 1.366667 1.400000 1.433333 1.466667 1.500000 1.533333 1.566667
1.600000 1.633333 1.666667 1.700000 1.733333 1.766667 1.800000 1.833333 1.866667 1.900000 1.933333 1.966667 2.000000 2.033333 2.066667 2.100000
2.133333 2.166667 2.200000 2.233333 2.266667 2.300000 2.333333 2.366667 2.400000 2.433333 2.466667 2.500000 2.533333 2.566667 2.600000 2.633333
2.666667 2.700000 2.733333 2.766667 2.800000 2.833333 2.866667 2.900000 2.933333 2.966667 3.000000 3.033333 3.066667 3.100000 3.133333 3.166667
3.200000 3.233333 3.266667 3.300000 3.333333 3.366667 3.400000 3.433333 3.466667 3.500000 3.533333 3.566667 3.600000 3.633333 3.666667 3.700000
3.733333 3.766667 3.800000 3.833333 3.866667 3.900000 3.933333</float_array>
        <technique_common>
          <accessor source="#Armature-Matrix-animation-input-array" count="119">
            <param name="TIME" type="float"/>
          </accessor>
        </technique_common>
      </source>
      <source id="Armature-Matrix-animation-output-transform">
        <float_array id="Armature-Matrix-animation-output-transform-array" count="1904">

1.000000 0.000000 0.000000 0.000000 0.000000 1.000000 0.000000 0.000000 0.000000 0.000000 1.000000 0.000000 0.000000 0.000000 0.000000 1.000000
1.000000 0.000000 0.000000 0.000000 0.000000 1.000000 0.000000 0.000000 0.000000 0.000000 1.000000 0.000000 0.000000 0.000000 0.000000 1.000000
1.000000 0.000000 0.000000 0.000000 0.000000 1.000000 0.000000 0.000000 0.000000 0.000000 1.000000 0.000000 0.000000 0.000000 0.000000 1.000000
1.000000 0.000000 0.000000 0.000000 0.000000 1.000000 0.000000 0.000000 0.000000 0.000000 1.000000 0.000000 0.000000 0.000000 0.000000 1.000000
1.000000 0.000000 0.000000 0.000000 0.000000 1.000000 0.000000 0.000000 0.000000 0.000000 1.000000 0.000000 0.000000 0.000000 0.000000 1.000000
1.000000 0.000000 0.000000 0.000000 0.000000 1.000000 0.000000 0.000000 0.000000 0.000000 1.000000 0.000000 0.000000 0.000000 0.000000 1.000000
1.000000 0.000000 0.000000 0.000000 0.000000 1.000000 0.000000 0.000000 0.000000 0.000000 1.000000 0.000000 0.000000 0.000000 0.000000 1.000000
1.000000 0.000000 0.000000 0.000000 0.000000 1.000000 0.000000 0.000000 0.000000 0.000000 1.000000 0.000000 0.000000 0.000000 0.000000 1.000000
1.000000 0.000000 0.000000 0.000000 0.000000 1.000000 0.000000 0.000000 0.000000 0.000000 1.000000 0.000000 0.000000 0.000000 0.000000 1.000000
1.000000 0.000000 0.000000 0.000000 0.000000 1.000000 0.000000 0.000000 0.000000 0.000000 1.000000 0.000000 0.000000 0.000000 0.000000 1.000000
1.000000 0.000000 0.000000 0.000000 0.000000 1.000000 0.000000 0.000000 0.000000 0.000000 1.000000 0.000000 0.000000 0.000000 0.000000 1.000000
1.000000 0.000000 0.000000 0.000000 0.000000 1.000000 0.000000 0.000000 0.000000 0.000000 1.000000 0.000000 0.000000 0.000000 0.000000 1.000000
1.000000 0.000000 0.000000 0.000000 0.000000 1.000000 0.000000 0.000000 0.000000 0.000000 1.000000 0.000000 0.000000 0.000000 0.000000 1.000000
1.000000 0.000000 0.000000 0.000000 0.000000 1.000000 0.000000 0.000000 0.000000 0.000000 1.000000 0.000000 0.000000 0.000000 0.000000 1.000000
1.000000 0.000000 0.000000 0.000000 0.000000 1.000000 0.000000 0.000000 0.000000 0.000000 1.000000 0.000000 0.000000 0.000000 0.000000 1.000000
1.000000 0.000000 0.000000 0.000000 0.000000 1.000000 0.000000 0.000000 0.000000 0.000000 1.000000 0.000000 0.000000 0.000000 0.000000 1.000000
1.000000 0.000000 0.000000 0.000000 0.000000 1.000000 0.000000 0.000000 0.000000 0.000000 1.000000 0.000000 0.000000 0.000000 0.000000 1.000000
1.000000 0.000000 0.000000 0.000000 0.000000 1.000000 0.000000 0.000000 0.000000 0.000000 1.000000 0.000000 0.000000 0.000000 0.000000 1.000000
1.000000 0.000000 0.000000 0.000000 0.000000 1.000000 0.000000 0.000000 0.000000 0.000000 1.000000 0.000000 0.000000 0.000000 0.000000 1.000000
1.000000 0.000000 0.000000 0.000000 0.000000 1.000000 0.000000 0.000000 0.000000 0.000000 1.000000 0.000000 0.000000 0.000000 0.000000 1.000000
1.000000 0.000000 0.000000 0.000000 0.000000 1.000000 0.000000 0.000000 0.000000 0.000000 1.000000 0.000000 0.000000 0.000000 0.000000 1.000000
1.000000 0.000000 0.000000 0.000000 0.000000 1.000000 0.000000 0.000000 0.000000 0.000000 1.000000 0.000000 0.000000 0.000000 0.000000 1.000000
1.000000 0.000000 0.000000 0.000000 0.000000 1.000000 0.000000 0.000000 0.000000 0.000000 1.000000 0.000000 0.000000 0.000000 0.000000 1.000000
1.000000 0.000000 0.000000 0.000000 0.000000 1.000000 0.000000 0.000000 0.000000 0.000000 1.000000 0.000000 0.000000 0.000000 0.000000 1.000000
1.000000 0.000000 0.000000 0.000000 0.000000 1.000000 0.000000 0.000000 0.000000 0.000000 1.000000 0.000000 0.000000 0.000000 0.000000 1.000000
1.000000 0.000000 0.000000 0.000000 0.000000 1.000000 0.000000 0.000000 0.000000 0.000000 1.000000 0.000000 0.000000 0.000000 0.000000 1.000000
1.000000 0.000000 0.000000 0.000000 0.000000 1.000000 0.000000 0.000000 0.000000 0.000000 1.000000 0.000000 0.000000 0.000000 0.000000 1.000000
1.000000 0.000000 0.000000 0.000000 0.000000 1.000000 0.000000 0.000000 0.000000 0.000000 1.000000 0.000000 0.000000 0.000000 0.000000 1.000000
1.000000 0.000000 0.000000 0.000000 0.000000 1.000000 0.000000 0.000000 0.000000 0.000000 1.000000 0.000000 0.000000 0.000000 0.000000 1.000000
1.000000 0.000000 0.000000 0.000000 0.000000 1.000000 0.000000 0.000000 0.000000 0.000000 1.000000 0.000000 0.000000 0.000000 0.000000 1.000000
1.000000 0.000000 0.000000 0.000000 0.000000 1.000000 0.000000 0.000000 0.000000 0.000000 1.000000 0.000000 0.000000 0.000000 0.000000 1.000000
1.000000 0.000000 0.000000 0.000000 0.000000 1.000000 0.000000 0.000000 0.000000 0.000000 1.000000 0.000000 0.000000 0.000000 0.000000 1.000000
1.000000 0.000000 0.000000 0.000000 0.000000 1.000000 0.000000 0.000000 0.000000 0.000000 1.000000 0.000000 0.000000 0.000000 0.000000 1.000000
1.000000 0.000000 0.000000 0.000000 0.000000 1.000000 0.000000 0.000000 0.000000 0.000000 1.000000 0.000000 0.000000 0.000000 0.000000 1.000000
1.000000 0.000000 0.000000 0.000000 0.000000 1.000000 0.000000 0.000000 0.000000 0.000000 1.000000 0.000000 0.000000 0.000000 0.000000 1.000000
1.000000 0.000000 0.000000 0.000000 0.000000 1.000000 0.000000 0.000000 0.000000 0.000000 1.000000 0.000000 0.000000 0.000000 0.000000 1.000000
1.000000 0.000000 0.000000 0.000000 0.000000 1.000000 0.000000 0.000000 0.000000 0.000000 1.000000 0.000000 0.000000 0.000000 0.000000 1.000000
1.000000 0.000000 0.000000 0.000000 0.000000 1.000000 0.000000 0.000000 0.000000 0.000000 1.000000 0.000000 0.000000 0.000000 0.000000 1.000000
1.000000 0.000000 0.000000 0.000000 0.000000 1.000000 0.000000 0.000000 0.000000 0.000000 1.000000 0.000000 0.000000 0.000000 0.000000 1.000000
1.000000 0.000000 0.000000 0.000000 0.000000 1.000000 0.000000 0.000000 0.000000 0.000000 1.000000 0.000000 0.000000 0.000000 0.000000 1.000000
1.000000 0.000000 0.000000 0.000000 0.000000 1.000000 0.000000 0.000000 0.000000 0.000000 1.000000 0.000000 0.000000 0.000000 0.000000 1.000000
1.000000 0.000000 0.000000 0.000000 0.000000 1.000000 0.000000 0.000000 0.000000 0.000000 1.000000 0.000000 0.000000 0.000000 0.000000 1.000000
1.000000 0.000000 0.000000 0.000000 0.000000 1.000000 0.000000 0.000000 0.000000 0.000000 1.000000 0.000000 0.000000 0.000000 0.000000 1.000000
1.000000 0.000000 0.000000 0.000000 0.000000 1.000000 0.000000 0.000000 0.000000 0.000000 1.000000 0.000000 0.000000 0.000000 0.000000 1.000000
1.000000 0.000000 0.000000 0.000000 0.000000 1.000000 0.000000 0.000000 0.000000 0.000000 1.000000 0.000000 0.000000 0.000000 0.000000 1.000000
1.000000 0.000000 0.000000 0.000000 0.000000 1.000000 0.000000 0.000000 0.000000 0.000000 1.000000 0.000000 0.000000 0.000000 0.000000 1.000000
1.000000 0.000000 0.000000 0.000000 0.000000 1.000000 0.000000 0.000000 0.000000 0.000000 1.000000 0.000000 0.000000 0.000000 0.000000 1.000000
1.000000 0.000000 0.000000 0.000000 0.000000 1.000000 0.000000 0.000000 0.000000 0.000000 1.000000 0.000000 0.000000 0.000000 0.000000 1.000000
1.000000 0.000000 0.000000 0.000000 0.000000 1.000000 0.000000 0.000000 0.000000 0.000000 1.000000 0.000000 0.000000 0.000000 0.000000 1.000000
1.000000 0.000000 0.000000 0.000000 0.000000 1.000000 0.000000 0.000000 0.000000 0.000000 1.000000 0.000000 0.000000 0.000000 0.000000 1.000000
1.000000 0.000000 0.000000 0.000000 0.000000 1.000000 0.000000 0.000000 0.000000 0.000000 1.000000 0.000000 0.000000 0.000000 0.000000 1.000000
1.000000 0.000000 0.000000 0.000000 0.000000 1.000000 0.000000 0.000000 0.000000 0.000000 1.000000 0.000000 0.000000 0.000000 0.000000 1.000000
1.000000 0.000000 0.000000 0.000000 0.000000 1.000000 0.000000 0.000000 0.000000 0.000000 1.000000 0.000000 0.000000 0.000000 0.000000 1.000000
1.000000 0.000000 0.000000 0.000000 0.000000 1.000000 0.000000 0.000000 0.000000 0.000000 1.000000 0.000000 0.000000 0.000000 0.000000 1.000000
1.000000 0.000000 0.000000 0.000000 0.000000 1.000000 0.000000 0.000000 0.000000 0.000000 1.000000 0.000000 0.000000 0.000000 0.000000 1.000000
1.000000 0.000000 0.000000 0.000000 0.000000 1.000000 0.000000 0.000000 0.000000 0.000000 1.000000 0.000000 0.000000 0.000000 0.000000 1.000000
1.000000 0.000000 0.000000 0.000000 0.000000 1.000000 0.000000 0.000000 0.000000 0.000000 1.000000 0.000000 0.000000 0.000000 0.000000 1.000000
1.000000 0.000000 0.000000 0.000000 0.000000 1.000000 0.000000 0.000000 0.000000 0.000000 1.000000 0.000000 0.000000 0.000000 0.000000 1.000000
1.000000 0.000000 0.000000 0.000000 0.000000 1.000000 0.000000 0.000000 0.000000 0.000000 1.000000 0.000000 0.000000 0.000000 0.000000 1.000000
1.000000 0.000000 0.000000 0.000000 0.000000 1.000000 0.000000 0.000000 0.000000 0.000000 1.000000 0.000000 0.000000 0.000000 0.000000 1.000000
1.000000 0.000000 0.000000 0.000000 0.000000 1.000000 0.000000 0.000000 0.000000 0.000000 1.000000 0.000000 0.000000 0.000000 0.000000 1.000000
1.000000 0.000000 0.000000 0.000000 0.000000 1.000000 0.000000 0.000000 0.000000 0.000000 1.000000 0.000000 0.000000 0.000000 0.000000 1.000000
1.000000 0.000000 0.000000 0.000000 0.000000 1.000000 0.000000 0.000000 0.000000 0.000000 1.000000 0.000000 0.000000 0.000000 0.000000 1.000000
1.000000 0.000000 0.000000 0.000000 0.000000 1.000000 0.000000 0.000000 0.000000 0.000000 1.000000 0.000000 0.000000 0.000000 0.000000 1.000000
1.000000 0.000000 0.000000 0.000000 0.000000 1.000000 0.000000 0.000000 0.000000 0.000000 1.000000 0.000000 0.000000 0.000000 0.000000 1.000000
1.000000 0.000000 0.000000 0.000000 0.000000 1.000000 0.000000 0.000000 0.000000 0.000000 1.000000 0.000000 0.000000 0.000000 0.000000 1.000000
1.000000 0.000000 0.000000 0.000000 0.000000 1.000000 0.000000 0.000000 0.000000 0.000000 1.000000 0.000000 0.000000 0.000000 0.000000 1.000000
1.000000 0.000000 0.000000 0.000000 0.000000 1.000000 0.000000 0.000000 0.000000 0.000000 1.000000 0.000000 0.000000 0.000000 0.000000 1.000000
1.000000 0.000000 0.000000 0.000000 0.000000 1.000000 0.000000 0.000000 0.000000 0.000000 1.000000 0.000000 0.000000 0.000000 0.000000 1.000000
1.000000 0.000000 0.000000 0.000000 0.000000 1.000000 0.000000 0.000000 0.000000 0.000000 1.000000 0.000000 0.000000 0.000000 0.000000 1.000000
1.000000 0.000000 0.000000 0.000000 0.000000 1.000000 0.000000 0.000000 0.000000 0.000000 1.000000 0.000000 0.000000 0.000000 0.000000 1.000000
1.000000 0.000000 0.000000 0.000000 0.000000 1.000000 0.000000 0.000000 0.000000 0.000000 1.000000 0.000000 0.000000 0.000000 0.000000 1.000000
1.000000 0.000000 0.000000 0.000000 0.000000 1.000000 0.000000 0.000000 0.000000 0.000000 1.000000 0.000000 0.000000 0.000000 0.000000 1.000000
1.000000 0.000000 0.000000 0.000000 0.000000 1.000000 0.000000 0.000000 0.000000 0.000000 1.000000 0.000000 0.000000 0.000000 0.000000 1.000000
1.000000 0.000000 0.000000 0.000000 0.000000 1.000000 0.000000 0.000000 0.000000 0.000000 1.000000 0.000000 0.000000 0.000000 0.000000 1.000000
1.000000 0.000000 0.000000 0.000000 0.000000 1.000000 0.000000 0.000000 0.000000 0.000000 1.000000 0.000000 0.000000 0.000000 0.000000 1.000000
1.000000 0.000000 0.000000 0.000000 0.000000 1.000000 0.000000 0.000000 0.000000 0.000000 1.000000 0.000000 0.000000 0.000000 0.000000 1.000000
1.000000 0.000000 0.000000 0.000000 0.000000 1.000000 0.000000 0.000000 0.000000 0.000000 1.000000 0.000000 0.000000 0.000000 0.000000 1.000000
1.000000 0.000000 0.000000 0.000000 0.000000 1.000000 0.000000 0.000000 0.000000 0.000000 1.000000 0.000000 0.000000 0.000000 0.000000 1.000000
1.000000 0.000000 0.000000 0.000000 0.000000 1.000000 0.000000 0.000000 0.000000 0.000000 1.000000 0.000000 0.000000 0.000000 0.000000 1.000000
1.000000 0.000000 0.000000 0.000000 0.000000 1.000000 0.000000 0.000000 0.000000 0.000000 1.000000 0.000000 0.000000 0.000000 0.000000 1.000000
1.000000 0.000000 0.000000 0.000000 0.000000 1.000000 0.000000 0.000000 0.000000 0.000000 1.000000 0.000000 0.000000 0.000000 0.000000 1.000000
1.000000 0.000000 0.000000 0.000000 0.000000 1.000000 0.000000 0.000000 0.000000 0.000000 1.000000 0.000000 0.000000 0.000000 0.000000 1.000000
1.000000 0.000000 0.000000 0.000000 0.000000 1.000000 0.000000 0.000000 0.000000 0.000000 1.000000 0.000000 0.000000 0.000000 0.000000 1.000000
1.000000 0.000000 0.000000 0.000000 0.000000 1.000000 0.000000 0.000000 0.000000 0.000000 1.000000 0.000000 0.000000 0.000000 0.000000 1.000000
1.000000 0.000000 0.000000 0.000000 0.000000 1.000000 0.000000 0.000000 0.000000 0.000000 1.000000 0.000000 0.000000 0.000000 0.000000 1.000000
1.000000 0.000000 0.000000 0.000000 0.000000 1.000000 0.000000 0.000000 0.000000 0.000000 1.000000 0.000000 0.000000 0.000000 0.000000 1.000000
1.000000 0.000000 0.000000 0.000000 0.000000 1.000000 0.000000 0.000000 0.000000 0.000000 1.000000 0.000000 0.000000 0.000000 0.000000 1.000000
1.000000 0.000000 0.000000 0.000000 0.000000 1.000000 0.000000 0.000000 0.000000 0.000000 1.000000 0.000000 0.000000 0.000000 0.000000 1.000000
1.000000 0.000000 0.000000 0.000000 0.000000 1.000000 0.000000 0.000000 0.000000 0.000000 1.000000 0.000000 0.000000 0.000000 0.000000 1.000000
1.000000 0.000000 0.000000 0.000000 0.000000 1.000000 0.000000 0.000000 0.000000 0.000000 1.000000 0.000000 0.000000 0.000000 0.000000 1.000000
1.000000 0.000000 0.000000 0.000000 0.000000 1.000000 0.000000 0.000000 0.000000 0.000000 1.000000 0.000000 0.000000 0.000000 0.000000 1.000000
1.000000 0.000000 0.000000 0.000000 0.000000 1.000000 0.000000 0.000000 0.000000 0.000000 1.000000 0.000000 0.000000 0.000000 0.000000 1.000000
1.000000 0.000000 0.000000 0.000000 0.000000 1.000000 0.000000 0.000000 0.000000 0.000000 1.000000 0.000000 0.000000 0.000000 0.000000 1.000000
1.000000 0.000000 0.000000 0.000000 0.000000 1.000000 0.000000 0.000000 0.000000 0.000000 1.000000 0.000000 0.000000 0.000000 0.000000 1.000000
1.000000 0.000000 0.000000 0.000000 0.000000 1.000000 0.000000 0.000000 0.000000 0.000000 1.000000 0.000000 0.000000 0.000000 0.000000 1.000000
1.000000 0.000000 0.000000 0.000000 0.000000 1.000000 0.000000 0.000000 0.000000 0.000000 1.000000 0.000000 0.000000 0.000000 0.000000 1.000000
1.000000 0.000000 0.000000 0.000000 0.000000 1.000000 0.000000 0.000000 0.000000 0.000000 1.000000 0.000000 0.000000 0.000000 0.000000 1.000000
1.000000 0.000000 0.000000 0.000000 0.000000 1.000000 0.000000 0.000000 0.000000 0.000000 1.000000 0.000000 0.000000 0.000000 0.000000 1.000000
1.000000 0.000000 0.000000 0.000000 0.000000 1.000000 0.000000 0.000000 0.000000 0.000000 1.000000 0.000000 0.000000 0.000000 0.000000 1.000000
1.000000 0.000000 0.000000 0.000000 0.000000 1.000000 0.000000 0.000000 0.000000 0.000000 1.000000 0.000000 0.000000 0.000000 0.000000 1.000000
1.000000 0.000000 0.000000 0.000000 0.000000 1.000000 0.000000 0.000000 0.000000 0.000000 1.000000 0.000000 0.000000 0.000000 0.000000 1.000000
1.000000 0.000000 0.000000 0.000000 0.000000 1.000000 0.000000 0.000000 0.000000 0.000000 1.000000 0.000000 0.000000 0.000000 0.000000 1.000000
1.000000 0.000000 0.000000 0.000000 0.000000 1.000000 0.000000 0.000000 0.000000 0.000000 1.000000 0.000000 0.000000 0.000000 0.000000 1.000000
1.000000 0.000000 0.000000 0.000000 0.000000 1.000000 0.000000 0.000000 0.000000 0.000000 1.000000 0.000000 0.000000 0.000000 0.000000 1.000000
1.000000 0.000000 0.000000 0.000000 0.000000 1.000000 0.000000 0.000000 0.000000 0.000000 1.000000 0.000000 0.000000 0.000000 0.000000 1.000000
1.000000 0.000000 0.000000 0.000000 0.000000 1.000000 0.000000 0.000000 0.000000 0.000000 1.000000 0.000000 0.000000 0.000000 0.000000 1.000000
1.000000 0.000000 0.000000 0.000000 0.000000 1.000000 0.000000 0.000000 0.000000 0.000000 1.000000 0.000000 0.000000 0.000000 0.000000 1.000000
1.000000 0.000000 0.000000 0.000000 0.000000 1.000000 0.000000 0.000000 0.000000 0.000000 1.000000 0.000000 0.000000 0.000000 0.000000 1.000000
1.000000 0.000000 0.000000 0.000000 0.000000 1.000000 0.000000 0.000000 0.000000 0.000000 1.000000 0.000000 0.000000 0.000000 0.000000 1.000000
1.000000 0.000000 0.000000 0.000000 0.000000 1.000000 0.000000 0.000000 0.000000 0.000000 1.000000 0.000000 0.000000 0.000000 0.000000 1.000000
1.000000 0.000000 0.000000 0.000000 0.000000 1.000000 0.000000 0.000000 0.000000 0.000000 1.000000 0.000000 0.000000 0.000000 0.000000 1.000000
1.000000 0.000000 0.000000 0.000000 0.000000 1.000000 0.000000 0.000000 0.000000 0.000000 1.000000 0.000000 0.000000 0.000000 0.000000 1.000000
1.000000 0.000000 0.000000 0.000000 0.000000 1.000000 0.000000 0.000000 0.000000 0.000000 1.000000 0.000000 0.000000 0.000000 0.000000 1.000000
1.000000 0.000000 0.000000 0.000000 0.000000 1.000000 0.000000 0.000000 0.000000 0.000000 1.000000 0.000000 0.000000 0.000000 0.000000 1.000000
1.000000 0.000000 0.000000 0.000000 0.000000 1.000000 0.000000 0.000000 0.000000 0.000000 1.000000 0.000000 0.000000 0.000000 0.000000 1.000000
1.000000 0.000000 0.000000 0.000000 0.000000 1.000000 0.000000 0.000000 0.000000 0.000000 1.000000 0.000000 0.000000 0.000000 0.000000 1.000000
1.000000 0.000000 0.000000 0.000000 0.000000 1.000000 0.000000 0.000000 0.000000 0.000000 1.000000 0.000000 0.000000 0.000000 0.000000 1.000000
1.000000 0.000000 0.000000 0.000000 0.000000 1.000000 0.000000 0.000000 0.000000 0.000000 1.000000 0.000000 0.000000 0.000000 0.000000 1.000000</float_array>
        <technique_common>
          <accessor source="#Armature-Matrix-animation-output-transform-array" count="119" stride="16">
            <param type="float4x4"/>
          </accessor>
        </technique_common>
      </source>
      <source id="Armature-Interpolations">
        <Name_array id="Armature-Interpolations-array" count="119">
 LINEAR LINEAR LINEAR LINEAR LINEAR LINEAR LINEAR LINEAR LINEAR LINEAR LINEAR
LINEAR LINEAR LINEAR LINEAR LINEAR LINEAR LINEAR LINEAR LINEAR LINEAR LINEAR LINEAR
LINEAR LINEAR LINEAR LINEAR LINEAR LINEAR LINEAR LINEAR LINEAR LINEAR LINEAR LINEAR
LINEAR LINEAR LINEAR LINEAR LINEAR LINEAR LINEAR LINEAR LINEAR LINEAR LINEAR LINEAR
LINEAR LINEAR LINEAR LINEAR LINEAR LINEAR LINEAR LINEAR LINEAR LINEAR LINEAR LINEAR
LINEAR LINEAR LINEAR LINEAR LINEAR LINEAR LINEAR LINEAR LINEAR LINEAR LINEAR LINEAR
LINEAR LINEAR LINEAR LINEAR LINEAR LINEAR LINEAR LINEAR LINEAR LINEAR LINEAR LINEAR
LINEAR LINEAR LINEAR LINEAR LINEAR LINEAR LINEAR LINEAR LINEAR LINEAR LINEAR LINEAR
LINEAR LINEAR LINEAR LINEAR LINEAR LINEAR LINEAR LINEAR LINEAR LINEAR LINEAR LINEAR
LINEAR LINEAR LINEAR LINEAR LINEAR LINEAR LINEAR LINEAR LINEAR LINEAR LINEAR LINEAR</Name_array>
        <technique_common>
          <accessor source="#Armature-Interpolations-array" count="119">
            <param type="name"/>
          </accessor>
        </technique_common>
      </source>
      <sampler id="Armature-Matrix-animation-transform">
        <input semantic="INPUT" source="#Armature-Matrix-animation-input"/>
        <input semantic="OUTPUT" source="#Armature-Matrix-animation-output-transform"/>
        <input semantic="INTERPOLATION" source="#Armature-Interpolations"/>
      </sampler>
      <channel source="#Armature-Matrix-animation-transform" target="Armature/matrix"/>
    </animation>
    <animation id="mixamorig_Hips-anim" name="mixamorig_Hips">
      <source id="mixamorig_Hips-Matrix-animation-input">
        <float_array id="mixamorig_Hips-Matrix-animation-input-array" count="119">

0.000000 0.033333 0.066667 0.100000 0.133333 0.166667 0.200000 0.233333 0.266667 0.300000 0.333333 0.366667 0.400000 0.433333 0.466667 0.500000
0.533333 0.566667 0.600000 0.633333 0.666667 0.700000 0.733333 0.766667 0.800000 0.833333 0.866667 0.900000 0.933333 0.966667 1.000000 1.033333
1.066667 1.100000 1.133333 1.166667 1.200000 1.233333 1.266667 1.300000 1.333333 1.366667 1.400000 1.433333 1.466667 1.500000 1.533333 1.566667
1.600000 1.633333 1.666667 1.700000 1.733333 1.766667 1.800000 1.833333 1.866667 1.900000 1.933333 1.966667 2.000000 2.033333 2.066667 2.100000
2.133333 2.166667 2.200000 2.233333 2.266667 2.300000 2.333333 2.366667 2.400000 2.433333 2.466667 2.500000 2.533333 2.566667 2.600000 2.633333
2.666667 2.700000 2.733333 2.766667 2.800000 2.833333 2.866667 2.900000 2.933333 2.966667 3.000000 3.033333 3.066667 3.100000 3.133333 3.166667
3.200000 3.233333 3.266667 3.300000 3.333333 3.366667 3.400000 3.433333 3.466667 3.500000 3.533333 3.566667 3.600000 3.633333 3.666667 3.700000
3.733333 3.766667 3.800000 3.833333 3.866667 3.900000 3.933333</float_array>
        <technique_common>
          <accessor source="#mixamorig_Hips-Matrix-animation-input-array" count="119">
            <param name="TIME" type="float"/>
          </accessor>
        </technique_common>
      </source>
      <source id="mixamorig_Hips-Matrix-animation-output-transform">
        <float_array id="mixamorig_Hips-Matrix-animation-output-transform-array" count="1904">

0.856155 0.043516 -0.514883 1.752193 0.060607 0.981113 0.183698 48.097942 0.513152 -0.188479 0.837347 -2.272544 0.000000 0.000000 0.000000 1.000000
0.856171 0.043601 -0.514850 1.736321 0.060737 0.981032 0.184084 48.151253 0.513110 -0.188878 0.837283 -2.264264 0.000000 0.000000 0.000000 1.000000
0.856151 0.043692 -0.514876 1.703180 0.061027 0.980895 0.184715 48.239017 0.513110 -0.189566 0.837128 -2.243445 0.000000 0.000000 0.000000 1.000000
0.856121 0.043725 -0.514922 1.650155 0.061499 0.980713 0.185527 48.350834 0.513103 -0.190500 0.836920 -2.201993 0.000000 0.000000 0.000000 1.000000
0.856112 0.043649 -0.514944 1.577608 0.062160 0.980495 0.186454 48.475876 0.513038 -0.191635 0.836701 -2.132378 0.000000 0.000000 0.000000 1.000000
0.856142 0.043452 -0.514910 1.486674 0.063000 0.980248 0.187471 48.607101 0.512885 -0.192941 0.836494 -2.030725 0.000000 0.000000 0.000000 1.000000
0.856212 0.043173 -0.514818 1.378764 0.063973 0.979973 0.188576 48.740147 0.512648 -0.194395 0.836303 -1.899341 0.000000 0.000000 0.000000 1.000000
0.856301 0.042878 -0.514695 1.255443 0.065011 0.979673 0.189775 48.872059 0.512370 -0.195965 0.836107 -1.747169 0.000000 0.000000 0.000000 1.000000
0.856373 0.042635 -0.514594 1.118485 0.066047 0.979355 0.191055 49.001045 0.512116 -0.197602 0.835877 -1.588044 0.000000 0.000000 0.000000 1.000000
0.856388 0.042478 -0.514583 0.969891 0.067034 0.979029 0.192377 49.126873 0.511963 -0.199243 0.835581 -1.437229 0.000000 0.000000 0.000000 1.000000
0.856309 0.042389 -0.514721 0.811828 0.067964 0.978710 0.193668 49.250954 0.511972 -0.200823 0.835198 -1.307612 0.000000 0.000000 0.000000 1.000000
0.856114 0.042294 -0.515053 0.646530 0.068883 0.978414 0.194838 49.376263 0.512176 -0.202282 0.834720 -1.206601 0.000000 0.000000 0.000000 1.000000
0.855791 0.042066 -0.515608 0.476253 0.069876 0.978155 0.195781 49.506874 0.512581 -0.203576 0.834157 -1.134926 0.000000 0.000000 0.000000 1.000000
0.855336 0.041549 -0.516404 0.303196 0.071069 0.977945 0.196398 49.647598 0.513175 -0.204687 0.833519 -1.087444 0.000000 0.000000 0.000000 1.000000
0.854748 0.040578 -0.517454 0.129420 0.072608 0.977789 0.196614 49.803322 0.513939 -0.205627 0.832817 -1.055725 0.000000 0.000000 0.000000 1.000000
0.854026 0.039007 -0.518765 -0.043204 0.074646 0.977678 0.196401 49.978306 0.514846 -0.206456 0.832051 -1.031300 0.000000 0.000000 0.000000 1.000000
0.853179 0.036738 -0.520324 -0.213164 0.077324 0.977588 0.195813 50.175747 0.515856 -0.207297 0.831216 -1.008370 0.000000 0.000000 0.000000 1.000000
0.852226 0.033739 -0.522084 -0.379458 0.080758 0.977474 0.194993 50.397869 0.516903 -0.208341 0.830305 -0.985340 0.000000 0.000000 0.000000 1.000000
0.851215 0.030038 -0.523956 -0.541556 0.085039 0.977273 0.194181 50.646828 0.517881 -0.209847 0.829315 -0.964790 0.000000 0.000000 0.000000 1.000000
0.850215 0.025707 -0.525808 -0.699419 0.090246 0.976904 0.193687 50.926285 0.518643 -0.212127 0.828258 -0.952044 0.000000 0.000000 0.000000 1.000000
0.849317 0.020845 -0.527472 -0.853204 0.096436 0.976278 0.193860 51.243134 0.519000 -0.215516 0.827159 -0.953261 0.000000 0.000000 0.000000 1.000000
0.848619 0.015583 -0.528775 -1.003174 0.103630 0.975302 0.195054 51.609135 0.518755 -0.220324 0.826045 -0.973562 0.000000 0.000000 0.000000 1.000000
0.848219 0.010095 -0.529549 -1.149797 0.111760 0.973895 0.197580 52.042442 0.517720 -0.226773 0.824948 -1.016105 0.000000 0.000000 0.000000 1.000000
0.848218 0.004619 -0.529626 -1.294388 0.120616 0.972003 0.201648 52.570061 0.515730 -0.234923 0.823914 -1.082015 0.000000 0.000000 0.000000 1.000000
0.848741 -0.000550 -0.528809 -1.439908 0.129806 0.969621 0.207331 53.231064 0.512630 -0.244612 0.823028 -1.170999 0.000000 0.000000 0.000000 1.000000
0.849952 -0.005060 -0.526836 -1.591090 0.138731 0.966814 0.214532 54.078453 0.508267 -0.255430 0.822448 -1.282034 0.000000 0.000000 0.000000 1.000000
0.852051 -0.008515 -0.523390 -1.753579 0.146613 0.963730 0.222999 55.175480 0.502508 -0.266742 0.822395 -1.413471 0.000000 0.000000 0.000000 1.000000
0.855211 -0.010524 -0.518173 -1.932433 0.152597 0.960589 0.232343 56.583694 0.495306 -0.277773 0.823112 -1.562500 0.000000 0.000000 0.000000 1.000000
0.859503 -0.010787 -0.511017 -2.130614 0.155937 0.957648 0.242064 58.341324 0.486764 -0.287741 0.824783 -1.724762 0.000000 0.000000 0.000000 1.000000
0.864859 -0.009173 -0.501931 -2.348060 0.156165 0.955142 0.251628 60.437672 0.477107 -0.296007 0.827495 -1.895145 0.000000 0.000000 0.000000 1.000000
0.871121 -0.005774 -0.491034 -2.581359 0.153196 0.953223 0.260570 62.799015 0.466560 -0.302212 0.831258 -2.069534 0.000000 0.000000 0.000000 1.000000
0.878146 -0.000912 -0.478392 -2.822171 0.147305 0.951927 0.268583 65.305786 0.455149 -0.306324 0.836065 -2.247783 0.000000 0.000000 0.000000 1.000000
0.885827 0.004883 -0.463991 -3.062380 0.139057 0.951193 0.275491 67.812935 0.442690 -0.308559 0.841913 -2.431401 0.000000 0.000000 0.000000 1.000000
0.894080 0.010910 -0.447774 -3.296632 0.129188 0.950936 0.281124 70.197037 0.428871 -0.309195 0.848804 -2.620524 0.000000 0.000000 0.000000 1.000000
0.902774 0.016362 -0.429804 -3.517026 0.118530 0.951119 0.285172 72.392677 0.413460 -0.308391 0.856706 -2.809037 0.000000 0.000000 0.000000 1.000000
0.911702 0.020538 -0.410340 -3.693492 0.107801 0.951800 0.287152 74.394188 0.396458 -0.306032 0.865543 -2.986150 0.000000 0.000000 0.000000 1.000000
0.920623 0.023163 -0.389765 -3.779431 0.097323 0.953118 0.286520 76.224884 0.378129 -0.301710 0.875208 -3.144063 0.000000 0.000000 0.000000 1.000000
0.929297 0.024485 -0.368521 -3.748010 0.086992 0.955216 0.282833 77.908653 0.358942 -0.294895 0.885549 -3.281888 0.000000 0.000000 0.000000 1.000000
0.937487 0.025048 -0.347119 -3.601407 0.076544 0.958143 0.275868 79.463898 0.339500 -0.285192 0.896329 -3.402412 0.000000 0.000000 0.000000 1.000000
0.944978 0.025371 -0.326149 -3.352410 0.065866 0.961815 0.265658 80.912430 0.320435 -0.272523 0.907222 -3.504696 0.000000 0.000000 0.000000 1.000000
0.951680 0.025825 -0.306003 -3.014122 0.054967 0.966041 0.252476 82.277611 0.302132 -0.257096 0.917942 -3.582624 0.000000 0.000000 0.000000 1.000000
0.957548 0.026658 -0.287040 -2.597600 0.043946 0.970579 0.236740 83.575180 0.284905 -0.239304 0.928204 -3.630849 0.000000 0.000000 0.000000 1.000000
0.962716 0.028014 -0.269060 -2.114734 0.032821 0.975179 0.218970 84.812340 0.268516 -0.219637 0.937901 -3.647938 0.000000 0.000000 0.000000 1.000000
0.967331 0.029579 -0.251784 -1.591206 0.022019 0.979614 0.199678 86.016762 0.252558 -0.198699 0.946960 -3.624170 0.000000 0.000000 0.000000 1.000000
0.971576 0.031023 -0.234685 -1.054348 0.011912 0.983713 0.179350 87.206856 0.236427 -0.177048 0.955383 -3.551433 0.000000 0.000000 0.000000 1.000000
0.975576 0.031975 -0.217321 -0.532687 0.002923 0.987372 0.158395 88.392998 0.219641 -0.155161 0.963163 -3.421879 0.000000 0.000000 0.000000 1.000000
0.979365 0.032118 -0.199531 -0.053058 -0.004546 0.990542 0.137133 89.579147 0.202048 -0.133396 0.970248 -3.228058 0.000000 0.000000 0.000000 1.000000
0.982896 0.031239 -0.181492 0.362379 -0.010178 0.993216 0.115838 90.764404 0.183879 -0.112009 0.976546 -2.963327 0.000000 0.000000 0.000000 1.000000
0.986093 0.029247 -0.163603 0.699990 -0.013793 0.995400 0.094811 91.944397 0.165623 -0.091236 0.981960 -2.624145 0.000000 0.000000 0.000000 1.000000
0.988900 0.026120 -0.146266 0.956111 -0.015323 0.997106 0.074465 93.110916 0.147787 -0.071397 0.986439 -2.212308 0.000000 0.000000 0.000000 1.000000
0.991318 0.021902 -0.129649 1.137162 -0.014816 0.998356 0.055368 94.254082 0.130648 -0.052966 0.990013 -1.736285 0.000000 0.000000 0.000000 1.000000
0.993392 0.016692 -0.113554 1.258644 -0.012422 0.999192 0.038214 95.362526 0.114100 -0.036551 0.992797 -1.212166 0.000000 0.000000 0.000000 1.000000
0.995184 0.010666 -0.097445 1.343745 -0.008393 0.999684 0.023703 96.422440 0.097667 -0.022771 0.994959 -0.664362 0.000000 0.000000 0.000000 1.000000
0.996736 0.004121 -0.080626 1.422004 -0.003131 0.999918 0.012397 97.414474 0.080670 -0.012104 0.996667 -0.125898 0.000000 0.000000 0.000000 1.000000
0.998043 -0.002418 -0.062489 1.528869 0.002710 0.999986 0.004587 98.314682 0.062477 -0.004747 0.998035 0.366630 0.000000 0.000000 0.000000 1.000000
0.999049 -0.008419 -0.042776 1.699972 0.008436 0.999964 0.000217 99.092865 0.042773 -0.000578 0.999085 0.786398 0.000000 0.000000 0.000000 1.000000
0.999675 -0.013375 -0.021701 1.965247 0.013354 0.999910 -0.001109 99.735397 0.021713 0.000819 0.999764 1.127054 0.000000 0.000000 0.000000 1.000000
0.999849 -0.017349 -0.000023 2.338831 0.017349 0.999849 -0.000086 100.263687 0.000024 0.000086 1.000000 1.400374 0.000000 0.000000 0.000000 1.000000
0.999569 -0.020161 0.021363 2.839134 0.020113 0.999795 0.002455 100.685173 -0.021408 -0.002024 0.999769 1.611982 0.000000 0.000000 0.000000 1.000000
0.998905 -0.021467 0.041573 3.487990 0.021247 0.999758 0.005728 100.992172 -0.041686 -0.004838 0.999119 1.765164 0.000000 0.000000 0.000000 1.000000
0.997987 -0.021088 0.059804 4.300734 0.020577 0.999746 0.009148 101.182076 -0.059981 -0.007899 0.998168 1.866495 0.000000 0.000000 0.000000 1.000000
0.996971 -0.019098 0.075391 5.283113 0.018213 0.999757 0.012418 101.262611 -0.075610 -0.011008 0.997077 1.919414 0.000000 0.000000 0.000000 1.000000
0.996004 -0.015789 0.087899 6.431052 0.014480 0.999775 0.015513 101.246429 -0.088124 -0.014178 0.996009 1.921038 0.000000 0.000000 0.000000 1.000000
0.995198 -0.011700 0.097176 7.727697 0.009940 0.999778 0.018573 101.148354 -0.097372 -0.017517 0.995094 1.867079 0.000000 0.000000 0.000000 1.000000
0.994607 -0.007371 0.103450 9.145870 0.005144 0.999750 0.021771 100.993240 -0.103584 -0.021121 0.994396 1.755283 0.000000 0.000000 0.000000 1.000000
0.994223 -0.003485 0.107281 10.645707 0.000786 0.999683 0.025184 100.804802 -0.107334 -0.024955 0.993910 1.583397 0.000000 0.000000 0.000000 1.000000
0.993987 -0.000638 0.109496 12.177900 -0.002526 0.999583 0.028759 100.607407 -0.109469 -0.028862 0.993571 1.348043 0.000000 0.000000 0.000000 1.000000
0.993818 0.000830 0.111022 13.686752 -0.004448 0.999467 0.032345 100.424973 -0.110936 -0.032639 0.993291 1.044825 0.000000 0.000000 0.000000 1.000000
0.993629 0.000944 0.112696 15.116415 -0.005006 0.999348 0.035770 100.277390 -0.112589 -0.036106 0.992985 0.670641 0.000000 0.000000 0.000000 1.000000
0.993351 0.000038 0.115125 16.421442 -0.004544 0.999234 0.038877 100.176361 -0.115035 -0.039141 0.992590 0.226591 0.000000 0.000000 0.000000 1.000000
0.992938 -0.001415 0.118625 17.577860 -0.003536 0.999131 0.041523 100.122559 -0.118581 -0.041649 0.992071 -0.281387 0.000000 0.000000 0.000000 1.000000
0.992369 -0.002881 0.123267 18.589085 -0.002510 0.999048 0.043560 100.109993 -0.123275 -0.043537 0.991417 -0.843220 0.000000 0.000000 0.000000 1.000000
0.991645 -0.003832 0.128938 19.478521 -0.001970 0.998992 0.044836 100.130493 -0.128980 -0.044716 0.990639 -1.446174 0.000000 0.000000 0.000000 1.000000
0.990787 -0.003892 0.135371 20.272577 -0.002255 0.998974 0.045229 100.173622 -0.135408 -0.045118 0.989762 -2.076544 0.000000 0.000000 0.000000 1.000000
0.989835 -0.002861 0.142193 20.990740 -0.003536 0.998994 0.044712 100.230095 -0.142177 -0.044761 0.988829 -2.720768 0.000000 0.000000 0.000000 1.000000
0.988838 -0.000716 0.148993 21.643642 -0.005817 0.999040 0.043413 100.292183 -0.148881 -0.043795 0.987885 -3.366120 0.000000 0.000000 0.000000 1.000000
0.987846 0.002394 0.155420 22.235582 -0.008971 0.999093 0.041627 100.353165 -0.155179 -0.042516 0.986971 -4.001058 0.000000 0.000000 0.000000 1.000000
0.986891 0.006192 0.161268 22.766281 -0.012769 0.999127 0.039782 100.405708 -0.160881 -0.041320 0.986109 -4.615305 0.000000 0.000000 0.000000 1.000000
0.985984 0.010283 0.166520 23.234171 -0.016895 0.999122 0.038340 100.445580 -0.165979 -0.040616 0.985292 -5.199267 0.000000 0.000000 0.000000 1.000000
0.985104 0.014377 0.171355 23.639032 -0.021137 0.999066 0.037693 100.474976 -0.170653 -0.040754 0.984488 -5.743271 0.000000 0.000000 0.000000 1.000000
0.984208 0.018186 0.176079 23.979362 -0.025268 0.998956 0.038061 100.496445 -0.175203 -0.041909 0.983640 -6.238685 0.000000 0.000000 0.000000 1.000000
0.983240 0.021478 0.181049 24.253548 -0.029080 0.998799 0.039440 100.513474 -0.179984 -0.044043 0.982683 -6.678638 0.000000 0.000000 0.000000 1.000000
0.982139 0.024089 0.186609 24.460081 -0.032401 0.998608 0.041619 100.528915 -0.185347 -0.046922 0.981552 -7.057851 0.000000 0.000000 0.000000 1.000000
0.980853 0.025901 0.193022 24.597242 -0.035073 0.998404 0.044254 100.543243 -0.191567 -0.050176 0.980196 -7.373249 0.000000 0.000000 0.000000 1.000000
0.979342 0.026814 0.200425 24.662985 -0.036943 0.998213 0.046966 100.554306 -0.198807 -0.053400 0.978583 -7.624311 0.000000 0.000000 0.000000 1.000000
0.977590 0.026747 0.208813 24.655428 -0.037868 0.998059 0.049443 100.558441 -0.207085 -0.056242 0.976705 -7.812885 0.000000 0.000000 0.000000 1.000000
0.975603 0.025662 0.218039 24.574167 -0.037754 0.997960 0.051476 100.552673 -0.216273 -0.058452 0.974582 -7.942710 0.000000 0.000000 0.000000 1.000000
0.973412 0.023604 0.227844 24.421394 -0.036595 0.997926 0.052961 100.536827 -0.226121 -0.059891 0.972256 -8.018900 0.000000 0.000000 0.000000 1.000000
0.971070 0.020718 0.237896 24.202566 -0.034487 0.997953 0.053863 100.513832 -0.236293 -0.060509 0.969796 -8.047598 0.000000 0.000000 0.000000 1.000000
0.968645 0.017224 0.247852 23.925156 -0.031611 0.998030 0.054186 100.487251 -0.246430 -0.060322 0.967281 -8.035729 0.000000 0.000000 0.000000 1.000000
0.966207 0.013438 0.257418 23.599113 -0.028262 0.998142 0.053975 100.465378 -0.256215 -0.059427 0.964791 -7.990467 0.000000 0.000000 0.000000 1.000000
0.963812 0.009686 0.266407 23.233292 -0.024770 0.998270 0.053319 100.456139 -0.265430 -0.057988 0.962385 -7.918528 0.000000 0.000000 0.000000 1.000000
0.961495 0.006204 0.274752 22.833113 -0.021400 0.998400 0.052346 100.463875 -0.273988 -0.056210 0.960089 -7.825576 0.000000 0.000000 0.000000 1.000000
0.959263 0.003091 0.282496 22.401272 -0.018296 0.998521 0.051205 100.488197 -0.281920 -0.054287 0.957901 -7.715645 0.000000 0.000000 0.000000 1.000000
0.957104 0.000342 0.289743 21.940693 -0.015502 0.998627 0.050029 100.525726 -0.289329 -0.052375 0.955796 -7.590290 0.000000 0.000000 0.000000 1.000000
0.954999 -0.002091 0.296602 21.456863 -0.013004 0.998719 0.048910 100.572083 -0.296324 -0.050566 0.953748 -7.452520 0.000000 0.000000 0.000000 1.000000
0.952938 -0.004261 0.303134 20.957918 -0.010765 0.998795 0.047883 100.622910 -0.302973 -0.048893 0.951744 -7.304985 0.000000 0.000000 0.000000 1.000000
0.950933 -0.006202 0.309335 20.454035 -0.008752 0.998860 0.046931 100.674934 -0.309273 -0.047335 0.949795 -7.150484 0.000000 0.000000 0.000000 1.000000
0.949009 -0.007922 0.315149 19.955891 -0.006938 0.998917 0.046004 100.726677 -0.315172 -0.045845 0.947926 -6.991575 0.000000 0.000000 0.000000 1.000000
0.947196 -0.009423 0.320515 19.472939 -0.005305 0.998971 0.045047 100.778152 -0.320610 -0.044368 0.946172 -6.830029 0.000000 0.000000 0.000000 1.000000
0.945516 -0.010715 0.325399 19.012341 -0.003829 0.999023 0.044021 100.829933 -0.325553 -0.042868 0.944551 -6.666536 0.000000 0.000000 0.000000 1.000000
0.943972 -0.011822 0.329815 18.578793 -0.002485 0.999075 0.042925 100.882065 -0.330018 -0.041340 0.943069 -6.500862 0.000000 0.000000 0.000000 1.000000
0.942553 -0.012774 0.333812 18.175106 -0.001261 0.999125 0.041795 100.933456 -0.334054 -0.039815 0.941713 -6.332354 0.000000 0.000000 0.000000 1.000000
0.941248 -0.013593 0.337443 17.802748 -0.000161 0.999171 0.040698 100.982010 -0.337716 -0.038361 0.940466 -6.160557 0.000000 0.000000 0.000000 1.000000
0.940053 -0.014293 0.340729 17.462330 0.000797 0.999211 0.039716 101.025314 -0.341028 -0.037063 0.939322 -5.985731 0.000000 0.000000 0.000000 1.000000
0.938981 -0.014888 0.343647 17.153679 0.001593 0.999240 0.038938 101.061752 -0.343966 -0.036014 0.938291 -5.808974 0.000000 0.000000 0.000000 1.000000
0.938058 -0.015403 0.346136 16.875750 0.002222 0.999258 0.038443 101.090851 -0.346471 -0.035293 0.937397 -5.631948 0.000000 0.000000 0.000000 1.000000
0.937316 -0.015872 0.348120 16.626528 0.002702 0.999263 0.038286 101.113564 -0.348471 -0.034946 0.936668 -5.456477 0.000000 0.000000 0.000000 1.000000
0.936774 -0.016330 0.349554 16.403206 0.003066 0.999255 0.038466 101.131706 -0.349922 -0.034963 0.936126 -5.284199 0.000000 0.000000 0.000000 1.000000
0.936431 -0.016787 0.350449 16.202503 0.003348 0.999237 0.038919 101.147087 -0.350835 -0.035272 0.935773 -5.116602 0.000000 0.000000 0.000000 1.000000
0.936261 -0.017221 0.350883 16.021103 0.003566 0.999212 0.039525 101.160919 -0.351287 -0.035754 0.935585 -4.955287 0.000000 0.000000 0.000000 1.000000
0.936215 -0.017585 0.350988 15.856106 0.003718 0.999187 0.040143 101.173523 -0.351408 -0.036277 0.935519 -4.802245 0.000000 0.000000 0.000000 1.000000
0.936241 -0.017824 0.350907 15.705427 0.003786 0.999166 0.040651 101.184296 -0.351339 -0.036731 0.935527 -4.659844 0.000000 0.000000 0.000000 1.000000
0.936293 -0.017900 0.350763 15.568145 0.003751 0.999153 0.040975 101.192154 -0.351199 -0.037048 0.935567 -4.530628 0.000000 0.000000 0.000000 1.000000
