<?xml version="1.0" encoding="utf-8"?>
<COLLADA xmlns="http://www.collada.org/2005/11/COLLADASchema" version="1.4.1">
  <asset>
    <contributor>
      <author>Mixamo</author>
      <authoring_tool>COLLADA Mixamo exporter</authoring_tool>
      <comments/>
    </contributor>
    <created>2024-04-05T10:42:02Z</created>
    <modified>2024-04-05T10:42:02Z</modified>
    <revision/>
    <title/>
    <unit meter="0.010000"/>
    <up_axis>Y_UP</up_axis>
  </asset>
  <library_animations>
    <animation id="Armature-anim" name="Armature">
      <source id="Armature-Matrix-animation-input">
        <float_array id="Armature-Matrix-animation-input-array" count="41">

0.000000 0.033333 0.066667 0.100000 0.133333 0.166667 0.200000 0.233333 0.266667 0.300000 0.333333 0.366667 0.400000 0.433333 0.466667 0.500000
0.533333 0.566667 0.600000 0.633333 0.666667 0.700000 0.733333 0.766667 0.800000 0.833333 0.866667 0.900000 0.933333 0.966667 1.000000 1.033333
1.066667 1.100000 1.133333 1.166667 1.200000 1.233333 1.266667 1.300000 1.333333</float_array>
        <technique_common>
          <accessor source="#Armature-Matrix-animation-input-array" count="41">
            <param name="TIME" type="float"/>
          </accessor>
        </technique_common>
      </source>
      <source id="Armature-Matrix-animation-output-transform">
        <float_array id="Armature-Matrix-animation-output-transform-array" count="656">

1.000000 0.000000 0.000000 0.000000 0.000000 1.000000 0.000000 0.000000 0.000000 0.000000 1.000000 0.000000 0.000000 0.000000 0.000000 1.000000
1.000000 0.000000 0.000000 0.000000 0.000000 1.000000 0.000000 0.000000 0.000000 0.000000 1.000000 0.000000 0.000000 0.000000 0.000000 1.000000
1.000000 0.000000 0.000000 0.000000 0.000000 1.000000 0.000000 0.000000 0.000000 0.000000 1.000000 0.000000 0.000000 0.000000 0.000000 1.000000
1.000000 0.000000 0.000000 0.000000 0.000000 1.000000 0.000000 0.000000 0.000000 0.000000 1.000000 0.000000 0.000000 0.000000 0.000000 1.000000
1.000000 0.000000 0.000000 0.000000 0.000000 1.000000 0.000000 0.000000 0.000000 0.000000 1.000000 0.000000 0.000000 0.000000 0.000000 1.000000
1.000000 0.000000 0.000000 0.000000 0.000000 1.000000 0.000000 0.000000 0.000000 0.000000 1.000000 0.000000 0.000000 0.000000 0.000000 1.000000
1.000000 0.000000 0.000000 0.000000 0.000000 1.000000 0.000000 0.000000 0.000000 0.000000 1.000000 0.000000 0.000000 0.000000 0.000000 1.000000
1.000000 0.000000 0.000000 0.000000 0.000000 1.000000 0.000000 0.000000 0.000000 0.000000 1.000000 0.000000 0.000000 0.000000 0.000000 1.000000
1.000000 0.000000 0.000000 0.000000 0.000000 1.000000 0.000000 0.000000 0.000000 0.000000 1.000000 0.000000 0.000000 0.000000 0.000000 1.000000
1.000000 0.000000 0.000000 0.000000 0.000000 1.000000 0.000000 0.000000 0.000000 0.000000 1.000000 0.000000 0.000000 0.000000 0.000000 1.000000
1.000000 0.000000 0.000000 0.000000 0.000000 1.000000 0.000000 0.000000 0.000000 0.000000 1.000000 0.000000 0.000000 0.000000 0.000000 1.000000
1.000000 0.000000 0.000000 0.000000 0.000000 1.000000 0.000000 0.000000 0.000000 0.000000 1.000000 0.000000 0.000000 0.000000 0.000000 1.000000
1.000000 0.000000 0.000000 0.000000 0.000000 1.000000 0.000000 0.000000 0.000000 0.000000 1.000000 0.000000 0.000000 0.000000 0.000000 1.000000
1.000000 0.000000 0.000000 0.000000 0.000000 1.000000 0.000000 0.000000 0.000000 0.000000 1.000000 0.000000 0.000000 0.000000 0.000000 1.000000
1.000000 0.000000 0.000000 0.000000 0.000000 1.000000 0.000000 0.000000 0.000000 0.000000 1.000000 0.000000 0.000000 0.000000 0.000000 1.000000
1.000000 0.000000 0.000000 0.000000 0.000000 1.000000 0.000000 0.000000 0.000000 0.000000 1.000000 0.000000 0.000000 0.000000 0.000000 1.000000
1.000000 0.000000 0.000000 0.000000 0.000000 1.000000 0.000000 0.000000 0.000000 0.000000 1.000000 0.000000 0.000000 0.000000 0.000000 1.000000
1.000000 0.000000 0.000000 0.000000 0.000000 1.000000 0.000000 0.000000 0.000000 0.000000 1.000000 0.000000 0.000000 0.000000 0.000000 1.000000
1.000000 0.000000 0.000000 0.000000 0.000000 1.000000 0.000000 0.000000 0.000000 0.000000 1.000000 0.000000 0.000000 0.000000 0.000000 1.000000
1.000000 0.000000 0.000000 0.000000 0.000000 1.000000 0.000000 0.000000 0.000000 0.000000 1.000000 0.000000 0.000000 0.000000 0.000000 1.000000
1.000000 0.000000 0.000000 0.000000 0.000000 1.000000 0.000000 0.000000 0.000000 0.000000 1.000000 0.000000 0.000000 0.000000 0.000000 1.000000
1.000000 0.000000 0.000000 0.000000 0.000000 1.000000 0.000000 0.000000 0.000000 0.000000 1.000000 0.000000 0.000000 0.000000 0.000000 1.000000
1.000000 0.000000 0.000000 0.000000 0.000000 1.000000 0.000000 0.000000 0.000000 0.000000 1.000000 0.000000 0.000000 0.000000 0.000000 1.000000
1.000000 0.000000 0.000000 0.000000 0.000000 1.000000 0.000000 0.000000 0.000000 0.000000 1.000000 0.000000 0.000000 0.000000 0.000000 1.000000
1.000000 0.000000 0.000000 0.000000 0.000000 1.000000 0.000000 0.000000 0.000000 0.000000 1.000000 0.000000 0.000000 0.000000 0.000000 1.000000
1.000000 0.000000 0.000000 0.000000 0.000000 1.000000 0.000000 0.000000 0.000000 0.000000 1.000000 0.000000 0.000000 0.000000 0.000000 1.000000
1.000000 0.000000 0.000000 0.000000 0.000000 1.000000 0.000000 0.000000 0.000000 0.000000 1.000000 0.000000 0.000000 0.000000 0.000000 1.000000
1.000000 0.000000 0.000000 0.000000 0.000000 1.000000 0.000000 0.000000 0.000000 0.000000 1.000000 0.000000 0.000000 0.000000 0.000000 1.000000
1.000000 0.000000 0.000000 0.000000 0.000000 1.000000 0.000000 0.000000 0.000000 0.000000 1.000000 0.000000 0.000000 0.000000 0.000000 1.000000
1.000000 0.000000 0.000000 0.000000 0.000000 1.000000 0.000000 0.000000 0.000000 0.000000 1.000000 0.000000 0.000000 0.000000 0.000000 1.000000
1.000000 0.000000 0.000000 0.000000 0.000000 1.000000 0.000000 0.000000 0.000000 0.000000 1.000000 0.000000 0.000000 0.000000 0.000000 1.000000
1.000000 0.000000 0.000000 0.000000 0.000000 1.000000 0.000000 0.000000 0.000000 0.000000 1.000000 0.000000 0.000000 0.000000 0.000000 1.000000
1.000000 0.000000 0.000000 0.000000 0.000000 1.000000 0.000000 0.000000 0.000000 0.000000 1.000000 0.000000 0.000000 0.000000 0.000000 1.000000
1.000000 0.000000 0.000000 0.000000 0.000000 1.000000 0.000000 0.000000 0.000000 0.000000 1.000000 0.000000 0.000000 0.000000 0.000000 1.000000
1.000000 0.000000 0.000000 0.000000 0.000000 1.000000 0.000000 0.000000 0.000000 0.000000 1.000000 0.000000 0.000000 0.000000 0.000000 1.000000
1.000000 0.000000 0.000000 0.000000 0.000000 1.000000 0.000000 0.000000 0.000000 0.000000 1.000000 0.000000 0.000000 0.000000 0.000000 1.000000
1.000000 0.000000 0.000000 0.000000 0.000000 1.000000 0.000000 0.000000 0.000000 0.000000 1.000000 0.000000 0.000000 0.000000 0.000000 1.000000
1.000000 0.000000 0.000000 0.000000 0.000000 1.000000 0.000000 0.000000 0.000000 0.000000 1.000000 0.000000 0.000000 0.000000 0.000000 1.000000
1.000000 0.000000 0.000000 0.000000 0.000000 1.000000 0.000000 0.000000 0.000000 0.000000 1.000000 0.000000 0.000000 0.000000 0.000000 1.000000
1.000000 0.000000 0.000000 0.000000 0.000000 1.000000 0.000000 0.000000 0.000000 0.000000 1.000000 0.000000 0.000000 0.000000 0.000000 1.000000
1.000000 0.000000 0.000000 0.000000 0.000000 1.000000 0.000000 0.000000 0.000000 0.000000 1.000000 0.000000 0.000000 0.000000 0.000000 1.000000</float_array>
        <technique_common>
          <accessor source="#Armature-Matrix-animation-output-transform-array" count="41" stride="16">
            <param type="float4x4"/>
          </accessor>
        </technique_common>
      </source>
      <source id="Armature-Interpolations">
        <Name_array id="Armature-Interpolations-array" count="41">
 LINEAR LINEAR LINEAR LINEAR LINEAR LINEAR LINEAR LINEAR LINEAR LINEAR LINEAR
LINEAR LINEAR LINEAR LINEAR LINEAR LINEAR LINEAR LINEAR LINEAR LINEAR LINEAR LINEAR
LINEAR LINEAR LINEAR LINEAR LINEAR LINEAR LINEAR LINEAR LINEAR LINEAR LINEAR LINEAR
LINEAR LINEAR LINEAR LINEAR LINEAR LINEAR</Name_array>
        <technique_common>
          <accessor source="#Armature-Interpolations-array" count="41">
            <param type="name"/>
          </accessor>
        </technique_common>
      </source>
      <sampler id="Armature-Matrix-animation-transform">
        <input semantic="INPUT" source="#Armature-Matrix-animation-input"/>
        <input semantic="OUTPUT" source="#Armature-Matrix-animation-output-transform"/>
        <input semantic="INTERPOLATION" source="#Armature-Interpolations"/>
      </sampler>
      <channel source="#Armature-Matrix-animation-transform" target="Armature/matrix"/>
    </animation>
    <animation id="mixamorig_Hips-anim" name="mixamorig_Hips">
      <source id="mixamorig_Hips-Matrix-animation-input">
        <float_array id="mixamorig_Hips-Matrix-animation-input-array" count="41">

0.000000 0.033333 0.066667 0.100000 0.133333 0.166667 0.200000 0.233333 0.266667 0.300000 0.333333 0.366667 0.400000 0.433333 0.466667 0.500000
0.533333 0.566667 0.600000 0.633333 0.666667 0.700000 0.733333 0.766667 0.800000 0.833333 0.866667 0.900000 0.933333 0.966667 1.000000 1.033333
1.066667 1.100000 1.133333 1.166667 1.200000 1.233333 1.266667 1.300000 1.333333</float_array>
        <technique_common>
          <accessor source="#mixamorig_Hips-Matrix-animation-input-array" count="41">
            <param name="TIME" type="float"/>
          </accessor>
        </technique_common>
      </source>
      <source id="mixamorig_Hips-Matrix-animation-output-transform">
        <float_array id="mixamorig_Hips-Matrix-animation-output-transform-array" count="656">

0.614841 -0.227779 -0.755041 1.641545 0.055364 0.967487 -0.246785 100.096146 0.786705 0.109932 0.607462 -0.948375 0.000000 0.000000 0.000000 1.000000
0.626447 -0.224023 -0.746577 1.762633 0.048930 0.967222 -0.249174 100.202515 0.777926 0.119564 0.616875 0.145603 0.000000 0.000000 0.000000 1.000000
0.639909 -0.220027 -0.736278 1.993051 0.046980 0.967542 -0.248307 99.890251 0.767014 0.124303 0.629475 1.113771 0.000000 0.000000 0.000000 1.000000
0.656307 -0.211569 -0.724223 2.298553 0.045062 0.969158 -0.242286 99.192383 0.753147 0.126379 0.645599 1.934000 0.000000 0.000000 0.000000 1.000000
0.671238 -0.204723 -0.712410 2.943850 0.037699 0.969288 -0.243021 98.115723 0.740283 0.136268 0.658341 2.684437 0.000000 0.000000 0.000000 1.000000
0.686477 -0.192648 -0.701168 3.739308 0.023451 0.969630 -0.243449 96.823372 0.726773 0.150680 0.670146 3.373535 0.000000 0.000000 0.000000 1.000000
0.704552 -0.179974 -0.686452 4.530060 0.010624 0.969873 -0.243378 95.410347 0.709573 0.164179 0.685238 3.919631 0.000000 0.000000 0.000000 1.000000
0.729347 -0.162470 -0.664573 5.345353 0.008063 0.973366 -0.229113 94.011856 0.684097 0.161745 0.711231 4.480297 0.000000 0.000000 0.000000 1.000000
0.752321 -0.146648 -0.642268 6.164935 0.012736 0.977965 -0.208379 92.708466 0.658674 0.148588 0.737611 4.234532 0.000000 0.000000 0.000000 1.000000
0.767581 -0.138820 -0.625739 6.946434 0.020062 0.980989 -0.193022 91.580215 0.640638 0.135606 0.755773 3.684934 0.000000 0.000000 0.000000 1.000000
0.775723 -0.142215 -0.614840 7.649400 0.035590 0.982585 -0.182373 90.901497 0.630069 0.119588 0.767275 3.501502 0.000000 0.000000 0.000000 1.000000
0.777350 -0.156638 -0.609255 8.267169 0.055695 0.981837 -0.181367 91.037643 0.626598 0.107053 0.771955 3.519860 0.000000 0.000000 0.000000 1.000000
0.777780 -0.164408 -0.606654 8.530947 0.063430 0.980787 -0.184479 91.738098 0.625328 0.105004 0.773265 3.713227 0.000000 0.000000 0.000000 1.000000
0.776513 -0.167806 -0.607346 9.558245 0.063121 0.979753 -0.189997 93.117012 0.626932 0.109199 0.771383 4.003280 0.000000 0.000000 0.000000 1.000000
0.761650 -0.163266 -0.627084 10.271074 0.045102 0.978748 -0.200044 94.900620 0.646418 0.124081 0.752827 4.451235 0.000000 0.000000 0.000000 1.000000
0.734329 -0.153103 -0.661302 10.994854 0.012575 0.977132 -0.212259 96.913368 0.678677 0.147552 0.719462 5.052669 0.000000 0.000000 0.000000 1.000000
0.716798 -0.162961 -0.677970 11.479939 -0.005357 0.970991 -0.239058 98.757362 0.697260 0.174988 0.695132 5.695904 0.000000 0.000000 0.000000 1.000000
0.698051 -0.152575 -0.699604 11.690402 -0.034729 0.968671 -0.245907 100.396751 0.715206 0.195952 0.670883 6.334609 0.000000 0.000000 0.000000 1.000000
0.675213 -0.142278 -0.723771 11.629436 -0.063778 0.966285 -0.249450 101.663391 0.734860 0.214593 0.643374 7.003656 0.000000 0.000000 0.000000 1.000000
0.646765 -0.136271 -0.750417 11.479738 -0.085519 0.964747 -0.248898 102.410400 0.757880 0.225154 0.612310 7.659073 0.000000 0.000000 0.000000 1.000000
0.616917 -0.131614 -0.775945 11.337166 -0.097982 0.965404 -0.241650 102.740875 0.780905 0.225107 0.582678 8.250065 0.000000 0.000000 0.000000 1.000000
0.593488 -0.129407 -0.794372 11.135918 -0.102641 0.966761 -0.234174 102.606308 0.798271 0.220514 0.560478 8.797286 0.000000 0.000000 0.000000 1.000000
0.576280 -0.132559 -0.806430 10.946348 -0.099430 0.968055 -0.230180 102.172363 0.811182 0.212831 0.544690 9.302495 0.000000 0.000000 0.000000 1.000000
0.562114 -0.133336 -0.816241 10.805964 -0.092017 0.970709 -0.221937 101.451591 0.821925 0.199862 0.533380 9.734928 0.000000 0.000000 0.000000 1.000000
0.544311 -0.135704 -0.827834 10.775170 -0.085012 0.972826 -0.215368 100.396111 0.834565 0.187603 0.517983 10.150956 0.000000 0.000000 0.000000 1.000000
0.522117 -0.139210 -0.841436 10.815212 -0.073971 0.975480 -0.207286 99.004456 0.849660 0.170470 0.499017 10.503230 0.000000 0.000000 0.000000 1.000000
0.495523 -0.142198 -0.856876 10.896588 -0.059539 0.978627 -0.196833 97.331070 0.866552 0.148553 0.476466 10.830721 0.000000 0.000000 0.000000 1.000000
0.461996 -0.150279 -0.874057 10.886705 -0.044899 0.980313 -0.192280 95.524651 0.885745 0.128077 0.446153 10.590384 0.000000 0.000000 0.000000 1.000000
0.423443 -0.167992 -0.890211 10.635324 -0.028286 0.979725 -0.198339 93.954971 0.905481 0.109166 0.410106 9.803033 0.000000 0.000000 0.000000 1.000000
0.395086 -0.188465 -0.899104 10.141061 -0.008384 0.977949 -0.208676 92.537468 0.918606 0.089983 0.384794 8.534089 0.000000 0.000000 0.000000 1.000000
0.388268 -0.210820 -0.897108 9.402495 0.010730 0.974449 -0.224351 91.645233 0.921484 0.077483 0.380609 6.167196 0.000000 0.000000 0.000000 1.000000
0.389012 -0.235143 -0.890718 8.560413 0.017646 0.968600 -0.247996 91.651863 0.921064 0.080755 0.380946 4.164397 0.000000 0.000000 0.000000 1.000000
0.420651 -0.242976 -0.874080 7.730459 0.018803 0.965596 -0.259366 92.462166 0.907028 0.092667 0.410748 2.907199 0.000000 0.000000 0.000000 1.000000
0.483226 -0.238055 -0.842509 6.896415 0.034432 0.966746 -0.253410 93.610641 0.874818 0.093445 0.475354 1.758571 0.000000 0.000000 0.000000 1.000000
0.510885 -0.255297 -0.820865 5.891685 0.034435 0.960195 -0.277199 94.961746 0.858959 0.113350 0.499341 0.946839 0.000000 0.000000 0.000000 1.000000
0.529177 -0.256653 -0.808765 4.899017 0.038307 0.959412 -0.279395 96.361908 0.847647 0.116868 0.517530 0.149636 0.000000 0.000000 0.000000 1.000000
0.540989 -0.255754 -0.801199 3.908011 0.052682 0.961076 -0.271216 97.734375 0.839378 0.104517 0.533405 -0.590131 0.000000 0.000000 0.000000 1.000000
0.551496 -0.258572 -0.793090 3.142883 0.057652 0.960287 -0.272993 98.785645 0.832183 0.104831 0.544502 -1.039444 0.000000 0.000000 0.000000 1.000000
0.569653 -0.252441 -0.782157 2.476906 0.057279 0.961542 -0.268620 99.549919 0.819887 0.108219 0.562204 -1.314661 0.000000 0.000000 0.000000 1.000000
0.588489 -0.248318 -0.769428 1.983868 0.062506 0.962792 -0.262915 100.001350 0.806085 0.106629 0.582114 -1.483195 0.000000 0.000000 0.000000 1.000000
0.604777 -0.236572 -0.760446 1.670504 0.060344 0.965728 -0.252443 100.168663 0.794105 0.106784 0.598326 -1.207217 0.000000 0.000000 0.000000 1.000000</float_array>
        <technique_common>
          <accessor source="#mixamorig_Hips-Matrix-animation-output-transform-array" count="41" stride="16">
            <param type="float4x4"/>
          </accessor>
        </technique_common>
      </source>
      <source id="mixamorig_Hips-Interpolations">
        <Name_array id="mixamorig_Hips-Interpolations-array" count="41">
 LINEAR LINEAR LINEAR LINEAR LINEAR LINEAR LINEAR LINEAR LINEAR LINEAR LINEAR
LINEAR LINEAR LINEAR LINEAR LINEAR LINEAR LINEAR LINEAR LINEAR LINEAR LINEAR LINEAR
LINEAR LINEAR LINEAR LINEAR LINEAR LINEAR LINEAR LINEAR LINEAR LINEAR LINEAR LINEAR
LINEAR LINEAR LINEAR LINEAR LINEAR LINEAR</Name_array>
        <technique_common>
          <accessor source="#mixamorig_Hips-Interpolations-array" count="41">
            <param type="name"/>
          </accessor>
        </technique_common>
      </source>
      <sampler id="mixamorig_Hips-Matrix-animation-transform">
        <input semantic="INPUT" source="#mixamorig_Hips-Matrix-animation-input"/>
        <input semantic="OUTPUT" source="#mixamorig_Hips-Matrix-animation-output-transform"/>
        <input semantic="INTERPOLATION" source="#mixamorig_Hips-Interpolations"/>
      </sampler>
      <channel source="#mixamorig_Hips-Matrix-animation-transform" target="mixamorig_Hips/matrix"/>
    </animation>
    <animation id="mixamorig_Spine-anim" name="mixamorig_Spine">
      <source id="mixamorig_Spine-Matrix-animation-input">
        <float_array id="mixamorig_Spine-Matrix-animation-input-array" count="41">

0.000000 0.033333 0.066667 0.100000 0.133333 0.166667 0.200000 0.233333 0.266667 0.300000 0.333333 0.366667 0.400000 0.433333 0.466667 0.500000
0.533333 0.566667 0.600000 0.633333 0.666667 0.700000 0.733333 0.766667 0.800000 0.833333 0.866667 0.900000 0.933333 0.966667 1.000000 1.033333
1.066667 1.100000 1.133333 1.166667 1.200000 1.233333 1.266667 1.300000 1.333333</float_array>
        <technique_common>
          <accessor source="#mixamorig_Spine-Matrix-animation-input-array" count="41">
            <param name="TIME" type="float"/>
          </accessor>
        </technique_common>
      </source>
      <source id="mixamorig_Spine-Matrix-animation-output-transform">
        <float_array id="mixamorig_Spine-Matrix-animation-output-transform-array" count="656">

0.999039 0.031016 -0.030981 -0.000000 -0.037056 0.975069 -0.218784 12.246100 0.023423 0.219722 0.975281 0.234600 0.000000 0.000000 0.000000 1.000000
0.998931 0.031317 -0.034011 0.000000 -0.038112 0.974230 -0.222314 12.246100 0.026173 0.223373 0.974382 0.234600 0.000000 0.000000 0.000000 1.000000
0.998899 0.029215 -0.036710 -0.000000 -0.036656 0.974355 -0.222012 12.246100 0.029282 0.223114 0.974353 0.234600 0.000000 0.000000 0.000000 1.000000
0.998791 0.028781 -0.039853 0.000000 -0.037069 0.973410 -0.226049 12.246100 0.032288 0.227253 0.973300 0.234600 0.000000 0.000000 0.000000 1.000000
0.998976 0.019883 -0.040640 0.000000 -0.028561 0.973790 -0.225647 12.246100 0.035089 0.226577 0.973361 0.234600 0.000000 0.000000 0.000000 1.000000
0.999184 0.006344 -0.039876 -0.000000 -0.015256 0.973688 -0.227375 12.246100 0.037385 0.227798 0.972990 0.234600 0.000000 0.000000 0.000000 1.000000
0.999207 -0.002819 -0.039719 0.000000 -0.006107 0.974841 -0.222817 12.246100 0.039347 0.222882 0.974051 0.234600 0.000000 0.000000 0.000000 1.000000
0.999025 -0.015393 -0.041387 0.000000 0.005806 0.974923 -0.222465 12.246100 0.043774 0.222008 0.974062 0.234600 0.000000 0.000000 0.000000 1.000000
0.998920 -0.010943 -0.045147 0.000000 -0.000086 0.971420 -0.237367 12.246100 0.046455 0.237115 0.970370 0.234600 0.000000 0.000000 0.000000 1.000000
0.998820 -0.005024 -0.048304 0.000000 -0.007074 0.968978 -0.247045 12.246100 0.048047 0.247095 0.967799 0.234600 0.000000 0.000000 0.000000 1.000000
0.998688 -0.003158 -0.051115 -0.000000 -0.009561 0.969056 -0.246657 12.246100 0.050312 0.246822 0.967754 0.234600 0.000000 0.000000 0.000000 1.000000
0.998495 0.006423 -0.054471 -0.000000 -0.019682 0.968937 -0.246522 12.246100 0.051196 0.247223 0.967605 0.234600 0.000000 0.000000 0.000000 1.000000
0.998177 0.019503 -0.057110 -0.000000 -0.032515 0.971040 -0.236693 12.246100 0.050840 0.238119 0.969905 0.234600 0.000000 0.000000 0.000000 1.000000
0.998333 0.009283 -0.056972 0.000000 -0.023282 0.967895 -0.250274 12.246100 0.052820 0.251183 0.966497 0.234600 0.000000 0.000000 0.000000 1.000000
0.998530 0.008124 -0.053582 0.000000 -0.021336 0.967781 -0.250886 12.246100 0.049818 0.251661 0.966532 0.234600 0.000000 0.000000 0.000000 1.000000
0.998924 -0.002277 -0.046314 0.000000 -0.009664 0.966634 -0.255981 12.246100 0.045352 0.256153 0.965572 0.234600 0.000000 0.000000 0.000000 1.000000
0.998938 0.006491 -0.045624 0.000000 -0.017060 0.971781 -0.235266 12.246100 0.042810 0.235794 0.970860 0.234600 0.000000 0.000000 0.000000 1.000000
0.999089 0.002605 -0.042593 0.000000 -0.012762 0.970692 -0.239989 12.246100 0.040719 0.240314 0.969841 0.234600 0.000000 0.000000 0.000000 1.000000
0.999252 -0.000070 -0.038670 -0.000000 -0.009098 0.971502 -0.236855 12.246100 0.037584 0.237030 0.970775 0.234600 0.000000 0.000000 0.000000 1.000000
0.999402 0.001719 -0.034527 -0.000000 -0.009609 0.973217 -0.229685 12.246100 0.033208 0.229880 0.972652 0.234600 0.000000 0.000000 0.000000 1.000000
0.999493 0.006873 -0.031087 -0.000000 -0.013872 0.972881 -0.230892 12.246100 0.028657 0.231206 0.972483 0.234600 0.000000 0.000000 0.000000 1.000000
0.999530 0.010066 -0.028965 -0.000000 -0.016441 0.973259 -0.229122 12.246100 0.025884 0.229490 0.972967 0.234600 0.000000 0.000000 0.000000 1.000000
0.999508 0.014238 -0.027962 0.000000 -0.020138 0.974458 -0.223664 12.246100 0.024063 0.224117 0.974265 0.234600 0.000000 0.000000 0.000000 1.000000
0.999449 0.018870 -0.027316 0.000000 -0.024564 0.973808 -0.226042 12.246100 0.022336 0.226589 0.973734 0.234600 0.000000 0.000000 0.000000 1.000000
0.999501 0.019302 -0.025015 0.000000 -0.024439 0.974080 -0.224878 12.246100 0.020026 0.225377 0.974066 0.234600 0.000000 0.000000 0.000000 1.000000
0.999453 0.023899 -0.022865 0.000000 -0.028423 0.974116 -0.224253 12.246100 0.016914 0.224780 0.974263 0.234600 0.000000 0.000000 0.000000 1.000000
0.999532 0.023134 -0.020004 0.000000 -0.027050 0.973906 -0.225335 12.246100 0.014269 0.225771 0.974076 0.234600 0.000000 0.000000 0.000000 1.000000
0.999405 0.029970 -0.017099 0.000000 -0.033078 0.973201 -0.227564 12.246100 0.009820 0.227994 0.973613 0.234600 0.000000 0.000000 0.000000 1.000000
0.999106 0.040110 -0.013362 -0.000000 -0.042081 0.973885 -0.223108 12.246100 0.004064 0.223471 0.974702 0.234600 0.000000 0.000000 0.000000 1.000000
0.999088 0.041501 -0.010070 0.000000 -0.042700 0.974580 -0.219932 12.246100 0.000687 0.220162 0.975463 0.234600 0.000000 0.000000 0.000000 1.000000
0.997312 0.071939 -0.013929 0.000000 -0.073222 0.971196 -0.226753 12.246100 -0.002785 0.227163 0.973853 0.234600 0.000000 0.000000 0.000000 1.000000
0.996812 0.078730 -0.012904 0.000000 -0.079649 0.972785 -0.217591 12.246100 -0.004578 0.217925 0.975955 0.234600 0.000000 0.000000 0.000000 1.000000
0.998348 0.055682 -0.014187 -0.000000 -0.057438 0.974032 -0.219003 12.246100 0.001624 0.219457 0.975621 0.234600 0.000000 0.000000 0.000000 1.000000
0.997994 0.057172 -0.027184 0.000000 -0.062125 0.967018 -0.247014 12.246100 0.012165 0.248207 0.968631 0.234600 0.000000 0.000000 0.000000 1.000000
0.998368 0.050666 -0.026352 0.000000 -0.055208 0.974307 -0.218353 12.246100 0.014612 0.219451 0.975514 0.234600 0.000000 0.000000 0.000000 1.000000
0.998428 0.048968 -0.027285 0.000000 -0.053827 0.973397 -0.222713 12.246100 0.015654 0.223832 0.974502 0.234600 0.000000 0.000000 0.000000 1.000000
0.997497 0.063627 -0.030830 0.000000 -0.069131 0.969157 -0.236550 12.246100 0.014828 0.238090 0.971130 0.234600 0.000000 0.000000 0.000000 1.000000
0.997834 0.058739 -0.029612 0.000000 -0.063977 0.971275 -0.229197 12.246100 0.015299 0.230595 0.972930 0.234600 0.000000 0.000000 0.000000 1.000000
0.998441 0.047541 -0.029263 0.000000 -0.052953 0.972512 -0.226751 12.246100 0.017678 0.227947 0.973513 0.234600 0.000000 0.000000 0.000000 1.000000
0.997985 0.054616 -0.032293 -0.000000 -0.060543 0.971983 -0.227119 12.246100 0.018984 0.228616 0.973331 0.234600 0.000000 0.000000 0.000000 1.000000
0.998958 0.034119 -0.030316 0.000000 -0.039917 0.975177 -0.217799 12.246100 0.022133 0.218782 0.975523 0.234600 0.000000 0.000000 0.000000 1.000000</float_array>
        <technique_common>
          <accessor source="#mixamorig_Spine-Matrix-animation-output-transform-array" count="41" stride="16">
            <param type="float4x4"/>
          </accessor>
        </technique_common>
      </source>
      <source id="mixamorig_Spine-Interpolations">
        <Name_array id="mixamorig_Spine-Interpolations-array" count="41">
 LINEAR LINEAR LINEAR LINEAR LINEAR LINEAR LINEAR LINEAR LINEAR LINEAR LINEAR
LINEAR LINEAR LINEAR LINEAR LINEAR LINEAR LINEAR LINEAR LINEAR LINEAR LINEAR LINEAR
LINEAR LINEAR LINEAR LINEAR LINEAR LINEAR LINEAR LINEAR LINEAR LINEAR LINEAR LINEAR
LINEAR LINEAR LINEAR LINEAR LINEAR LINEAR</Name_array>
        <technique_common>
          <accessor source="#mixamorig_Spine-Interpolations-array" count="41">
            <param type="name"/>
          </accessor>
        </technique_common>
      </source>
      <sampler id="mixamorig_Spine-Matrix-animation-transform">
        <input semantic="INPUT" source="#mixamorig_Spine-Matrix-animation-input"/>
        <input semantic="OUTPUT" source="#mixamorig_Spine-Matrix-animation-output-transform"/>
        <input semantic="INTERPOLATION" source="#mixamorig_Spine-Interpolations"/>
      </sampler>
      <channel source="#mixamorig_Spine-Matrix-animation-transform" target="mixamorig_Spine/matrix"/>
    </animation>
    <animation id="mixamorig_Spine1-anim" name="mixamorig_Spine1">
      <source id="mixamorig_Spine1-Matrix-animation-input">
        <float_array id="mixamorig_Spine1-Matrix-animation-input-array" count="41">

0.000000 0.033333 0.066667 0.100000 0.133333 0.166667 0.200000 0.233333 0.266667 0.300000 0.333333 0.366667 0.400000 0.433333 0.466667 0.500000
0.533333 0.566667 0.600000 0.633333 0.666667 0.700000 0.733333 0.766667 0.800000 0.833333 0.866667 0.900000 0.933333 0.966667 1.000000 1.033333
1.066667 1.100000 1.133333 1.166667 1.200000 1.233333 1.266667 1.300000 1.333333</float_array>
        <technique_common>
          <accessor source="#mixamorig_Spine1-Matrix-animation-input-array" count="41">
            <param name="TIME" type="float"/>
          </accessor>
        </technique_common>
      </source>
      <source id="mixamorig_Spine1-Matrix-animation-output-transform">
        <float_array id="mixamorig_Spine1-Matrix-animation-output-transform-array" count="656">

0.995666 0.064078 -0.067410 0.000000 -0.072001 0.989846 -0.122556 14.289700 0.058872 0.126878 0.990170 0.000000 0.000000 0.000000 0.000000 1.000000
0.995883 0.055717 -0.071497 -0.000000 -0.064012 0.990764 -0.119535 14.289700 0.064177 0.123620 0.990252 0.000000 0.000000 0.000000 0.000000 1.000000
0.995901 0.048132 -0.076580 0.000000 -0.056995 0.991364 -0.118110 14.289700 0.070233 0.121990 0.990043 -0.000000 0.000000 0.000000 0.000000 1.000000
0.996015 0.036940 -0.081171 -0.000000 -0.046346 0.992023 -0.117227 14.289700 0.076194 0.120522 0.989782 0.000000 0.000000 0.000000 0.000000 1.000000
0.996129 0.025931 -0.083992 0.000000 -0.035714 0.992473 -0.117143 14.289700 0.080322 0.119689 0.989557 0.000000 0.000000 0.000000 0.000000 1.000000
0.996377 0.011121 -0.084319 -0.000000 -0.021084 0.992765 -0.118206 14.289700 0.082394 0.119556 0.989403 0.000000 0.000000 0.000000 0.000000 1.000000
0.996430 -0.006636 -0.084167 0.000000 -0.003708 0.992505 -0.122148 14.289700 0.084347 0.122024 0.988937 0.000000 0.000000 0.000000 0.000000 1.000000
0.995870 -0.019577 -0.088659 0.000000 0.008157 0.991821 -0.127378 14.289700 0.090428 0.126129 0.987884 -0.000000 0.000000 0.000000 0.000000 1.000000
0.995106 -0.031448 -0.093673 0.000000 0.019322 0.991632 -0.127645 14.289700 0.096904 0.125210 0.987386 -0.000000 0.000000 0.000000 0.000000 1.000000
0.994534 -0.035645 -0.098144 0.000000 0.022890 0.991491 -0.128148 14.289700 0.101877 0.125201 0.986887 0.000000 0.000000 0.000000 0.000000 1.000000
0.994130 -0.028193 -0.104452 0.000000 0.014066 0.990937 -0.133588 14.289700 0.107271 0.131335 0.985517 -0.000000 0.000000 0.000000 0.000000 1.000000
0.993793 -0.018287 -0.109729 0.000000 0.003097 0.990561 -0.137041 14.289700 0.111199 0.135850 0.984469 0.000000 0.000000 0.000000 0.000000 1.000000
0.993596 -0.015057 -0.111980 -0.000000 -0.001600 0.989106 -0.147197 14.289700 0.112976 0.146433 0.982748 0.000000 0.000000 0.000000 0.000000 1.000000
0.993290 -0.006807 -0.115450 0.000000 -0.010157 0.989274 -0.145718 14.289700 0.115203 0.145913 0.982567 0.000000 0.000000 0.000000 0.000000 1.000000
0.993992 -0.005426 -0.109314 -0.000000 -0.010945 0.988837 -0.148601 14.289700 0.108900 0.148904 0.982837 0.000000 0.000000 0.000000 0.000000 1.000000
0.995228 -0.001432 -0.097564 0.000000 -0.012850 0.989259 -0.145604 14.289700 0.096725 0.146163 0.984520 0.000000 0.000000 0.000000 0.000000 1.000000
0.995535 -0.004844 -0.094273 0.000000 -0.008844 0.989504 -0.144233 14.289700 0.093982 0.144422 0.985043 0.000000 0.000000 0.000000 0.000000 1.000000
0.996016 -0.006804 -0.088918 -0.000000 -0.005540 0.990438 -0.137850 14.289700 0.089006 0.137793 0.986454 0.000000 0.000000 0.000000 0.000000 1.000000
0.996656 -0.008343 -0.081290 -0.000000 -0.002586 0.991056 -0.133422 14.289700 0.081676 0.133186 0.987720 0.000000 0.000000 0.000000 0.000000 1.000000
0.997367 -0.007737 -0.072109 0.000000 -0.001766 0.991407 -0.130801 14.289700 0.072502 0.130584 0.988783 0.000000 0.000000 0.000000 0.000000 1.000000
0.997972 -0.005748 -0.063401 0.000000 -0.002308 0.991994 -0.126267 14.289700 0.063619 0.126157 0.989968 0.000000 0.000000 0.000000 0.000000 1.000000
0.998314 -0.002378 -0.057993 0.000000 -0.004820 0.992312 -0.123669 14.289700 0.057841 0.123740 0.990628 0.000000 0.000000 0.000000 0.000000 1.000000
0.998492 0.001588 -0.054868 0.000000 -0.008293 0.992471 -0.122195 14.289700 0.054260 0.122466 0.990988 -0.000000 0.000000 0.000000 0.000000 1.000000
0.998621 0.005931 -0.052155 0.000000 -0.012177 0.992668 -0.120262 14.289700 0.051059 0.120731 0.991371 0.000000 0.000000 0.000000 0.000000 1.000000
0.998785 0.011908 -0.047811 0.000000 -0.017570 0.992643 -0.119794 14.289700 0.046033 0.120488 0.991647 0.000000 0.000000 0.000000 0.000000 1.000000
0.998937 0.017082 -0.042806 0.000000 -0.022148 0.992427 -0.120820 14.289700 0.040418 0.121639 0.991751 0.000000 0.000000 0.000000 0.000000 1.000000
0.998916 0.026017 -0.038613 -0.000000 -0.030614 0.991849 -0.123685 14.289700 0.035080 0.124733 0.991570 0.000000 0.000000 0.000000 0.000000 1.000000
0.998941 0.033169 -0.031892 -0.000000 -0.036889 0.991575 -0.124170 14.289700 0.027505 0.125215 0.991748 -0.000000 0.000000 0.000000 0.000000 1.000000
0.998790 0.042923 -0.023993 0.000000 -0.045595 0.991110 -0.124989 14.289700 0.018415 0.125932 0.991868 0.000000 0.000000 0.000000 0.000000 1.000000
0.998135 0.057381 -0.020810 0.000000 -0.059563 0.990160 -0.126631 14.289700 0.013339 0.127635 0.991732 -0.000000 0.000000 0.000000 0.000000 1.000000
0.998417 0.052733 -0.019547 -0.000000 -0.054760 0.990743 -0.124217 14.289700 0.012816 0.125091 0.992063 -0.000000 0.000000 0.000000 0.000000 1.000000
0.998318 0.054909 -0.018606 0.000000 -0.056810 0.990536 -0.124948 14.289700 0.011570 0.125795 0.991989 0.000000 0.000000 0.000000 0.000000 1.000000
0.997636 0.062705 -0.028130 0.000000 -0.065740 0.990028 -0.124591 14.289700 0.020037 0.126146 0.991809 0.000000 0.000000 0.000000 0.000000 1.000000
0.997276 0.055983 -0.048018 0.000000 -0.061334 0.991073 -0.118374 14.289700 0.040962 0.120997 0.991807 0.000000 0.000000 0.000000 0.000000 1.000000
0.996789 0.058991 -0.054144 0.000000 -0.065325 0.990150 -0.123840 14.289700 0.046305 0.126979 0.990824 0.000000 0.000000 0.000000 0.000000 1.000000
0.996537 0.061459 -0.056010 -0.000000 -0.068028 0.989932 -0.124125 14.289700 0.047817 0.127506 0.990685 -0.000000 0.000000 0.000000 0.000000 1.000000
0.996596 0.060317 -0.056194 0.000000 -0.066855 0.990172 -0.122843 14.289700 0.048232 0.126181 0.990834 0.000000 0.000000 0.000000 0.000000 1.000000
0.996397 0.063407 -0.056317 0.000000 -0.069925 0.989999 -0.122527 14.289700 0.047984 0.126024 0.990866 -0.000000 0.000000 0.000000 0.000000 1.000000
0.996206 0.064413 -0.058517 0.000000 -0.071087 0.990197 -0.120234 14.289700 0.050199 0.123938 0.991019 0.000000 0.000000 0.000000 0.000000 1.000000
0.996346 0.059286 -0.061482 -0.000000 -0.066205 0.990875 -0.117401 14.289700 0.053960 0.121042 0.991180 0.000000 0.000000 0.000000 0.000000 1.000000
0.995658 0.065856 -0.065784 0.000000 -0.073519 0.989827 -0.121812 14.289700 0.057093 0.126120 0.990371 -0.000000 0.000000 0.000000 0.000000 1.000000</float_array>
        <technique_common>
          <accessor source="#mixamorig_Spine1-Matrix-animation-output-transform-array" count="41" stride="16">
            <param type="float4x4"/>
          </accessor>
        </technique_common>
      </source>
      <source id="mixamorig_Spine1-Interpolations">
        <Name_array id="mixamorig_Spine1-Interpolations-array" count="41">
 LINEAR LINEAR LINEAR LINEAR LINEAR LINEAR LINEAR LINEAR LINEAR LINEAR LINEAR
LINEAR LINEAR LINEAR LINEAR LINEAR LINEAR LINEAR LINEAR LINEAR LINEAR LINEAR LINEAR
LINEAR LINEAR LINEAR LINEAR LINEAR LINEAR LINEAR LINEAR LINEAR LINEAR LINEAR LINEAR
LINEAR LINEAR LINEAR LINEAR LINEAR LINEAR</Name_array>
        <technique_common>
          <accessor source="#mixamorig_Spine1-Interpolations-array" count="41">
            <param type="name"/>
          </accessor>
        </technique_common>
      </source>
      <sampler id="mixamorig_Spine1-Matrix-animation-transform">
        <input semantic="INPUT" source="#mixamorig_Spine1-Matrix-animation-input"/>
        <input semantic="OUTPUT" source="#mixamorig_Spine1-Matrix-animation-output-transform"/>
        <input semantic="INTERPOLATION" source="#mixamorig_Spine1-Interpolations"/>
      </sampler>
      <channel source="#mixamorig_Spine1-Matrix-animation-transform" target="mixamorig_Spine1/matrix"/>
    </animation>
    <animation id="mixamorig_Spine2-anim" name="mixamorig_Spine2">
      <source id="mixamorig_Spine2-Matrix-animation-input">
        <float_array id="mixamorig_Spine2-Matrix-animation-input-array" count="41">

0.000000 0.033333 0.066667 0.100000 0.133333 0.166667 0.200000 0.233333 0.266667 0.300000 0.333333 0.366667 0.400000 0.433333 0.466667 0.500000
0.533333 0.566667 0.600000 0.633333 0.666667 0.700000 0.733333 0.766667 0.800000 0.833333 0.866667 0.900000 0.933333 0.966667 1.000000 1.033333
1.066667 1.100000 1.133333 1.166667 1.200000 1.233333 1.266667 1.300000 1.333333</float_array>
        <technique_common>
          <accessor source="#mixamorig_Spine2-Matrix-animation-input-array" count="41">
            <param name="TIME" type="float"/>
          </accessor>
        </technique_common>
      </source>
      <source id="mixamorig_Spine2-Matrix-animation-output-transform">
        <float_array id="mixamorig_Spine2-Matrix-animation-output-transform-array" count="656">

0.995666 0.076573 -0.052789 -0.000000 -0.072024 0.993920 0.083280 16.330999 0.058845 -0.079117 0.995127 -0.000000 0.000000 0.000000 0.000000 1.000000
0.995891 0.069198 -0.058428 0.000000 -0.064014 0.994205 0.086364 16.330999 0.064065 -0.082268 0.994549 0.000000 0.000000 0.000000 0.000000 1.000000
0.995917 0.062772 -0.064885 0.000000 -0.056962 0.994507 0.087808 16.330999 0.070040 -0.083754 0.994022 0.000000 0.000000 0.000000 0.000000 1.000000
0.996057 0.052706 -0.071358 -0.000000 -0.046304 0.994992 0.088577 16.330999 0.075670 -0.084924 0.993510 -0.000000 0.000000 0.000000 0.000000 1.000000
0.996179 0.042265 -0.076427 0.000000 -0.035430 0.995430 0.088678 16.330999 0.079825 -0.085632 0.993124 0.000000 0.000000 0.000000 0.000000 1.000000
0.996390 0.027940 -0.080168 -0.000000 -0.020844 0.995901 0.088017 16.330999 0.082299 -0.086028 0.992888 -0.000000 0.000000 0.000000 0.000000 1.000000
0.996422 0.010766 -0.083833 0.000000 -0.003674 0.996435 0.084287 16.330999 0.084442 -0.083678 0.992909 -0.000000 0.000000 0.000000 0.000000 1.000000
0.995829 -0.001097 -0.091232 -0.000000 0.008360 0.996818 0.079271 16.330999 0.090855 -0.079703 0.992670 -0.000000 0.000000 0.000000 0.000000 1.000000
0.995123 -0.012205 -0.097887 0.000000 0.019947 0.996714 0.078504 16.330999 0.096607 -0.080074 0.992096 0.000000 0.000000 0.000000 0.000000 1.000000
0.994610 -0.015774 -0.102481 0.000000 0.023794 0.996708 0.077508 16.330999 0.100921 -0.079529 0.991711 0.000000 0.000000 0.000000 0.000000 1.000000
0.994201 -0.006921 -0.107318 -0.000000 0.014731 0.997285 0.072152 16.330999 0.106527 -0.073315 0.991603 0.000000 0.000000 0.000000 0.000000 1.000000
0.993918 0.003762 -0.110055 0.000000 0.003787 0.997657 0.068307 16.330999 0.110054 -0.068308 0.991576 0.000000 0.000000 0.000000 0.000000 1.000000
0.993801 0.008087 -0.110881 0.000000 -0.001693 0.998336 0.057636 16.330999 0.111163 -0.057091 0.992161 0.000000 0.000000 0.000000 0.000000 1.000000
0.993395 0.015976 -0.113628 0.000000 -0.009222 0.998173 0.059718 16.330999 0.114374 -0.058276 0.991727 -0.000000 0.000000 0.000000 0.000000 1.000000
0.994080 0.016236 -0.107430 0.000000 -0.010151 0.998325 0.056953 16.330999 0.108175 -0.055526 0.992580 0.000000 0.000000 0.000000 0.000000 1.000000
0.995236 0.017763 -0.095865 -0.000000 -0.011986 0.998096 0.060508 16.330999 0.096757 -0.059070 0.993554 0.000000 0.000000 0.000000 0.000000 1.000000
0.995586 0.014599 -0.092713 -0.000000 -0.008894 0.998059 0.061645 16.330999 0.093433 -0.060548 0.993783 0.000000 0.000000 0.000000 0.000000 1.000000
0.996055 0.011375 -0.088008 -0.000000 -0.005372 0.997661 0.068144 16.330999 0.088577 -0.067403 0.993786 0.000000 0.000000 0.000000 0.000000 1.000000
0.996689 0.008350 -0.080879 0.000000 -0.002461 0.997355 0.072640 16.330999 0.081272 -0.072200 0.994073 0.000000 0.000000 0.000000 0.000000 1.000000
0.997396 0.007234 -0.071759 -0.000000 -0.001814 0.997158 0.075312 16.330999 0.072100 -0.074986 0.994575 0.000000 0.000000 0.000000 0.000000 1.000000
0.998006 0.007376 -0.062692 0.000000 -0.002353 0.996806 0.079822 16.330999 0.063081 -0.079515 0.994836 -0.000000 0.000000 0.000000 0.000000 1.000000
0.998347 0.009609 -0.056663 0.000000 -0.004913 0.996584 0.082434 16.330999 0.057262 -0.082019 0.994984 0.000000 0.000000 0.000000 0.000000 1.000000
0.998528 0.012927 -0.052672 0.000000 -0.008475 0.996439 0.083885 16.330999 0.053569 -0.083315 0.995082 0.000000 0.000000 0.000000 0.000000 1.000000
0.998661 0.016466 -0.049046 -0.000000 -0.012213 0.996240 0.085777 16.330999 0.050273 -0.085063 0.995106 -0.000000 0.000000 0.000000 0.000000 1.000000
0.998814 0.021393 -0.043729 0.000000 -0.017556 0.996113 0.086313 16.330999 0.045405 -0.085442 0.995308 0.000000 0.000000 0.000000 0.000000 1.000000
0.998964 0.025489 -0.037703 0.000000 -0.022197 0.996109 0.085286 16.330999 0.039730 -0.084360 0.995643 -0.000000 0.000000 0.000000 0.000000 1.000000
0.998925 0.033418 -0.032116 -0.000000 -0.030672 0.996119 0.082503 16.330999 0.034749 -0.081429 0.996073 0.000000 0.000000 0.000000 0.000000 1.000000
0.998950 0.039052 -0.023961 0.000000 -0.036968 0.995948 0.081976 16.330999 0.027065 -0.081004 0.996346 0.000000 0.000000 0.000000 0.000000 1.000000
0.998793 0.047119 -0.013881 0.000000 -0.045844 0.995650 0.081119 16.330999 0.017643 -0.080385 0.996608 -0.000000 0.000000 0.000000 0.000000 1.000000
0.998130 0.060610 -0.007938 -0.000000 -0.059792 0.995050 0.079379 16.330999 0.012710 -0.078756 0.996813 0.000000 0.000000 0.000000 0.000000 1.000000
0.998417 0.055935 -0.005967 0.000000 -0.055262 0.995116 0.081792 16.330999 0.010513 -0.081333 0.996632 0.000000 0.000000 0.000000 0.000000 1.000000
0.998324 0.057684 -0.004589 -0.000000 -0.057124 0.995079 0.080956 16.330999 0.009236 -0.080558 0.996707 0.000000 0.000000 0.000000 0.000000 1.000000
0.997645 0.067231 -0.013607 0.000000 -0.065912 0.994515 0.081218 16.330999 0.018993 -0.080130 0.996603 0.000000 0.000000 0.000000 0.000000 1.000000
0.997340 0.064308 -0.034307 0.000000 -0.061119 0.994326 0.087061 16.330999 0.039711 -0.084732 0.995612 -0.000000 0.000000 0.000000 0.000000 1.000000
