<?xml version="1.0" encoding="utf-8"?>
<COLLADA xmlns="http://www.collada.org/2005/11/COLLADASchema" version="1.4.1">
  <asset>
    <contributor>
      <author>Mixamo</author>
      <authoring_tool>COLLADA Mixamo exporter</authoring_tool>
      <comments/>
    </contributor>
    <created>2024-05-15T12:39:52Z</created>
    <modified>2024-05-15T12:39:52Z</modified>
    <revision/>
    <title/>
    <unit meter="0.010000"/>
    <up_axis>Y_UP</up_axis>
  </asset>
  <library_animations>
    <animation id="Armature-anim" name="Armature">
      <source id="Armature-Matrix-animation-input">
        <float_array id="Armature-Matrix-animation-input-array" count="56">

0.000000 0.033333 0.066667 0.100000 0.133333 0.166667 0.200000 0.233333 0.266667 0.300000 0.333333 0.366667 0.400000 0.433333 0.466667 0.500000
0.533333 0.566667 0.600000 0.633333 0.666667 0.700000 0.733333 0.766667 0.800000 0.833333 0.866667 0.900000 0.933333 0.966667 1.000000 1.033333
1.066667 1.100000 1.133333 1.166667 1.200000 1.233333 1.266667 1.300000 1.333333 1.366667 1.400000 1.433333 1.466667 1.500000 1.533333 1.566667
1.600000 1.633333 1.666667 1.700000 1.733333 1.766667 1.800000 1.833333</float_array>
        <technique_common>
          <accessor source="#Armature-Matrix-animation-input-array" count="56">
            <param name="TIME" type="float"/>
          </accessor>
        </technique_common>
      </source>
      <source id="Armature-Matrix-animation-output-transform">
        <float_array id="Armature-Matrix-animation-output-transform-array" count="896">

1.000000 0.000000 0.000000 0.000000 0.000000 1.000000 0.000000 0.000000 0.000000 0.000000 1.000000 0.000000 0.000000 0.000000 0.000000 1.000000
1.000000 0.000000 0.000000 0.000000 0.000000 1.000000 0.000000 0.000000 0.000000 0.000000 1.000000 0.000000 0.000000 0.000000 0.000000 1.000000
1.000000 0.000000 0.000000 0.000000 0.000000 1.000000 0.000000 0.000000 0.000000 0.000000 1.000000 0.000000 0.000000 0.000000 0.000000 1.000000
1.000000 0.000000 0.000000 0.000000 0.000000 1.000000 0.000000 0.000000 0.000000 0.000000 1.000000 0.000000 0.000000 0.000000 0.000000 1.000000
1.000000 0.000000 0.000000 0.000000 0.000000 1.000000 0.000000 0.000000 0.000000 0.000000 1.000000 0.000000 0.000000 0.000000 0.000000 1.000000
1.000000 0.000000 0.000000 0.000000 0.000000 1.000000 0.000000 0.000000 0.000000 0.000000 1.000000 0.000000 0.000000 0.000000 0.000000 1.000000
1.000000 0.000000 0.000000 0.000000 0.000000 1.000000 0.000000 0.000000 0.000000 0.000000 1.000000 0.000000 0.000000 0.000000 0.000000 1.000000
1.000000 0.000000 0.000000 0.000000 0.000000 1.000000 0.000000 0.000000 0.000000 0.000000 1.000000 0.000000 0.000000 0.000000 0.000000 1.000000
1.000000 0.000000 0.000000 0.000000 0.000000 1.000000 0.000000 0.000000 0.000000 0.000000 1.000000 0.000000 0.000000 0.000000 0.000000 1.000000
1.000000 0.000000 0.000000 0.000000 0.000000 1.000000 0.000000 0.000000 0.000000 0.000000 1.000000 0.000000 0.000000 0.000000 0.000000 1.000000
1.000000 0.000000 0.000000 0.000000 0.000000 1.000000 0.000000 0.000000 0.000000 0.000000 1.000000 0.000000 0.000000 0.000000 0.000000 1.000000
1.000000 0.000000 0.000000 0.000000 0.000000 1.000000 0.000000 0.000000 0.000000 0.000000 1.000000 0.000000 0.000000 0.000000 0.000000 1.000000
1.000000 0.000000 0.000000 0.000000 0.000000 1.000000 0.000000 0.000000 0.000000 0.000000 1.000000 0.000000 0.000000 0.000000 0.000000 1.000000
1.000000 0.000000 0.000000 0.000000 0.000000 1.000000 0.000000 0.000000 0.000000 0.000000 1.000000 0.000000 0.000000 0.000000 0.000000 1.000000
1.000000 0.000000 0.000000 0.000000 0.000000 1.000000 0.000000 0.000000 0.000000 0.000000 1.000000 0.000000 0.000000 0.000000 0.000000 1.000000
1.000000 0.000000 0.000000 0.000000 0.000000 1.000000 0.000000 0.000000 0.000000 0.000000 1.000000 0.000000 0.000000 0.000000 0.000000 1.000000
1.000000 0.000000 0.000000 0.000000 0.000000 1.000000 0.000000 0.000000 0.000000 0.000000 1.000000 0.000000 0.000000 0.000000 0.000000 1.000000
1.000000 0.000000 0.000000 0.000000 0.000000 1.000000 0.000000 0.000000 0.000000 0.000000 1.000000 0.000000 0.000000 0.000000 0.000000 1.000000
1.000000 0.000000 0.000000 0.000000 0.000000 1.000000 0.000000 0.000000 0.000000 0.000000 1.000000 0.000000 0.000000 0.000000 0.000000 1.000000
1.000000 0.000000 0.000000 0.000000 0.000000 1.000000 0.000000 0.000000 0.000000 0.000000 1.000000 0.000000 0.000000 0.000000 0.000000 1.000000
1.000000 0.000000 0.000000 0.000000 0.000000 1.000000 0.000000 0.000000 0.000000 0.000000 1.000000 0.000000 0.000000 0.000000 0.000000 1.000000
1.000000 0.000000 0.000000 0.000000 0.000000 1.000000 0.000000 0.000000 0.000000 0.000000 1.000000 0.000000 0.000000 0.000000 0.000000 1.000000
1.000000 0.000000 0.000000 0.000000 0.000000 1.000000 0.000000 0.000000 0.000000 0.000000 1.000000 0.000000 0.000000 0.000000 0.000000 1.000000
1.000000 0.000000 0.000000 0.000000 0.000000 1.000000 0.000000 0.000000 0.000000 0.000000 1.000000 0.000000 0.000000 0.000000 0.000000 1.000000
1.000000 0.000000 0.000000 0.000000 0.000000 1.000000 0.000000 0.000000 0.000000 0.000000 1.000000 0.000000 0.000000 0.000000 0.000000 1.000000
1.000000 0.000000 0.000000 0.000000 0.000000 1.000000 0.000000 0.000000 0.000000 0.000000 1.000000 0.000000 0.000000 0.000000 0.000000 1.000000
1.000000 0.000000 0.000000 0.000000 0.000000 1.000000 0.000000 0.000000 0.000000 0.000000 1.000000 0.000000 0.000000 0.000000 0.000000 1.000000
1.000000 0.000000 0.000000 0.000000 0.000000 1.000000 0.000000 0.000000 0.000000 0.000000 1.000000 0.000000 0.000000 0.000000 0.000000 1.000000
1.000000 0.000000 0.000000 0.000000 0.000000 1.000000 0.000000 0.000000 0.000000 0.000000 1.000000 0.000000 0.000000 0.000000 0.000000 1.000000
1.000000 0.000000 0.000000 0.000000 0.000000 1.000000 0.000000 0.000000 0.000000 0.000000 1.000000 0.000000 0.000000 0.000000 0.000000 1.000000
1.000000 0.000000 0.000000 0.000000 0.000000 1.000000 0.000000 0.000000 0.000000 0.000000 1.000000 0.000000 0.000000 0.000000 0.000000 1.000000
1.000000 0.000000 0.000000 0.000000 0.000000 1.000000 0.000000 0.000000 0.000000 0.000000 1.000000 0.000000 0.000000 0.000000 0.000000 1.000000
1.000000 0.000000 0.000000 0.000000 0.000000 1.000000 0.000000 0.000000 0.000000 0.000000 1.000000 0.000000 0.000000 0.000000 0.000000 1.000000
1.000000 0.000000 0.000000 0.000000 0.000000 1.000000 0.000000 0.000000 0.000000 0.000000 1.000000 0.000000 0.000000 0.000000 0.000000 1.000000
1.000000 0.000000 0.000000 0.000000 0.000000 1.000000 0.000000 0.000000 0.000000 0.000000 1.000000 0.000000 0.000000 0.000000 0.000000 1.000000
1.000000 0.000000 0.000000 0.000000 0.000000 1.000000 0.000000 0.000000 0.000000 0.000000 1.000000 0.000000 0.000000 0.000000 0.000000 1.000000
1.000000 0.000000 0.000000 0.000000 0.000000 1.000000 0.000000 0.000000 0.000000 0.000000 1.000000 0.000000 0.000000 0.000000 0.000000 1.000000
1.000000 0.000000 0.000000 0.000000 0.000000 1.000000 0.000000 0.000000 0.000000 0.000000 1.000000 0.000000 0.000000 0.000000 0.000000 1.000000
1.000000 0.000000 0.000000 0.000000 0.000000 1.000000 0.000000 0.000000 0.000000 0.000000 1.000000 0.000000 0.000000 0.000000 0.000000 1.000000
1.000000 0.000000 0.000000 0.000000 0.000000 1.000000 0.000000 0.000000 0.000000 0.000000 1.000000 0.000000 0.000000 0.000000 0.000000 1.000000
1.000000 0.000000 0.000000 0.000000 0.000000 1.000000 0.000000 0.000000 0.000000 0.000000 1.000000 0.000000 0.000000 0.000000 0.000000 1.000000
1.000000 0.000000 0.000000 0.000000 0.000000 1.000000 0.000000 0.000000 0.000000 0.000000 1.000000 0.000000 0.000000 0.000000 0.000000 1.000000
1.000000 0.000000 0.000000 0.000000 0.000000 1.000000 0.000000 0.000000 0.000000 0.000000 1.000000 0.000000 0.000000 0.000000 0.000000 1.000000
1.000000 0.000000 0.000000 0.000000 0.000000 1.000000 0.000000 0.000000 0.000000 0.000000 1.000000 0.000000 0.000000 0.000000 0.000000 1.000000
1.000000 0.000000 0.000000 0.000000 0.000000 1.000000 0.000000 0.000000 0.000000 0.000000 1.000000 0.000000 0.000000 0.000000 0.000000 1.000000
1.000000 0.000000 0.000000 0.000000 0.000000 1.000000 0.000000 0.000000 0.000000 0.000000 1.000000 0.000000 0.000000 0.000000 0.000000 1.000000
1.000000 0.000000 0.000000 0.000000 0.000000 1.000000 0.000000 0.000000 0.000000 0.000000 1.000000 0.000000 0.000000 0.000000 0.000000 1.000000
1.000000 0.000000 0.000000 0.000000 0.000000 1.000000 0.000000 0.000000 0.000000 0.000000 1.000000 0.000000 0.000000 0.000000 0.000000 1.000000
1.000000 0.000000 0.000000 0.000000 0.000000 1.000000 0.000000 0.000000 0.000000 0.000000 1.000000 0.000000 0.000000 0.000000 0.000000 1.000000
1.000000 0.000000 0.000000 0.000000 0.000000 1.000000 0.000000 0.000000 0.000000 0.000000 1.000000 0.000000 0.000000 0.000000 0.000000 1.000000
1.000000 0.000000 0.000000 0.000000 0.000000 1.000000 0.000000 0.000000 0.000000 0.000000 1.000000 0.000000 0.000000 0.000000 0.000000 1.000000
1.000000 0.000000 0.000000 0.000000 0.000000 1.000000 0.000000 0.000000 0.000000 0.000000 1.000000 0.000000 0.000000 0.000000 0.000000 1.000000
1.000000 0.000000 0.000000 0.000000 0.000000 1.000000 0.000000 0.000000 0.000000 0.000000 1.000000 0.000000 0.000000 0.000000 0.000000 1.000000
1.000000 0.000000 0.000000 0.000000 0.000000 1.000000 0.000000 0.000000 0.000000 0.000000 1.000000 0.000000 0.000000 0.000000 0.000000 1.000000
1.000000 0.000000 0.000000 0.000000 0.000000 1.000000 0.000000 0.000000 0.000000 0.000000 1.000000 0.000000 0.000000 0.000000 0.000000 1.000000
1.000000 0.000000 0.000000 0.000000 0.000000 1.000000 0.000000 0.000000 0.000000 0.000000 1.000000 0.000000 0.000000 0.000000 0.000000 1.000000</float_array>
        <technique_common>
          <accessor source="#Armature-Matrix-animation-output-transform-array" count="56" stride="16">
            <param type="float4x4"/>
          </accessor>
        </technique_common>
      </source>
      <source id="Armature-Interpolations">
        <Name_array id="Armature-Interpolations-array" count="56">
 LINEAR LINEAR LINEAR LINEAR LINEAR LINEAR LINEAR LINEAR LINEAR LINEAR LINEAR
LINEAR LINEAR LINEAR LINEAR LINEAR LINEAR LINEAR LINEAR LINEAR LINEAR LINEAR LINEAR
LINEAR LINEAR LINEAR LINEAR LINEAR LINEAR LINEAR LINEAR LINEAR LINEAR LINEAR LINEAR
LINEAR LINEAR LINEAR LINEAR LINEAR LINEAR LINEAR LINEAR LINEAR LINEAR LINEAR LINEAR
LINEAR LINEAR LINEAR LINEAR LINEAR LINEAR LINEAR LINEAR LINEAR</Name_array>
        <technique_common>
          <accessor source="#Armature-Interpolations-array" count="56">
            <param type="name"/>
          </accessor>
        </technique_common>
      </source>
      <sampler id="Armature-Matrix-animation-transform">
        <input semantic="INPUT" source="#Armature-Matrix-animation-input"/>
        <input semantic="OUTPUT" source="#Armature-Matrix-animation-output-transform"/>
        <input semantic="INTERPOLATION" source="#Armature-Interpolations"/>
      </sampler>
      <channel source="#Armature-Matrix-animation-transform" target="Armature/matrix"/>
    </animation>
    <animation id="mixamorig_Hips-anim" name="mixamorig_Hips">
      <source id="mixamorig_Hips-Matrix-animation-input">
        <float_array id="mixamorig_Hips-Matrix-animation-input-array" count="56">

0.000000 0.033333 0.066667 0.100000 0.133333 0.166667 0.200000 0.233333 0.266667 0.300000 0.333333 0.366667 0.400000 0.433333 0.466667 0.500000
0.533333 0.566667 0.600000 0.633333 0.666667 0.700000 0.733333 0.766667 0.800000 0.833333 0.866667 0.900000 0.933333 0.966667 1.000000 1.033333
1.066667 1.100000 1.133333 1.166667 1.200000 1.233333 1.266667 1.300000 1.333333 1.366667 1.400000 1.433333 1.466667 1.500000 1.533333 1.566667
1.600000 1.633333 1.666667 1.700000 1.733333 1.766667 1.800000 1.833333</float_array>
        <technique_common>
          <accessor source="#mixamorig_Hips-Matrix-animation-input-array" count="56">
            <param name="TIME" type="float"/>
          </accessor>
        </technique_common>
      </source>
      <source id="mixamorig_Hips-Matrix-animation-output-transform">
        <float_array id="mixamorig_Hips-Matrix-animation-output-transform-array" count="896">

0.637500 -0.125836 -0.760105 1.522780 0.038645 0.990553 -0.131575 88.013924 0.769481 0.054505 0.636340 -0.966140 0.000000 0.000000 0.000000 1.000000
0.648735 -0.119754 -0.751533 1.422207 0.034778 0.991175 -0.127920 87.906754 0.760219 0.056850 0.647175 -1.138244 0.000000 0.000000 0.000000 1.000000
0.671119 -0.110228 -0.733110 1.338961 0.028457 0.991986 -0.123101 87.815369 0.740804 0.061753 0.668877 -1.348485 0.000000 0.000000 0.000000 1.000000
0.701406 -0.098880 -0.705869 1.376765 0.016339 0.992301 -0.122769 87.761406 0.712574 0.074578 0.697622 -1.591740 0.000000 0.000000 0.000000 1.000000
0.732906 -0.088070 -0.674606 1.623400 0.002983 0.991992 -0.126264 87.778282 0.680324 0.090527 0.727299 -1.633782 0.000000 0.000000 0.000000 1.000000
0.758450 -0.080008 -0.646802 2.139170 -0.007554 0.991290 -0.131478 87.932266 0.651688 0.104606 0.751239 -1.183020 0.000000 0.000000 0.000000 1.000000
0.773361 -0.074370 -0.629589 2.961094 -0.019343 0.989865 -0.140688 88.308067 0.633671 0.120981 0.764084 -0.072928 0.000000 0.000000 0.000000 1.000000
0.791252 -0.060667 -0.608474 4.014012 -0.037243 0.988438 -0.146981 88.783432 0.610356 0.138960 0.779844 1.962131 0.000000 0.000000 0.000000 1.000000
0.820637 -0.041009 -0.569977 4.915687 -0.044658 0.989769 -0.135509 89.607582 0.569703 0.136658 0.810410 5.771319 0.000000 0.000000 0.000000 1.000000
0.867688 -0.009495 -0.497018 5.613374 -0.030359 0.996939 -0.072045 90.790749 0.496181 0.077602 0.864744 10.936344 0.000000 0.000000 0.000000 1.000000
0.915173 0.019354 -0.402597 6.042284 -0.014053 0.999771 0.016118 92.241402 0.402817 -0.009093 0.915235 15.790176 0.000000 0.000000 0.000000 1.000000
0.949145 0.037380 -0.312613 6.349286 -0.010818 0.996213 0.086275 93.857895 0.314654 -0.078505 0.945955 19.383324 0.000000 0.000000 0.000000 1.000000
0.972246 0.049826 -0.228595 6.304411 -0.016861 0.989441 0.143951 94.992043 0.233353 -0.136102 0.962820 22.078541 0.000000 0.000000 0.000000 1.000000
0.986138 0.077274 -0.146834 6.233140 -0.045237 0.976621 0.210153 96.077637 0.159641 -0.200598 0.966579 24.565132 0.000000 0.000000 0.000000 1.000000
0.988574 0.094907 -0.117106 6.179707 -0.063868 0.967443 0.244896 97.506729 0.136536 -0.234618 0.962451 27.082047 0.000000 0.000000 0.000000 1.000000
0.989965 0.100984 -0.098847 6.366680 -0.068926 0.955723 0.286080 98.824448 0.123360 -0.276397 0.953093 29.043344 0.000000 0.000000 0.000000 1.000000
0.992060 0.104442 -0.070068 6.134810 -0.072845 0.931323 0.356834 99.603607 0.102524 -0.348896 0.931536 31.038597 0.000000 0.000000 0.000000 1.000000
0.993385 0.107928 -0.039216 5.110927 -0.081136 0.901361 0.425400 99.801208 0.081260 -0.419404 0.904155 33.181454 0.000000 0.000000 0.000000 1.000000
0.994796 0.096750 -0.031942 4.083095 -0.074969 0.907380 0.413570 100.057098 0.068996 -0.409023 0.909912 35.775711 0.000000 0.000000 0.000000 1.000000
0.996574 0.079227 0.023731 2.936120 -0.081660 0.897139 0.434135 99.866150 0.013105 -0.434585 0.900535 37.133049 0.000000 0.000000 0.000000 1.000000
0.994661 0.058371 0.085100 1.751513 -0.091242 0.882698 0.460998 99.604683 -0.048209 -0.466301 0.883311 37.789234 0.000000 0.000000 0.000000 1.000000
0.993783 0.049558 0.099692 1.262427 -0.091405 0.874412 0.476496 99.517456 -0.063558 -0.482646 0.873506 38.136974 0.000000 0.000000 0.000000 1.000000
0.993040 0.051916 0.105715 1.374019 -0.094793 0.885010 0.455819 99.725800 -0.069894 -0.462668 0.883772 38.088562 0.000000 0.000000 0.000000 1.000000
0.989669 0.056328 0.131841 1.764044 -0.105013 0.910863 0.399125 100.205940 -0.097608 -0.408846 0.907368 37.479916 0.000000 0.000000 0.000000 1.000000
0.991188 0.049065 0.123043 2.386454 -0.091667 0.924603 0.369739 100.579018 -0.095625 -0.377759 0.920953 36.343376 0.000000 0.000000 0.000000 1.000000
0.997012 0.037638 0.067459 3.346325 -0.058054 0.941177 0.332890 100.998482 -0.050962 -0.335812 0.940550 35.098652 0.000000 0.000000 0.000000 1.000000
0.998744 0.049538 -0.007558 4.511724 -0.045533 0.960090 0.275961 101.438927 0.020927 -0.275270 0.961139 33.810886 0.000000 0.000000 0.000000 1.000000
0.993063 0.065460 -0.097675 5.695322 -0.043454 0.976208 0.212439 101.761856 0.109258 -0.206721 0.972280 32.311298 0.000000 0.000000 0.000000 1.000000
0.978030 0.071217 -0.195924 6.887887 -0.040983 0.987182 0.154250 101.863983 0.204398 -0.142831 0.968411 30.502413 0.000000 0.000000 0.000000 1.000000
0.953444 0.064593 -0.294571 8.038204 -0.034177 0.993643 0.107261 101.694267 0.299627 -0.092199 0.949591 28.310192 0.000000 0.000000 0.000000 1.000000
0.919674 0.053676 -0.388997 8.865282 -0.028012 0.997058 0.071352 101.274971 0.391682 -0.054724 0.918472 25.761013 0.000000 0.000000 0.000000 1.000000
0.879411 0.044717 -0.473958 9.355257 -0.029869 0.998800 0.038814 100.670784 0.475125 -0.019976 0.879692 22.892052 0.000000 0.000000 0.000000 1.000000
0.831329 0.036366 -0.554590 9.606765 -0.033523 0.999321 0.015278 100.034111 0.554769 0.005890 0.831984 19.945387 0.000000 0.000000 0.000000 1.000000
0.777594 0.024420 -0.628292 9.657907 -0.038678 0.999211 -0.009033 99.265724 0.627575 0.031325 0.777925 16.888706 0.000000 0.000000 0.000000 1.000000
0.720799 0.009626 -0.693077 9.538533 -0.043489 0.998562 -0.031360 98.431877 0.691778 0.052745 0.720181 13.788197 0.000000 0.000000 0.000000 1.000000
0.665115 -0.006000 -0.746717 9.281581 -0.045757 0.997761 -0.048774 97.685120 0.745338 0.066608 0.663352 10.853853 0.000000 0.000000 0.000000 1.000000
0.619237 -0.026096 -0.784771 8.779656 -0.046830 0.996441 -0.070087 96.769020 0.783807 0.080151 0.615811 8.192576 0.000000 0.000000 0.000000 1.000000
0.595030 -0.047061 -0.802324 8.146029 -0.044161 0.994862 -0.091105 96.017929 0.802489 0.089642 0.589894 5.899868 0.000000 0.000000 0.000000 1.000000
0.583630 -0.067941 -0.809173 7.395691 -0.039270 0.992966 -0.111697 95.543121 0.811070 0.096966 0.576856 3.567088 0.000000 0.000000 0.000000 1.000000
0.584345 -0.079102 -0.807641 6.574532 -0.035409 0.991805 -0.122758 95.112946 0.810732 0.100331 0.576755 1.286261 0.000000 0.000000 0.000000 1.000000
0.589572 -0.085391 -0.803189 5.698392 -0.029421 0.991466 -0.127003 94.670151 0.807180 0.098508 0.582029 -0.795049 0.000000 0.000000 0.000000 1.000000
0.591797 -0.094841 -0.800488 4.797911 -0.018986 0.991139 -0.131465 94.234818 0.805863 0.092998 0.584753 -2.588033 0.000000 0.000000 0.000000 1.000000
0.592135 -0.104774 -0.798999 3.945216 -0.009619 0.990522 -0.137017 93.775291 0.805782 0.088818 0.585515 -4.061689 0.000000 0.000000 0.000000 1.000000
0.600694 -0.105322 -0.792511 3.188663 -0.004583 0.990815 -0.135149 93.255875 0.799466 0.084816 0.594694 -5.206360 0.000000 0.000000 0.000000 1.000000
0.607430 -0.106662 -0.787180 2.534625 0.003996 0.991342 -0.131242 92.643768 0.794363 0.076574 0.602597 -5.981338 0.000000 0.000000 0.000000 1.000000
0.609687 -0.107440 -0.785327 1.985813 0.011195 0.991839 -0.127002 92.018745 0.792563 0.068640 0.605915 -6.329907 0.000000 0.000000 0.000000 1.000000
0.608755 -0.107516 -0.786039 1.549883 0.016224 0.992255 -0.123157 91.422775 0.793192 0.062220 0.605785 -6.328238 0.000000 0.000000 0.000000 1.000000
0.607761 -0.108243 -0.786708 1.226746 0.020505 0.992476 -0.120714 90.856499 0.793855 0.057234 0.605408 -6.079805 0.000000 0.000000 0.000000 1.000000
0.609521 -0.111094 -0.784948 0.988586 0.024130 0.992274 -0.121699 90.332237 0.792403 0.055237 0.607492 -5.643497 0.000000 0.000000 0.000000 1.000000
0.614873 -0.115487 -0.780124 0.921095 0.027266 0.991741 -0.125324 89.798935 0.788155 0.055788 0.612944 -5.129188 0.000000 0.000000 0.000000 1.000000
0.622034 -0.118381 -0.773989 0.928756 0.029719 0.991362 -0.127743 89.296249 0.782426 0.056459 0.620179 -4.535350 0.000000 0.000000 0.000000 1.000000
0.627203 -0.122354 -0.769185 1.000356 0.032510 0.990836 -0.131103 88.870857 0.778177 0.057222 0.625433 -3.855649 0.000000 0.000000 0.000000 1.000000
0.631188 -0.125714 -0.765374 1.119222 0.034939 0.990384 -0.133859 88.495132 0.774842 0.057749 0.629511 -3.132929 0.000000 0.000000 0.000000 1.000000
0.635317 -0.125926 -0.761915 1.258445 0.036103 0.990380 -0.133581 88.170547 0.771407 0.057358 0.633752 -2.430542 0.000000 0.000000 0.000000 1.000000
0.637312 -0.124158 -0.760538 1.388893 0.036680 0.990704 -0.130995 88.009003 0.769733 0.055588 0.635942 -1.790664 0.000000 0.000000 0.000000 1.000000
0.637425 -0.125391 -0.760241 1.485848 0.038265 0.990604 -0.131303 88.018021 0.769562 0.054605 0.636234 -1.221248 0.000000 0.000000 0.000000 1.000000</float_array>
        <technique_common>
          <accessor source="#mixamorig_Hips-Matrix-animation-output-transform-array" count="56" stride="16">
            <param type="float4x4"/>
          </accessor>
        </technique_common>
      </source>
      <source id="mixamorig_Hips-Interpolations">
        <Name_array id="mixamorig_Hips-Interpolations-array" count="56">
 LINEAR LINEAR LINEAR LINEAR LINEAR LINEAR LINEAR LINEAR LINEAR LINEAR LINEAR
LINEAR LINEAR LINEAR LINEAR LINEAR LINEAR LINEAR LINEAR LINEAR LINEAR LINEAR LINEAR
LINEAR LINEAR LINEAR LINEAR LINEAR LINEAR LINEAR LINEAR LINEAR LINEAR LINEAR LINEAR
LINEAR LINEAR LINEAR LINEAR LINEAR LINEAR LINEAR LINEAR LINEAR LINEAR LINEAR LINEAR
LINEAR LINEAR LINEAR LINEAR LINEAR LINEAR LINEAR LINEAR LINEAR</Name_array>
        <technique_common>
          <accessor source="#mixamorig_Hips-Interpolations-array" count="56">
            <param type="name"/>
          </accessor>
        </technique_common>
      </source>
      <sampler id="mixamorig_Hips-Matrix-animation-transform">
        <input semantic="INPUT" source="#mixamorig_Hips-Matrix-animation-input"/>
        <input semantic="OUTPUT" source="#mixamorig_Hips-Matrix-animation-output-transform"/>
        <input semantic="INTERPOLATION" source="#mixamorig_Hips-Interpolations"/>
      </sampler>
      <channel source="#mixamorig_Hips-Matrix-animation-transform" target="mixamorig_Hips/matrix"/>
    </animation>
    <animation id="mixamorig_Spine-anim" name="mixamorig_Spine">
      <source id="mixamorig_Spine-Matrix-animation-input">
        <float_array id="mixamorig_Spine-Matrix-animation-input-array" count="56">

0.000000 0.033333 0.066667 0.100000 0.133333 0.166667 0.200000 0.233333 0.266667 0.300000 0.333333 0.366667 0.400000 0.433333 0.466667 0.500000
0.533333 0.566667 0.600000 0.633333 0.666667 0.700000 0.733333 0.766667 0.800000 0.833333 0.866667 0.900000 0.933333 0.966667 1.000000 1.033333
1.066667 1.100000 1.133333 1.166667 1.200000 1.233333 1.266667 1.300000 1.333333 1.366667 1.400000 1.433333 1.466667 1.500000 1.533333 1.566667
1.600000 1.633333 1.666667 1.700000 1.733333 1.766667 1.800000 1.833333</float_array>
        <technique_common>
          <accessor source="#mixamorig_Spine-Matrix-animation-input-array" count="56">
            <param name="TIME" type="float"/>
          </accessor>
        </technique_common>
      </source>
      <source id="mixamorig_Spine-Matrix-animation-output-transform">
        <float_array id="mixamorig_Spine-Matrix-animation-output-transform-array" count="896">

0.998201 0.034666 0.048912 0.000000 -0.023718 0.977654 -0.208878 12.246100 -0.055060 0.207342 0.976718 0.234600 0.000000 0.000000 0.000000 1.000000
0.999321 0.023548 0.028353 0.000000 -0.016918 0.976522 -0.214752 12.246100 -0.032744 0.214127 0.976257 0.234600 0.000000 0.000000 0.000000 1.000000
0.999947 0.009706 0.003459 -0.000000 -0.008701 0.975224 -0.221049 12.246100 -0.005519 0.221007 0.975257 0.234600 0.000000 0.000000 0.000000 1.000000
0.999794 -0.005737 -0.019480 0.000000 0.001183 0.974093 -0.226143 12.246100 0.020273 0.226073 0.973899 0.234600 0.000000 0.000000 0.000000 1.000000
0.999121 -0.020947 -0.036305 -0.000000 0.012033 0.973051 -0.230274 12.246100 0.040150 0.229635 0.972448 0.234600 0.000000 0.000000 0.000000 1.000000
0.998443 -0.033995 -0.044225 0.000000 0.022788 0.972241 -0.232870 12.246100 0.050913 0.231499 0.971502 0.234600 0.000000 0.000000 0.000000 1.000000
0.998232 -0.043674 -0.040305 0.000000 0.033256 0.972571 -0.230215 12.246100 0.049254 0.228468 0.972305 0.234600 0.000000 0.000000 0.000000 1.000000
0.998260 -0.053366 -0.025080 0.000000 0.046583 0.974508 -0.219461 12.246100 0.036152 0.217911 0.975299 0.234600 0.000000 0.000000 0.000000 1.000000
0.997853 -0.065437 -0.002552 0.000000 0.063581 0.977411 -0.201557 12.246100 0.015684 0.200962 0.979473 0.234600 0.000000 0.000000 0.000000 1.000000
0.996921 -0.077081 0.014391 0.000000 0.078410 0.978508 -0.190722 12.246100 0.000620 0.191263 0.981539 0.234600 0.000000 0.000000 0.000000 1.000000
0.996270 -0.084773 0.016104 0.000000 0.086289 0.978014 -0.189848 12.246100 0.000344 0.190530 0.981681 0.234600 0.000000 0.000000 0.000000 1.000000
0.996015 -0.089176 0.001416 0.000000 0.087749 0.976994 -0.194376 12.246100 0.015950 0.193725 0.980926 0.234600 0.000000 0.000000 0.000000 1.000000
0.995157 -0.096215 -0.020142 0.000000 0.090234 0.975402 -0.201117 12.246100 0.038997 0.198325 0.979360 0.234600 0.000000 0.000000 0.000000 1.000000
0.993142 -0.110761 -0.037427 0.000000 0.100118 0.971032 -0.216962 12.246100 0.060374 0.211727 0.975462 0.234600 0.000000 0.000000 0.000000 1.000000
0.991789 -0.119951 -0.044333 0.000000 0.106532 0.966754 -0.232460 12.246100 0.070743 0.225829 0.971595 0.234600 0.000000 0.000000 0.000000 1.000000
0.991685 -0.119765 -0.047086 0.000000 0.104441 0.962793 -0.249243 12.246100 0.075185 0.242253 0.967296 0.234600 0.000000 0.000000 0.000000 1.000000
0.992166 -0.114422 -0.050146 -0.000000 0.096827 0.957959 -0.270074 12.246100 0.078940 0.263102 0.961533 0.234600 0.000000 0.000000 0.000000 1.000000
0.992529 -0.109062 -0.054697 0.000000 0.088711 0.952853 -0.290174 12.246100 0.083765 0.283154 0.955410 0.234600 0.000000 0.000000 0.000000 1.000000
0.993036 -0.101822 -0.059266 0.000000 0.080104 0.952410 -0.294107 12.246100 0.086392 0.287311 0.953933 0.234600 0.000000 0.000000 0.000000 1.000000
0.993514 -0.095469 -0.061764 0.000000 0.073872 0.954874 -0.287679 12.246100 0.086442 0.281251 0.955733 0.234600 0.000000 0.000000 0.000000 1.000000
0.994203 -0.088651 -0.060840 0.000000 0.068333 0.957843 -0.279049 12.246100 0.083013 0.273274 0.958348 0.234600 0.000000 0.000000 0.000000 1.000000
0.994925 -0.084436 -0.054728 0.000000 0.065499 0.956356 -0.284767 12.246100 0.076384 0.279737 0.957033 0.234600 0.000000 0.000000 0.000000 1.000000
0.995502 -0.080281 -0.050311 0.000000 0.062969 0.957411 -0.281778 12.246100 0.070789 0.277343 0.958160 0.234600 0.000000 0.000000 0.000000 1.000000
0.996042 -0.072715 -0.051123 0.000000 0.057148 0.964381 -0.258270 12.246100 0.068082 0.254326 0.964719 0.234600 0.000000 0.000000 0.000000 1.000000
0.997208 -0.060479 -0.043809 0.000000 0.047586 0.966720 -0.251373 12.246100 0.057553 0.248587 0.966898 0.234600 0.000000 0.000000 0.000000 1.000000
0.997878 -0.052068 -0.039084 -0.000000 0.040628 0.967112 -0.251086 12.246100 0.050872 0.248965 0.967175 0.234600 0.000000 0.000000 0.000000 1.000000
0.998154 -0.050092 -0.034347 0.000000 0.040249 0.969047 -0.243573 12.246100 0.045485 0.241741 0.969274 0.234600 0.000000 0.000000 0.000000 1.000000
0.998491 -0.048344 -0.026053 -0.000000 0.041011 0.971921 -0.231708 12.246100 0.036523 0.230290 0.972436 0.234600 0.000000 0.000000 0.000000 1.000000
0.998868 -0.045005 -0.015400 0.000000 0.040523 0.974666 -0.219965 12.246100 0.024910 0.219092 0.975386 0.234600 0.000000 0.000000 0.000000 1.000000
0.999173 -0.040361 -0.005030 -0.000000 0.038386 0.976637 -0.211440 12.246100 0.013446 0.211072 0.977378 0.234600 0.000000 0.000000 0.000000 1.000000
0.999398 -0.034320 0.005125 0.000000 0.034639 0.977806 -0.206630 12.246100 0.002080 0.206683 0.978406 0.234600 0.000000 0.000000 0.000000 1.000000
0.999455 -0.028530 0.016581 -0.000000 0.031299 0.978785 -0.202483 12.246100 -0.010452 0.202892 0.979145 0.234600 0.000000 0.000000 0.000000 1.000000
0.999418 -0.020820 0.027030 0.000000 0.025801 0.979566 -0.199461 12.246100 -0.022325 0.200042 0.979533 0.234600 0.000000 0.000000 0.000000 1.000000
0.999236 -0.013091 0.036828 0.000000 0.020073 0.980371 -0.196135 12.246100 -0.033537 0.196725 0.979885 0.234600 0.000000 0.000000 0.000000 1.000000
0.998938 -0.005508 0.045739 0.000000 0.014271 0.980988 -0.193542 12.246100 -0.043803 0.193989 0.980025 0.234600 0.000000 0.000000 0.000000 1.000000
0.998588 0.002213 0.053080 0.000000 0.008063 0.981244 -0.192601 12.246100 -0.052511 0.192757 0.979840 0.234600 0.000000 0.000000 0.000000 1.000000
0.998310 0.009326 0.057367 0.000000 0.001835 0.981490 -0.191502 12.246100 -0.058091 0.191284 0.979814 0.234600 0.000000 0.000000 0.000000 1.000000
0.998230 0.015155 0.057511 0.000000 -0.003934 0.981698 -0.190402 12.246100 -0.059344 0.189838 0.980020 0.234600 0.000000 0.000000 0.000000 1.000000
0.998150 0.020484 0.057253 0.000000 -0.009273 0.981814 -0.189621 12.246100 -0.060096 0.188739 0.980187 0.234600 0.000000 0.000000 0.000000 1.000000
0.998126 0.024060 0.056262 0.000000 -0.012900 0.981528 -0.190881 12.246100 -0.059815 0.189797 0.980000 0.234600 0.000000 0.000000 0.000000 1.000000
0.998106 0.026913 0.055318 0.000000 -0.015713 0.980927 -0.193741 12.246100 -0.059477 0.192505 0.979492 0.234600 0.000000 0.000000 0.000000 1.000000
0.998023 0.030333 0.055052 0.000000 -0.018957 0.980324 -0.196484 12.246100 -0.059929 0.195052 0.978960 0.234600 0.000000 0.000000 0.000000 1.000000
0.997960 0.033287 0.054473 0.000000 -0.021891 0.979999 -0.197795 12.246100 -0.059967 0.196200 0.978729 0.234600 0.000000 0.000000 0.000000 1.000000
0.998016 0.033956 0.053020 0.000000 -0.022729 0.979622 -0.199558 12.246100 -0.058715 0.197957 0.978451 0.234600 0.000000 0.000000 0.000000 1.000000
0.997993 0.035214 0.052631 0.000000 -0.023898 0.979104 -0.201949 12.246100 -0.058643 0.200286 0.977981 0.234600 0.000000 0.000000 0.000000 1.000000
0.997943 0.036254 0.052865 0.000000 -0.024743 0.978646 -0.204058 12.246100 -0.059134 0.202330 0.977530 0.234600 0.000000 0.000000 0.000000 1.000000
0.997908 0.036873 0.053102 0.000000 -0.025226 0.978372 -0.205312 12.246100 -0.059524 0.203543 0.977255 0.234600 0.000000 0.000000 0.000000 1.000000
0.997920 0.037022 0.052782 -0.000000 -0.025415 0.978289 -0.205681 12.246100 -0.059251 0.203912 0.977195 0.234600 0.000000 0.000000 0.000000 1.000000
0.997999 0.036428 0.051690 0.000000 -0.025067 0.978337 -0.205494 12.246100 -0.058056 0.203787 0.977292 0.234600 0.000000 0.000000 0.000000 1.000000
0.998094 0.035399 0.050543 0.000000 -0.024306 0.978403 -0.205274 12.246100 -0.056718 0.203655 0.977399 0.234600 0.000000 0.000000 0.000000 1.000000
0.998179 0.034846 0.049229 -0.000000 -0.024019 0.978361 -0.205508 12.246100 -0.055324 0.203952 0.977416 0.234600 0.000000 0.000000 0.000000 1.000000
0.998221 0.034490 0.048625 -0.000000 -0.023779 0.978312 -0.205769 12.246100 -0.054667 0.204246 0.977392 0.234600 0.000000 0.000000 0.000000 1.000000
0.998248 0.034222 0.048265 0.000000 -0.023558 0.978195 -0.206350 12.246100 -0.054274 0.204852 0.977287 0.234600 0.000000 0.000000 0.000000 1.000000
0.998275 0.034100 0.047797 0.000000 -0.023465 0.977931 -0.207604 12.246100 -0.053822 0.206125 0.977044 0.234600 0.000000 0.000000 0.000000 1.000000
0.998248 0.034163 0.048300 0.000000 -0.023344 0.977633 -0.209018 12.246100 -0.054361 0.207525 0.976718 0.234600 0.000000 0.000000 0.000000 1.000000
0.998210 0.034554 0.048821 -0.000000 -0.023625 0.977647 -0.208923 12.246100 -0.054949 0.207395 0.976713 0.234600 0.000000 0.000000 0.000000 1.000000</float_array>
        <technique_common>
          <accessor source="#mixamorig_Spine-Matrix-animation-output-transform-array" count="56" stride="16">
            <param type="float4x4"/>
          </accessor>
        </technique_common>
      </source>
      <source id="mixamorig_Spine-Interpolations">
        <Name_array id="mixamorig_Spine-Interpolations-array" count="56">
 LINEAR LINEAR LINEAR LINEAR LINEAR LINEAR LINEAR LINEAR LINEAR LINEAR LINEAR
LINEAR LINEAR LINEAR LINEAR LINEAR LINEAR LINEAR LINEAR LINEAR LINEAR LINEAR LINEAR
LINEAR LINEAR LINEAR LINEAR LINEAR LINEAR LINEAR LINEAR LINEAR LINEAR LINEAR LINEAR
LINEAR LINEAR LINEAR LINEAR LINEAR LINEAR LINEAR LINEAR LINEAR LINEAR LINEAR LINEAR
LINEAR LINEAR LINEAR LINEAR LINEAR LINEAR LINEAR LINEAR LINEAR</Name_array>
        <technique_common>
          <accessor source="#mixamorig_Spine-Interpolations-array" count="56">
            <param type="name"/>
          </accessor>
        </technique_common>
      </source>
      <sampler id="mixamorig_Spine-Matrix-animation-transform">
        <input semantic="INPUT" source="#mixamorig_Spine-Matrix-animation-input"/>
        <input semantic="OUTPUT" source="#mixamorig_Spine-Matrix-animation-output-transform"/>
        <input semantic="INTERPOLATION" source="#mixamorig_Spine-Interpolations"/>
      </sampler>
      <channel source="#mixamorig_Spine-Matrix-animation-transform" target="mixamorig_Spine/matrix"/>
    </animation>
    <animation id="mixamorig_Spine1-anim" name="mixamorig_Spine1">
      <source id="mixamorig_Spine1-Matrix-animation-input">
        <float_array id="mixamorig_Spine1-Matrix-animation-input-array" count="56">

0.000000 0.033333 0.066667 0.100000 0.133333 0.166667 0.200000 0.233333 0.266667 0.300000 0.333333 0.366667 0.400000 0.433333 0.466667 0.500000
0.533333 0.566667 0.600000 0.633333 0.666667 0.700000 0.733333 0.766667 0.800000 0.833333 0.866667 0.900000 0.933333 0.966667 1.000000 1.033333
1.066667 1.100000 1.133333 1.166667 1.200000 1.233333 1.266667 1.300000 1.333333 1.366667 1.400000 1.433333 1.466667 1.500000 1.533333 1.566667
1.600000 1.633333 1.666667 1.700000 1.733333 1.766667 1.800000 1.833333</float_array>
        <technique_common>
          <accessor source="#mixamorig_Spine1-Matrix-animation-input-array" count="56">
            <param name="TIME" type="float"/>
          </accessor>
        </technique_common>
      </source>
      <source id="mixamorig_Spine1-Matrix-animation-output-transform">
        <float_array id="mixamorig_Spine1-Matrix-animation-output-transform-array" count="896">

0.992503 0.076204 0.095559 -0.000000 -0.065991 0.992193 -0.105824 14.289700 -0.102878 0.098724 0.989783 0.000000 0.000000 0.000000 0.000000 1.000000
0.994692 0.077149 0.068093 -0.000000 -0.068710 0.990563 -0.118588 14.289700 -0.076599 0.113280 0.990606 0.000000 0.000000 0.000000 0.000000 1.000000
0.996537 0.075822 0.034139 -0.000000 -0.070729 0.988792 -0.131485 14.289700 -0.043726 0.128615 0.990730 0.000000 0.000000 0.000000 0.000000 1.000000
0.997426 0.071555 0.004635 -0.000000 -0.070187 0.987501 -0.141120 14.289700 -0.014675 0.140431 0.989982 0.000000 0.000000 0.000000 0.000000 1.000000
0.997769 0.065305 -0.013844 0.000000 -0.066637 0.986718 -0.148147 14.289700 0.003986 0.148739 0.988868 -0.000000 0.000000 0.000000 0.000000 1.000000
0.998150 0.058208 -0.017550 -0.000000 -0.060202 0.986576 -0.151798 14.289700 0.008479 0.152574 0.988256 -0.000000 0.000000 0.000000 0.000000 1.000000
0.998758 0.049771 -0.002304 -0.000000 -0.049579 0.988187 -0.145012 14.289700 -0.004941 0.144946 0.989427 -0.000000 0.000000 0.000000 0.000000 1.000000
0.999047 0.031606 0.030118 -0.000000 -0.027711 0.992147 -0.121973 14.289700 -0.033736 0.121022 0.992076 0.000000 0.000000 0.000000 0.000000 1.000000
0.997133 0.006621 0.075379 0.000000 -0.000279 0.996479 -0.083837 14.289700 -0.075669 0.083576 0.993624 -0.000000 0.000000 0.000000 0.000000 1.000000
0.993926 -0.017846 0.108597 -0.000000 0.024461 0.997905 -0.059893 14.289700 -0.107301 0.062186 0.992280 0.000000 0.000000 0.000000 0.000000 1.000000
0.993207 -0.034800 0.111038 -0.000000 0.041335 0.997512 -0.057108 14.289700 -0.108775 0.061310 0.992174 -0.000000 0.000000 0.000000 0.000000 1.000000
0.995728 -0.045078 0.080587 0.000000 0.050499 0.996505 -0.066547 14.289700 -0.077305 0.070333 0.994524 -0.000000 0.000000 0.000000 0.000000 1.000000
0.997458 -0.061266 0.036396 0.000000 0.064044 0.994667 -0.080842 14.289700 -0.031250 0.082967 0.996062 -0.000000 0.000000 0.000000 0.000000 1.000000
0.995913 -0.090319 0.000673 -0.000000 0.089815 0.989515 -0.113105 14.289700 0.009549 0.112703 0.993583 0.000000 0.000000 0.000000 0.000000 1.000000
0.993906 -0.108831 -0.017514 0.000000 0.105181 0.983865 -0.144731 14.289700 0.032983 0.142007 0.989316 -0.000000 0.000000 0.000000 0.000000 1.000000
0.993175 -0.112874 -0.029364 0.000000 0.105845 0.978039 -0.179543 14.289700 0.048985 0.175210 0.983312 0.000000 0.000000 0.000000 0.000000 1.000000
0.992996 -0.111795 -0.038216 0.000000 0.100579 0.969612 -0.223016 14.289700 0.061986 0.217610 0.974065 0.000000 0.000000 0.000000 0.000000 1.000000
0.992850 -0.111069 -0.043733 0.000000 0.095673 0.959522 -0.264886 14.289700 0.071384 0.258808 0.963287 0.000000 0.000000 0.000000 0.000000 1.000000
0.993749 -0.100340 -0.048933 0.000000 0.083272 0.958198 -0.273719 14.289700 0.074353 0.267933 0.960564 -0.000000 0.000000 0.000000 0.000000 1.000000
0.994172 -0.092017 -0.056165 0.000000 0.074292 0.962325 -0.261557 14.289700 0.078117 0.255860 0.963552 0.000000 0.000000 0.000000 0.000000 1.000000
0.994477 -0.085149 -0.061366 -0.000000 0.067706 0.967199 -0.244832 14.289700 0.080200 0.239325 0.967621 0.000000 0.000000 0.000000 0.000000 1.000000
0.995224 -0.082317 -0.052475 0.000000 0.066237 0.964287 -0.256442 14.289700 0.071711 0.251742 0.965134 0.000000 0.000000 0.000000 0.000000 1.000000
0.995711 -0.079379 -0.047519 -0.000000 0.065044 0.965905 -0.250593 14.289700 0.065791 0.246427 0.966926 0.000000 0.000000 0.000000 0.000000 1.000000
0.996063 -0.068709 -0.056014 0.000000 0.055974 0.977448 -0.203625 14.289700 0.068742 0.199688 0.977445 0.000000 0.000000 0.000000 0.000000 1.000000
0.997764 -0.048109 -0.046397 0.000000 0.038474 0.981057 -0.189860 14.289700 0.054652 0.187651 0.980714 -0.000000 0.000000 0.000000 0.000000 1.000000
0.998521 -0.034127 -0.042320 0.000000 0.025520 0.981569 -0.189398 14.289700 0.048004 0.188038 0.980988 0.000000 0.000000 0.000000 0.000000 1.000000
0.998767 -0.032376 -0.037642 0.000000 0.025355 0.984425 -0.173968 14.289700 0.042688 0.172799 0.984032 0.000000 0.000000 0.000000 0.000000 1.000000
0.999221 -0.030237 -0.025356 -0.000000 0.026115 0.988412 -0.149531 14.289700 0.029584 0.148753 0.988432 0.000000 0.000000 0.000000 0.000000 1.000000
0.999667 -0.024772 -0.007252 0.000000 0.023668 0.991824 -0.125397 14.289700 0.010299 0.125184 0.992080 0.000000 0.000000 0.000000 0.000000 1.000000
0.999757 -0.018633 0.011789 -0.000000 0.019799 0.993953 -0.108008 14.289700 -0.009705 0.108215 0.994080 0.000000 0.000000 0.000000 0.000000 1.000000
0.999439 -0.012552 0.031038 0.000000 0.015551 0.995030 -0.098353 14.289700 -0.029649 0.098781 0.994667 0.000000 0.000000 0.000000 0.000000 1.000000
0.998588 -0.008355 0.052456 0.000000 0.013060 0.995855 -0.090010 14.289700 -0.051487 0.090568 0.994558 0.000000 0.000000 0.000000 0.000000 1.000000
0.997445 -0.000868 0.071433 0.000000 0.006891 0.996433 -0.084107 14.289700 -0.071105 0.084384 0.993893 0.000000 0.000000 0.000000 0.000000 1.000000
0.996023 0.007096 0.088812 0.000000 -0.000182 0.996983 -0.077626 14.289700 -0.089094 0.077301 0.993019 -0.000000 0.000000 0.000000 0.000000 1.000000
0.994394 0.015779 0.104556 -0.000000 -0.008183 0.997321 -0.072688 14.289700 -0.105423 0.071425 0.991859 -0.000000 0.000000 0.000000 0.000000 1.000000
0.992783 0.025946 0.117080 0.000000 -0.017664 0.997304 -0.071229 14.289700 -0.118613 0.068647 0.990565 -0.000000 0.000000 0.000000 0.000000 1.000000
0.991691 0.035538 0.123636 0.000000 -0.027079 0.997219 -0.069437 14.289700 -0.125760 0.065512 0.989895 0.000000 0.000000 0.000000 0.000000 1.000000
0.991572 0.043264 0.122121 0.000000 -0.035191 0.997098 -0.067503 14.289700 -0.124687 0.062637 0.990217 -0.000000 0.000000 0.000000 0.000000 1.000000
0.991486 0.050982 0.119818 0.000000 -0.043258 0.996867 -0.066212 14.289700 -0.122818 0.060465 0.990586 -0.000000 0.000000 0.000000 0.000000 1.000000
0.991658 0.055802 0.116195 0.000000 -0.048004 0.996471 -0.068863 14.289700 -0.119628 0.062711 0.990836 0.000000 0.000000 0.000000 0.000000 1.000000
0.991815 0.060039 0.112683 -0.000000 -0.051792 0.995857 -0.074737 14.289700 -0.116703 0.068289 0.990816 -0.000000 0.000000 0.000000 0.000000 1.000000
