<?xml version="1.0" encoding="utf-8"?>
<COLLADA xmlns="http://www.collada.org/2005/11/COLLADASchema" version="1.4.1">
  <asset>
    <contributor>
      <author>Mixamo</author>
      <authoring_tool>COLLADA Mixamo exporter</authoring_tool>
      <comments/>
    </contributor>
    <created>2024-04-05T10:39:44Z</created>
    <modified>2024-04-05T10:39:44Z</modified>
    <revision/>
    <title/>
    <unit meter="0.010000"/>
    <up_axis>Y_UP</up_axis>
  </asset>
  <library_animations>
    <animation id="Armature-anim" name="Armature">
      <source id="Armature-Matrix-animation-input">
        <float_array id="Armature-Matrix-animation-input-array" count="21">

0.000000 0.033333 0.066667 0.100000 0.133333 0.166667 0.200000 0.233333 0.266667 0.300000 0.333333 0.366667 0.400000 0.433333 0.466667 0.500000
0.533333 0.566667 0.600000 0.633333 0.666667</float_array>
        <technique_common>
          <accessor source="#Armature-Matrix-animation-input-array" count="21">
            <param name="TIME" type="float"/>
          </accessor>
        </technique_common>
      </source>
      <source id="Armature-Matrix-animation-output-transform">
        <float_array id="Armature-Matrix-animation-output-transform-array" count="336">

1.000000 0.000000 0.000000 0.000000 0.000000 1.000000 0.000000 0.000000 0.000000 0.000000 1.000000 0.000000 0.000000 0.000000 0.000000 1.000000
1.000000 0.000000 0.000000 0.000000 0.000000 1.000000 0.000000 0.000000 0.000000 0.000000 1.000000 0.000000 0.000000 0.000000 0.000000 1.000000
1.000000 0.000000 0.000000 0.000000 0.000000 1.000000 0.000000 0.000000 0.000000 0.000000 1.000000 0.000000 0.000000 0.000000 0.000000 1.000000
1.000000 0.000000 0.000000 0.000000 0.000000 1.000000 0.000000 0.000000 0.000000 0.000000 1.000000 0.000000 0.000000 0.000000 0.000000 1.000000
1.000000 0.000000 0.000000 0.000000 0.000000 1.000000 0.000000 0.000000 0.000000 0.000000 1.000000 0.000000 0.000000 0.000000 0.000000 1.000000
1.000000 0.000000 0.000000 0.000000 0.000000 1.000000 0.000000 0.000000 0.000000 0.000000 1.000000 0.000000 0.000000 0.000000 0.000000 1.000000
1.000000 0.000000 0.000000 0.000000 0.000000 1.000000 0.000000 0.000000 0.000000 0.000000 1.000000 0.000000 0.000000 0.000000 0.000000 1.000000
1.000000 0.000000 0.000000 0.000000 0.000000 1.000000 0.000000 0.000000 0.000000 0.000000 1.000000 0.000000 0.000000 0.000000 0.000000 1.000000
1.000000 0.000000 0.000000 0.000000 0.000000 1.000000 0.000000 0.000000 0.000000 0.000000 1.000000 0.000000 0.000000 0.000000 0.000000 1.000000
1.000000 0.000000 0.000000 0.000000 0.000000 1.000000 0.000000 0.000000 0.000000 0.000000 1.000000 0.000000 0.000000 0.000000 0.000000 1.000000
1.000000 0.000000 0.000000 0.000000 0.000000 1.000000 0.000000 0.000000 0.000000 0.000000 1.000000 0.000000 0.000000 0.000000 0.000000 1.000000
1.000000 0.000000 0.000000 0.000000 0.000000 1.000000 0.000000 0.000000 0.000000 0.000000 1.000000 0.000000 0.000000 0.000000 0.000000 1.000000
1.000000 0.000000 0.000000 0.000000 0.000000 1.000000 0.000000 0.000000 0.000000 0.000000 1.000000 0.000000 0.000000 0.000000 0.000000 1.000000
1.000000 0.000000 0.000000 0.000000 0.000000 1.000000 0.000000 0.000000 0.000000 0.000000 1.000000 0.000000 0.000000 0.000000 0.000000 1.000000
1.000000 0.000000 0.000000 0.000000 0.000000 1.000000 0.000000 0.000000 0.000000 0.000000 1.000000 0.000000 0.000000 0.000000 0.000000 1.000000
1.000000 0.000000 0.000000 0.000000 0.000000 1.000000 0.000000 0.000000 0.000000 0.000000 1.000000 0.000000 0.000000 0.000000 0.000000 1.000000
1.000000 0.000000 0.000000 0.000000 0.000000 1.000000 0.000000 0.000000 0.000000 0.000000 1.000000 0.000000 0.000000 0.000000 0.000000 1.000000
1.000000 0.000000 0.000000 0.000000 0.000000 1.000000 0.000000 0.000000 0.000000 0.000000 1.000000 0.000000 0.000000 0.000000 0.000000 1.000000
1.000000 0.000000 0.000000 0.000000 0.000000 1.000000 0.000000 0.000000 0.000000 0.000000 1.000000 0.000000 0.000000 0.000000 0.000000 1.000000
1.000000 0.000000 0.000000 0.000000 0.000000 1.000000 0.000000 0.000000 0.000000 0.000000 1.000000 0.000000 0.000000 0.000000 0.000000 1.000000
1.000000 0.000000 0.000000 0.000000 0.000000 1.000000 0.000000 0.000000 0.000000 0.000000 1.000000 0.000000 0.000000 0.000000 0.000000 1.000000</float_array>
        <technique_common>
          <accessor source="#Armature-Matrix-animation-output-transform-array" count="21" stride="16">
            <param type="float4x4"/>
          </accessor>
        </technique_common>
      </source>
      <source id="Armature-Interpolations">
        <Name_array id="Armature-Interpolations-array" count="21">
 LINEAR LINEAR LINEAR LINEAR LINEAR LINEAR LINEAR LINEAR LINEAR LINEAR LINEAR
LINEAR LINEAR LINEAR LINEAR LINEAR LINEAR LINEAR LINEAR LINEAR LINEAR</Name_array>
        <technique_common>
          <accessor source="#Armature-Interpolations-array" count="21">
            <param type="name"/>
          </accessor>
        </technique_common>
      </source>
      <sampler id="Armature-Matrix-animation-transform">
        <input semantic="INPUT" source="#Armature-Matrix-animation-input"/>
        <input semantic="OUTPUT" source="#Armature-Matrix-animation-output-transform"/>
        <input semantic="INTERPOLATION" source="#Armature-Interpolations"/>
      </sampler>
      <channel source="#Armature-Matrix-animation-transform" target="Armature/matrix"/>
    </animation>
    <animation id="mixamorig_Hips-anim" name="mixamorig_Hips">
      <source id="mixamorig_Hips-Matrix-animation-input">
        <float_array id="mixamorig_Hips-Matrix-animation-input-array" count="21">

0.000000 0.033333 0.066667 0.100000 0.133333 0.166667 0.200000 0.233333 0.266667 0.300000 0.333333 0.366667 0.400000 0.433333 0.466667 0.500000
0.533333 0.566667 0.600000 0.633333 0.666667</float_array>
        <technique_common>
          <accessor source="#mixamorig_Hips-Matrix-animation-input-array" count="21">
            <param name="TIME" type="float"/>
          </accessor>
        </technique_common>
      </source>
      <source id="mixamorig_Hips-Matrix-animation-output-transform">
        <float_array id="mixamorig_Hips-Matrix-animation-output-transform-array" count="336">

0.911097 -0.124469 -0.392949 1.469564 -0.104922 0.851884 -0.513113 97.006279 0.398614 0.508724 0.763090 -3.077812 0.000000 0.000000 0.000000 1.000000
0.919565 -0.165594 -0.356341 1.293922 -0.059257 0.838050 -0.542366 98.213005 0.388444 0.519857 0.760829 -3.637773 0.000000 0.000000 0.000000 1.000000
0.932782 -0.163355 -0.321298 1.170851 -0.041895 0.836226 -0.546783 99.298447 0.357997 0.523490 0.773173 -2.696985 0.000000 0.000000 0.000000 1.000000
0.946226 -0.142396 -0.290483 1.338204 -0.035586 0.846655 -0.530951 99.990097 0.321544 0.512737 0.796059 -1.674181 0.000000 0.000000 0.000000 1.000000
0.955007 -0.105261 -0.277275 1.617532 -0.058698 0.849325 -0.524596 99.483955 0.290716 0.517268 0.804933 -0.909113 0.000000 0.000000 0.000000 1.000000
0.957825 -0.052498 -0.282517 1.972291 -0.098002 0.864545 -0.492907 98.517700 0.270125 0.499806 0.822938 -0.953652 0.000000 0.000000 0.000000 1.000000
0.961891 -0.018526 -0.272805 2.397142 -0.115676 0.876453 -0.467386 96.517624 0.247760 0.481132 0.840909 -0.655705 0.000000 0.000000 0.000000 1.000000
0.968214 -0.046591 -0.245745 2.764806 -0.078299 0.876660 -0.474697 94.141953 0.237552 0.478850 0.845146 -1.044862 0.000000 0.000000 0.000000 1.000000
0.975336 -0.085616 -0.203445 2.937745 -0.030760 0.859994 -0.509377 92.292770 0.218572 0.503071 0.836149 -1.837366 0.000000 0.000000 0.000000 1.000000
0.975301 -0.081295 -0.205374 3.273857 -0.036077 0.858689 -0.511226 91.913506 0.217912 0.506008 0.834548 -2.365306 0.000000 0.000000 0.000000 1.000000
0.966313 -0.065464 -0.248906 3.591211 -0.071815 0.860114 -0.505021 93.155014 0.247149 0.505884 0.826438 -2.264243 0.000000 0.000000 0.000000 1.000000
0.959984 -0.053127 -0.274969 3.567618 -0.098381 0.855291 -0.508722 95.528137 0.262206 0.515417 0.815839 -2.037892 0.000000 0.000000 0.000000 1.000000
0.960066 -0.027635 -0.278406 3.354967 -0.122002 0.854156 -0.505502 97.793976 0.251772 0.519281 0.816675 -1.611528 0.000000 0.000000 0.000000 1.000000
0.961235 -0.015059 -0.275317 3.087225 -0.132373 0.850711 -0.508693 98.730843 0.241876 0.525418 0.815740 -1.555755 0.000000 0.000000 0.000000 1.000000
0.966716 -0.031666 -0.253886 2.626675 -0.109365 0.845944 -0.521937 99.186035 0.231301 0.532331 0.814324 -0.854090 0.000000 0.000000 0.000000 1.000000
0.969797 -0.048857 -0.238970 2.287297 -0.083095 0.854950 -0.512012 98.681351 0.229323 0.516404 0.825068 0.038466 0.000000 0.000000 0.000000 1.000000
0.966930 -0.057687 -0.248433 2.101941 -0.076756 0.863104 -0.499159 97.163628 0.243218 0.501720 0.830133 0.521736 0.000000 0.000000 0.000000 1.000000
0.952841 -0.057886 -0.297898 2.038111 -0.102792 0.862048 -0.496293 95.676216 0.285530 0.503510 0.815445 0.121221 0.000000 0.000000 0.000000 1.000000
0.926039 -0.061278 -0.372419 2.048954 -0.141919 0.857785 -0.494028 94.799911 0.349729 0.510342 0.785647 -0.822916 0.000000 0.000000 0.000000 1.000000
0.909986 -0.085504 -0.405727 1.880625 -0.140469 0.857075 -0.495672 95.271111 0.390121 0.508047 0.767916 -2.002322 0.000000 0.000000 0.000000 1.000000
0.911097 -0.124469 -0.392951 1.469341 -0.104921 0.851887 -0.513108 97.006386 0.398616 0.508720 0.763092 -3.077811 0.000000 0.000000 0.000000 1.000000</float_array>
        <technique_common>
          <accessor source="#mixamorig_Hips-Matrix-animation-output-transform-array" count="21" stride="16">
            <param type="float4x4"/>
          </accessor>
        </technique_common>
      </source>
      <source id="mixamorig_Hips-Interpolations">
        <Name_array id="mixamorig_Hips-Interpolations-array" count="21">
 LINEAR LINEAR LINEAR LINEAR LINEAR LINEAR LINEAR LINEAR LINEAR LINEAR LINEAR
LINEAR LINEAR LINEAR LINEAR LINEAR LINEAR LINEAR LINEAR LINEAR LINEAR</Name_array>
        <technique_common>
          <accessor source="#mixamorig_Hips-Interpolations-array" count="21">
            <param type="name"/>
          </accessor>
        </technique_common>
      </source>
      <sampler id="mixamorig_Hips-Matrix-animation-transform">
        <input semantic="INPUT" source="#mixamorig_Hips-Matrix-animation-input"/>
        <input semantic="OUTPUT" source="#mixamorig_Hips-Matrix-animation-output-transform"/>
        <input semantic="INTERPOLATION" source="#mixamorig_Hips-Interpolations"/>
      </sampler>
      <channel source="#mixamorig_Hips-Matrix-animation-transform" target="mixamorig_Hips/matrix"/>
    </animation>
    <animation id="mixamorig_Spine-anim" name="mixamorig_Spine">
      <source id="mixamorig_Spine-Matrix-animation-input">
        <float_array id="mixamorig_Spine-Matrix-animation-input-array" count="21">

0.000000 0.033333 0.066667 0.100000 0.133333 0.166667 0.200000 0.233333 0.266667 0.300000 0.333333 0.366667 0.400000 0.433333 0.466667 0.500000
0.533333 0.566667 0.600000 0.633333 0.666667</float_array>
        <technique_common>
          <accessor source="#mixamorig_Spine-Matrix-animation-input-array" count="21">
            <param name="TIME" type="float"/>
          </accessor>
        </technique_common>
      </source>
      <source id="mixamorig_Spine-Matrix-animation-output-transform">
        <float_array id="mixamorig_Spine-Matrix-animation-output-transform-array" count="336">

0.996898 0.048370 0.062084 -0.000000 -0.033561 0.974795 -0.220566 12.246100 -0.071188 0.217798 0.973394 0.234600 0.000000 0.000000 0.000000 1.000000
0.992911 0.091070 0.076377 0.000000 -0.077732 0.983663 -0.162373 12.246100 -0.089917 0.155286 0.983769 0.234600 0.000000 0.000000 0.000000 1.000000
0.990971 0.092335 0.097217 0.000000 -0.082090 0.991123 -0.104575 12.246100 -0.106010 0.095650 0.989754 0.234600 0.000000 0.000000 0.000000 1.000000
0.991628 0.067316 0.110192 0.000000 -0.059602 0.995632 -0.071865 12.246100 -0.114549 0.064696 0.991309 0.234600 0.000000 0.000000 0.000000 1.000000
0.992572 0.022414 0.119575 0.000000 -0.018978 0.999376 -0.029798 12.246100 -0.120168 0.027308 0.992378 0.234600 0.000000 0.000000 0.000000 1.000000
0.992174 -0.053046 0.113032 0.000000 0.056891 0.997897 -0.031065 12.246100 -0.111146 0.037252 0.993106 0.234600 0.000000 0.000000 0.000000 1.000000
0.989210 -0.090432 0.115261 0.000000 0.096960 0.993911 -0.052342 12.246100 -0.109826 0.062953 0.991955 0.234600 0.000000 0.000000 0.000000 1.000000
0.991186 -0.028647 0.129344 -0.000000 0.038696 0.996368 -0.075856 12.246100 -0.126701 0.080193 0.988694 0.234600 0.000000 0.000000 0.000000 1.000000
0.990348 0.041552 0.132226 -0.000000 -0.035346 0.998176 -0.048943 12.246100 -0.134019 0.043797 0.990010 0.234600 0.000000 0.000000 0.000000 1.000000
0.993916 -0.001501 0.110133 0.000000 0.006287 0.999050 -0.043119 12.246100 -0.109964 0.043549 0.992981 0.234600 0.000000 0.000000 0.000000 1.000000
0.994437 -0.070603 0.078171 0.000000 0.075224 0.995488 -0.057830 12.246100 -0.073735 0.063388 0.995261 0.234600 0.000000 0.000000 0.000000 1.000000
0.992967 -0.115343 0.026688 -0.000000 0.116739 0.991435 -0.058562 12.246100 -0.019705 0.061265 0.997927 0.234600 0.000000 0.000000 0.000000 1.000000
0.987070 -0.157364 -0.030500 0.000000 0.155046 0.985601 -0.067467 12.246100 0.040677 0.061866 0.997255 0.234600 0.000000 0.000000 0.000000 1.000000
0.983280 -0.167762 -0.070826 0.000000 0.165129 0.985396 -0.041566 12.246100 0.076764 0.029176 0.996622 0.234600 0.000000 0.000000 0.000000 1.000000
0.988008 -0.130340 -0.082778 0.000000 0.131388 0.991304 0.007317 12.246100 0.081105 -0.018105 0.996541 0.234600 0.000000 0.000000 0.000000 1.000000
0.993261 -0.094264 -0.067432 0.000000 0.095082 0.995429 0.009019 12.246100 0.066274 -0.015370 0.997683 0.234600 0.000000 0.000000 0.000000 1.000000
0.995816 -0.081343 -0.041645 -0.000000 0.080042 0.996278 -0.032005 12.246100 0.044093 0.028538 0.998620 0.234600 0.000000 0.000000 0.000000 1.000000
0.995944 -0.089548 -0.008749 0.000000 0.088526 0.992646 -0.082561 12.246100 0.016078 0.081452 0.996548 0.234600 0.000000 0.000000 0.000000 1.000000
0.995552 -0.089371 0.029826 0.000000 0.092512 0.987206 -0.129870 12.246100 -0.017838 0.132051 0.991082 0.234600 0.000000 0.000000 0.000000 1.000000
0.997830 -0.035304 0.055576 -0.000000 0.044716 0.982931 -0.178457 12.246100 -0.048327 0.180555 0.982377 0.234600 0.000000 0.000000 0.000000 1.000000
0.996898 0.048367 0.062088 0.000000 -0.033558 0.974798 -0.220552 12.246100 -0.071191 0.217784 0.973397 0.234600 0.000000 0.000000 0.000000 1.000000</float_array>
        <technique_common>
          <accessor source="#mixamorig_Spine-Matrix-animation-output-transform-array" count="21" stride="16">
            <param type="float4x4"/>
          </accessor>
        </technique_common>
      </source>
      <source id="mixamorig_Spine-Interpolations">
        <Name_array id="mixamorig_Spine-Interpolations-array" count="21">
 LINEAR LINEAR LINEAR LINEAR LINEAR LINEAR LINEAR LINEAR LINEAR LINEAR LINEAR
LINEAR LINEAR LINEAR LINEAR LINEAR LINEAR LINEAR LINEAR LINEAR LINEAR</Name_array>
        <technique_common>
          <accessor source="#mixamorig_Spine-Interpolations-array" count="21">
            <param type="name"/>
          </accessor>
        </technique_common>
      </source>
      <sampler id="mixamorig_Spine-Matrix-animation-transform">
        <input semantic="INPUT" source="#mixamorig_Spine-Matrix-animation-input"/>
        <input semantic="OUTPUT" source="#mixamorig_Spine-Matrix-animation-output-transform"/>
        <input semantic="INTERPOLATION" source="#mixamorig_Spine-Interpolations"/>
      </sampler>
      <channel source="#mixamorig_Spine-Matrix-animation-transform" target="mixamorig_Spine/matrix"/>
    </animation>
    <animation id="mixamorig_Spine1-anim" name="mixamorig_Spine1">
      <source id="mixamorig_Spine1-Matrix-animation-input">
        <float_array id="mixamorig_Spine1-Matrix-animation-input-array" count="21">

0.000000 0.033333 0.066667 0.100000 0.133333 0.166667 0.200000 0.233333 0.266667 0.300000 0.333333 0.366667 0.400000 0.433333 0.466667 0.500000
0.533333 0.566667 0.600000 0.633333 0.666667</float_array>
        <technique_common>
          <accessor source="#mixamorig_Spine1-Matrix-animation-input-array" count="21">
            <param name="TIME" type="float"/>
          </accessor>
        </technique_common>
      </source>
      <source id="mixamorig_Spine1-Matrix-animation-output-transform">
        <float_array id="mixamorig_Spine1-Matrix-animation-output-transform-array" count="336">

0.998788 0.049095 0.003593 0.000000 -0.048478 0.993668 -0.101355 14.289700 -0.008546 0.101058 0.994844 -0.000000 0.000000 0.000000 0.000000 1.000000
0.997703 0.049693 0.046033 0.000000 -0.044277 0.992722 -0.111996 14.289700 -0.051263 0.109701 0.992642 -0.000000 0.000000 0.000000 0.000000 1.000000
0.996204 0.049825 0.071374 0.000000 -0.039931 0.990190 -0.133902 14.289700 -0.077346 0.130544 0.988421 0.000000 0.000000 0.000000 0.000000 1.000000
0.995513 0.061450 0.071961 -0.000000 -0.050101 0.987405 -0.150073 14.289700 -0.080277 0.145795 0.986053 0.000000 0.000000 0.000000 0.000000 1.000000
0.995134 0.070840 0.068485 -0.000000 -0.058558 0.984192 -0.167146 14.289700 -0.079243 0.162322 0.983551 -0.000000 0.000000 0.000000 0.000000 1.000000
0.994460 0.088745 0.056335 0.000000 -0.077162 0.980250 -0.182088 14.289700 -0.071382 0.176733 0.981667 0.000000 0.000000 0.000000 0.000000 1.000000
0.995177 0.087585 0.044174 0.000000 -0.078168 0.980128 -0.182316 14.289700 -0.059264 0.177984 0.982247 0.000000 0.000000 0.000000 0.000000 1.000000
0.997719 0.058912 0.032966 0.000000 -0.052571 0.984373 -0.168064 14.289700 -0.042352 0.165948 0.985225 0.000000 0.000000 0.000000 0.000000 1.000000
0.999385 0.030666 0.017006 -0.000000 -0.027039 0.982720 -0.183111 14.289700 -0.022328 0.182538 0.982945 0.000000 0.000000 0.000000 0.000000 1.000000
0.999217 0.039556 0.000762 0.000000 -0.038599 0.978912 -0.200602 14.289700 -0.008681 0.200416 0.979673 -0.000000 0.000000 0.000000 0.000000 1.000000
0.999145 0.039781 -0.011229 -0.000000 -0.041162 0.982392 -0.182241 14.289700 0.003781 0.182548 0.983190 0.000000 0.000000 0.000000 0.000000 1.000000
0.998769 0.036395 -0.033696 0.000000 -0.041663 0.984246 -0.171824 14.289700 0.026911 0.173016 0.984551 -0.000000 0.000000 0.000000 0.000000 1.000000
0.997473 0.037377 -0.060417 0.000000 -0.047085 0.984624 -0.168221 14.289700 0.053200 0.170641 0.983896 0.000000 0.000000 0.000000 0.000000 1.000000
0.996870 0.035166 -0.070812 0.000000 -0.047774 0.981560 -0.185088 14.289700 0.062997 0.187891 0.980167 0.000000 0.000000 0.000000 0.000000 1.000000
0.997606 0.021379 -0.065762 0.000000 -0.034534 0.977951 -0.205959 14.289700 0.059909 0.207737 0.976348 0.000000 0.000000 0.000000 0.000000 1.000000
0.998626 0.011272 -0.051179 -0.000000 -0.021917 0.976920 -0.212480 14.289700 0.047602 0.213310 0.975824 0.000000 0.000000 0.000000 0.000000 1.000000
0.999110 0.018560 -0.037879 -0.000000 -0.025558 0.980750 -0.193588 14.289700 0.033557 0.194384 0.980351 0.000000 0.000000 0.000000 0.000000 1.000000
0.998231 0.046414 -0.037147 0.000000 -0.051927 0.984975 -0.164704 14.289700 0.028945 0.166342 0.985643 -0.000000 0.000000 0.000000 0.000000 1.000000
0.996800 0.071419 -0.035906 -0.000000 -0.075891 0.986598 -0.144447 14.289700 0.025109 0.146709 0.988861 0.000000 0.000000 0.000000 0.000000 1.000000
0.997513 0.067297 -0.020953 0.000000 -0.069414 0.989553 -0.126358 14.289700 0.012231 0.127498 0.991763 -0.000000 0.000000 0.000000 0.000000 1.000000
0.998788 0.049095 0.003593 -0.000000 -0.048478 0.993669 -0.101354 14.289700 -0.008546 0.101057 0.994844 0.000000 0.000000 0.000000 0.000000 1.000000</float_array>
        <technique_common>
          <accessor source="#mixamorig_Spine1-Matrix-animation-output-transform-array" count="21" stride="16">
            <param type="float4x4"/>
          </accessor>
        </technique_common>
      </source>
      <source id="mixamorig_Spine1-Interpolations">
        <Name_array id="mixamorig_Spine1-Interpolations-array" count="21">
 LINEAR LINEAR LINEAR LINEAR LINEAR LINEAR LINEAR LINEAR LINEAR LINEAR LINEAR
LINEAR LINEAR LINEAR LINEAR LINEAR LINEAR LINEAR LINEAR LINEAR LINEAR</Name_array>
        <technique_common>
          <accessor source="#mixamorig_Spine1-Interpolations-array" count="21">
            <param type="name"/>
          </accessor>
        </technique_common>
      </source>
      <sampler id="mixamorig_Spine1-Matrix-animation-transform">
        <input semantic="INPUT" source="#mixamorig_Spine1-Matrix-animation-input"/>
        <input semantic="OUTPUT" source="#mixamorig_Spine1-Matrix-animation-output-transform"/>
        <input semantic="INTERPOLATION" source="#mixamorig_Spine1-Interpolations"/>
      </sampler>
      <channel source="#mixamorig_Spine1-Matrix-animation-transform" target="mixamorig_Spine1/matrix"/>
    </animation>
    <animation id="mixamorig_Spine2-anim" name="mixamorig_Spine2">
      <source id="mixamorig_Spine2-Matrix-animation-input">
        <float_array id="mixamorig_Spine2-Matrix-animation-input-array" count="21">

0.000000 0.033333 0.066667 0.100000 0.133333 0.166667 0.200000 0.233333 0.266667 0.300000 0.333333 0.366667 0.400000 0.433333 0.466667 0.500000
0.533333 0.566667 0.600000 0.633333 0.666667</float_array>
        <technique_common>
          <accessor source="#mixamorig_Spine2-Matrix-animation-input-array" count="21">
            <param name="TIME" type="float"/>
          </accessor>
        </technique_common>
      </source>
      <source id="mixamorig_Spine2-Matrix-animation-output-transform">
        <float_array id="mixamorig_Spine2-Matrix-animation-output-transform-array" count="336">

0.998349 -0.055476 0.014914 0.000000 0.051651 0.980493 0.189646 16.330999 -0.025144 -0.188563 0.981739 0.000000 0.000000 0.000000 0.000000 1.000000
0.998586 -0.040630 0.034293 0.000000 0.033574 0.982010 0.185822 16.330999 -0.041226 -0.184408 0.981985 0.000000 0.000000 0.000000 0.000000 1.000000
0.997858 -0.038586 0.052835 -0.000000 0.029301 0.985621 0.166413 16.330999 -0.058496 -0.164508 0.984640 0.000000 0.000000 0.000000 0.000000 1.000000
0.997111 -0.039624 0.064812 0.000000 0.029682 0.988580 0.147747 16.330999 -0.069926 -0.145396 0.986899 0.000000 0.000000 0.000000 0.000000 1.000000
0.996542 -0.042277 0.071530 0.000000 0.032909 0.991304 0.127410 16.330999 -0.076295 -0.124616 0.989267 0.000000 0.000000 0.000000 0.000000 1.000000
0.997494 -0.026488 0.065613 0.000000 0.019203 0.993828 0.109260 16.330999 -0.068102 -0.107726 0.991845 0.000000 0.000000 0.000000 0.000000 1.000000
0.998075 -0.026779 0.055931 0.000000 0.020652 0.994002 0.107396 16.330999 -0.058471 -0.106034 0.992642 -0.000000 0.000000 0.000000 0.000000 1.000000
0.997723 -0.052882 0.041867 0.000000 0.047413 0.991360 0.122304 16.330999 -0.047973 -0.120040 0.991609 0.000000 0.000000 0.000000 0.000000 1.000000
0.996820 -0.076932 0.020757 0.000000 0.074291 0.991475 0.107044 16.330999 -0.028815 -0.105162 0.994038 0.000000 0.000000 0.000000 0.000000 1.000000
0.998100 -0.061515 0.003492 -0.000000 0.060943 0.993983 0.091016 16.330999 -0.009070 -0.090630 0.995843 0.000000 0.000000 0.000000 0.000000 1.000000
0.998596 -0.051079 -0.014003 0.000000 0.052350 0.992037 0.114554 16.330999 0.008041 -0.115127 0.993318 0.000000 0.000000 0.000000 0.000000 1.000000
0.998249 -0.039765 -0.043790 -0.000000 0.045210 0.990308 0.131324 16.330999 0.038144 -0.133073 0.990372 0.000000 0.000000 0.000000 0.000000 1.000000
0.996818 -0.022713 -0.076403 0.000000 0.033458 0.989238 0.142438 16.330999 0.072346 -0.144541 0.986851 0.000000 0.000000 0.000000 0.000000 1.000000
0.995420 -0.010218 -0.095054 0.000000 0.022807 0.990946 0.132313 16.330999 0.092841 -0.133874 0.986640 -0.000000 0.000000 0.000000 0.000000 1.000000
0.994949 -0.013932 -0.099413 0.000000 0.025275 0.993185 0.113777 16.330999 0.097151 -0.115715 0.988520 0.000000 0.000000 0.000000 0.000000 1.000000
0.995759 -0.021157 -0.089532 0.000000 0.030808 0.993692 0.107830 16.330999 0.086686 -0.110131 0.990130 0.000000 0.000000 0.000000 0.000000 1.000000
0.997291 -0.022804 -0.069928 -0.000000 0.031432 0.991675 0.124873 16.330999 0.066499 -0.126732 0.989705 0.000000 0.000000 0.000000 0.000000 1.000000
0.998756 -0.023475 -0.043984 0.000000 0.029506 0.989436 0.141935 16.330999 0.040188 -0.143056 0.988898 0.000000 0.000000 0.000000 0.000000 1.000000
0.999427 -0.030836 -0.013984 0.000000 0.032549 0.988768 0.145874 16.330999 0.009329 -0.146246 0.989204 0.000000 0.000000 0.000000 0.000000 1.000000
0.998950 -0.045391 0.006183 0.000000 0.043831 0.986297 0.159053 16.330999 -0.013318 -0.158615 0.987251 0.000000 0.000000 0.000000 0.000000 1.000000
0.998349 -0.055476 0.014915 -0.000000 0.051651 0.980493 0.189647 16.330999 -0.025145 -0.188563 0.981739 0.000000 0.000000 0.000000 0.000000 1.000000</float_array>
        <technique_common>
          <accessor source="#mixamorig_Spine2-Matrix-animation-output-transform-array" count="21" stride="16">
            <param type="float4x4"/>
          </accessor>
        </technique_common>
      </source>
      <source id="mixamorig_Spine2-Interpolations">
        <Name_array id="mixamorig_Spine2-Interpolations-array" count="21">
 LINEAR LINEAR LINEAR LINEAR LINEAR LINEAR LINEAR LINEAR LINEAR LINEAR LINEAR
LINEAR LINEAR LINEAR LINEAR LINEAR LINEAR LINEAR LINEAR LINEAR LINEAR</Name_array>
        <technique_common>
          <accessor source="#mixamorig_Spine2-Interpolations-array" count="21">
            <param type="name"/>
          </accessor>
        </technique_common>
      </source>
      <sampler id="mixamorig_Spine2-Matrix-animation-transform">
        <input semantic="INPUT" source="#mixamorig_Spine2-Matrix-animation-input"/>
        <input semantic="OUTPUT" source="#mixamorig_Spine2-Matrix-animation-output-transform"/>
        <input semantic="INTERPOLATION" source="#mixamorig_Spine2-Interpolations"/>
      </sampler>
      <channel source="#mixamorig_Spine2-Matrix-animation-transform" target="mixamorig_Spine2/matrix"/>
    </animation>
    <animation id="mixamorig_Neck-anim" name="mixamorig_Neck">
      <source id="mixamorig_Neck-Matrix-animation-input">
        <float_array id="mixamorig_Neck-Matrix-animation-input-array" count="21">

0.000000 0.033333 0.066667 0.100000 0.133333 0.166667 0.200000 0.233333 0.266667 0.300000 0.333333 0.366667 0.400000 0.433333 0.466667 0.500000
0.533333 0.566667 0.600000 0.633333 0.666667</float_array>
        <technique_common>
          <accessor source="#mixamorig_Neck-Matrix-animation-input-array" count="21">
            <param name="TIME" type="float"/>
          </accessor>
        </technique_common>
      </source>
      <source id="mixamorig_Neck-Matrix-animation-output-transform">
        <float_array id="mixamorig_Neck-Matrix-animation-output-transform-array" count="336">

0.976119 0.133104 0.171681 0.000000 -0.147714 0.986161 0.075282 18.372499 -0.159285 -0.098844 0.982272 0.000000 0.000000 0.000000 0.000000 1.000000
0.984334 0.120351 0.128849 0.000000 -0.130285 0.988885 0.071640 18.372499 -0.118795 -0.087305 0.989073 0.000000 0.000000 0.000000 0.000000 1.000000
0.988231 0.125237 0.087833 0.000000 -0.133612 0.986274 0.097018 18.372499 -0.074477 -0.107612 0.991399 0.000000 0.000000 0.000000 0.000000 1.000000
0.991760 0.119349 0.046557 0.000000 -0.123703 0.986662 0.105812 18.372499 -0.033308 -0.110700 0.993296 0.000000 0.000000 0.000000 0.000000 1.000000
0.992970 0.114941 0.028281 -0.000000 -0.117839 0.982489 0.144321 18.372499 -0.011198 -0.146639 0.989127 0.000000 0.000000 0.000000 0.000000 1.000000
0.996592 0.079719 0.021178 0.000000 -0.082245 0.979921 0.181636 18.372499 -0.006273 -0.182759 0.983138 0.000000 0.000000 0.000000 0.000000 1.000000
0.998575 0.050746 0.016489 0.000000 -0.053065 0.976788 0.207531 18.372499 -0.005575 -0.208110 0.978090 -0.000000 0.000000 0.000000 0.000000 1.000000
0.996137 0.080563 0.034923 0.000000 -0.086340 0.971087 0.222567 18.372499 -0.015983 -0.224723 0.974292 -0.000000 0.000000 0.000000 0.000000 1.000000
0.995103 0.076334 0.062792 -0.000000 -0.090001 0.962381 0.256364 18.372499 -0.040861 -0.260760 0.964539 0.000000 0.000000 0.000000 0.000000 1.000000
0.989980 0.093779 0.105570 -0.000000 -0.118984 0.956598 0.266013 18.372499 -0.076042 -0.275909 0.958171 -0.000000 0.000000 0.000000 0.000000 1.000000
0.971554 0.175284 0.159244 0.000000 -0.198560 0.969395 0.144385 18.372499 -0.129062 -0.171897 0.976624 0.000000 0.000000 0.000000 0.000000 1.000000
0.955193 0.211224 0.207344 0.000000 -0.224789 0.973417 0.043930 18.372499 -0.192553 -0.088571 0.977281 -0.000000 0.000000 0.000000 0.000000 1.000000
0.949929 0.202982 0.237557 -0.000000 -0.204966 0.978629 -0.016589 18.372499 -0.235848 -0.032933 0.971232 -0.000000 0.000000 0.000000 0.000000 1.000000
0.948136 0.195489 0.250642 0.000000 -0.189595 0.980703 -0.047698 18.372499 -0.255130 -0.002297 0.966904 0.000000 0.000000 0.000000 0.000000 1.000000
0.945756 0.215803 0.242845 0.000000 -0.205892 0.976360 -0.065794 18.372499 -0.251303 0.012225 0.967831 0.000000 0.000000 0.000000 0.000000 1.000000
0.949483 0.227890 0.215750 -0.000000 -0.216844 0.973407 -0.073879 18.372499 -0.226849 0.023363 0.973650 -0.000000 0.000000 0.000000 0.000000 1.000000
0.961293 0.199942 0.189578 -0.000000 -0.192285 0.979615 -0.058149 18.372499 -0.197340 0.019445 0.980142 -0.000000 0.000000 0.000000 0.000000 1.000000
0.970474 0.158368 0.181936 0.000000 -0.161289 0.986906 0.001281 18.372499 -0.179351 -0.030587 0.983310 0.000000 0.000000 0.000000 0.000000 1.000000
0.972805 0.136165 0.187376 0.000000 -0.154687 0.984037 0.088001 18.372499 -0.172403 -0.114592 0.978338 0.000000 0.000000 0.000000 0.000000 1.000000
0.972653 0.137970 0.186842 -0.000000 -0.161022 0.980304 0.114352 18.372499 -0.167385 -0.141310 0.975712 0.000000 0.000000 0.000000 0.000000 1.000000
0.976113 0.133157 0.171675 -0.000000 -0.147749 0.986164 0.075171 18.372499 -0.159291 -0.098740 0.982282 0.000000 0.000000 0.000000 0.000000 1.000000</float_array>
        <technique_common>
          <accessor source="#mixamorig_Neck-Matrix-animation-output-transform-array" count="21" stride="16">
            <param type="float4x4"/>
          </accessor>
        </technique_common>
      </source>
      <source id="mixamorig_Neck-Interpolations">
        <Name_array id="mixamorig_Neck-Interpolations-array" count="21">
 LINEAR LINEAR LINEAR LINEAR LINEAR LINEAR LINEAR LINEAR LINEAR LINEAR LINEAR
LINEAR LINEAR LINEAR LINEAR LINEAR LINEAR LINEAR LINEAR LINEAR LINEAR</Name_array>
        <technique_common>
          <accessor source="#mixamorig_Neck-Interpolations-array" count="21">
            <param type="name"/>
          </accessor>
        </technique_common>
      </source>
      <sampler id="mixamorig_Neck-Matrix-animation-transform">
        <input semantic="INPUT" source="#mixamorig_Neck-Matrix-animation-input"/>
        <input semantic="OUTPUT" source="#mixamorig_Neck-Matrix-animation-output-transform"/>
        <input semantic="INTERPOLATION" source="#mixamorig_Neck-Interpolations"/>
      </sampler>
      <channel source="#mixamorig_Neck-Matrix-animation-transform" target="mixamorig_Neck/matrix"/>
    </animation>
    <animation id="mixamorig_Head-anim" name="mixamorig_Head">
      <source id="mixamorig_Head-Matrix-animation-input">
        <float_array id="mixamorig_Head-Matrix-animation-input-array" count="21">

0.000000 0.033333 0.066667 0.100000 0.133333 0.166667 0.200000 0.233333 0.266667 0.300000 0.333333 0.366667 0.400000 0.433333 0.466667 0.500000
0.533333 0.566667 0.600000 0.633333 0.666667</float_array>
        <technique_common>
          <accessor source="#mixamorig_Head-Matrix-animation-input-array" count="21">
            <param name="TIME" type="float"/>
          </accessor>
        </technique_common>
      </source>
      <source id="mixamorig_Head-Matrix-animation-output-transform">
        <float_array id="mixamorig_Head-Matrix-animation-output-transform-array" count="336">

0.995861 -0.036470 0.083247 0.000000 -0.009127 0.871199 0.490845 17.907801 -0.090426 -0.489573 0.867261 1.542600 0.000000 0.000000 0.000000 1.000000
0.998879 -0.023812 0.040908 -0.000000 0.000820 0.872828 0.488027 17.907801 -0.047327 -0.487447 0.871869 1.542600 0.000000 0.000000 0.000000 1.000000
0.999966 -0.007318 -0.003876 0.000000 0.008278 0.895967 0.444043 17.907801 0.000223 -0.444060 0.895997 1.542600 0.000000 0.000000 0.000000 1.000000
0.999851 0.008980 -0.014761 -0.000000 -0.002223 0.914098 0.405487 17.907801 0.017134 -0.405393 0.913982 1.542600 0.000000 0.000000 0.000000 1.000000
0.999954 -0.007661 0.005702 0.000000 0.005111 0.933653 0.358143 17.907801 -0.008068 -0.358098 0.933649 1.542600 0.000000 0.000000 0.000000 1.000000
0.999024 -0.014171 0.041845 0.000000 -0.000587 0.942823 0.333295 17.907801 -0.044176 -0.332994 0.941894 1.542600 0.000000 0.000000 0.000000 1.000000
0.998835 0.011671 0.046828 -0.000000 -0.025753 0.949516 0.312660 17.907801 -0.040815 -0.313502 0.948710 1.542600 0.000000 0.000000 0.000000 1.000000
0.999916 -0.012652 -0.002640 0.000000 0.012838 0.948678 0.315982 17.907801 -0.001494 -0.315990 0.948761 1.542600 0.000000 0.000000 0.000000 1.000000
0.999568 -0.021914 -0.019573 0.000000 0.027399 0.935762 0.351565 17.907801 0.010612 -0.351950 0.935959 1.542600 0.000000 0.000000 0.000000 1.000000
0.999450 -0.032569 -0.006230 0.000000 0.032454 0.922249 0.385231 17.907801 -0.006801 -0.385222 0.922799 1.542600 0.000000 0.000000 0.000000 1.000000
0.998136 -0.059757 0.012371 -0.000000 0.047960 0.893516 0.446463 17.907801 -0.037733 -0.445037 0.894717 1.542600 0.000000 0.000000 0.000000 1.000000
0.995185 -0.069621 0.068995 0.000000 0.027503 0.873975 0.485193 17.907801 -0.094080 -0.480959 0.871681 1.542600 0.000000 0.000000 0.000000 1.000000
0.988788 -0.070927 0.131405 0.000000 -0.003784 0.867809 0.496884 17.907801 -0.149277 -0.491810 0.857811 1.542600 0.000000 0.000000 0.000000 1.000000
0.983429 -0.084975 0.160148 -0.000000 -0.008563 0.860596 0.509216 17.907801 -0.181093 -0.502149 0.845607 1.542600 0.000000 0.000000 0.000000 1.000000
0.983529 -0.104921 0.147183 0.000000 0.012250 0.851101 0.524859 17.907801 -0.180337 -0.514411 0.838367 1.542600 0.000000 0.000000 0.000000 1.000000
0.986601 -0.114081 0.116638 -0.000000 0.034871 0.845824 0.532322 17.907801 -0.159383 -0.521122 0.838468 1.542600 0.000000 0.000000 0.000000 1.000000
0.987756 -0.113619 0.106906 0.000000 0.042101 0.853976 0.518607 17.907801 -0.150219 -0.507756 0.848303 1.542600 0.000000 0.000000 0.000000 1.000000
0.986370 -0.112978 0.119627 0.000000 0.039813 0.869289 0.492698 17.907801 -0.159654 -0.481219 0.861939 1.542600 0.000000 0.000000 0.000000 1.000000
0.985700 -0.114455 0.123675 0.000000 0.043772 0.882654 0.467982 17.907801 -0.162725 -0.455876 0.875042 1.542600 0.000000 0.000000 0.000000 1.000000
0.989614 -0.097304 0.105812 -0.000000 0.036895 0.883347 0.467266 17.907801 -0.138935 -0.458509 0.877762 1.542600 0.000000 0.000000 0.000000 1.000000
0.995862 -0.036496 0.083224 -0.000000 -0.009103 0.871145 0.490941 17.907801 -0.090418 -0.489667 0.867209 1.542600 0.000000 0.000000 0.000000 1.000000</float_array>
        <technique_common>
          <accessor source="#mixamorig_Head-Matrix-animation-output-transform-array" count="21" stride="16">
            <param type="float4x4"/>
          </accessor>
        </technique_common>
      </source>
      <source id="mixamorig_Head-Interpolations">
        <Name_array id="mixamorig_Head-Interpolations-array" count="21">
 LINEAR LINEAR LINEAR LINEAR LINEAR LINEAR LINEAR LINEAR LINEAR LINEAR LINEAR
LINEAR LINEAR LINEAR LINEAR LINEAR LINEAR LINEAR LINEAR LINEAR LINEAR</Name_array>
        <technique_common>
          <accessor source="#mixamorig_Head-Interpolations-array" count="21">
            <param type="name"/>
          </accessor>
        </technique_common>
      </source>
      <sampler id="mixamorig_Head-Matrix-animation-transform">
        <input semantic="INPUT" source="#mixamorig_Head-Matrix-animation-input"/>
        <input semantic="OUTPUT" source="#mixamorig_Head-Matrix-animation-output-transform"/>
        <input semantic="INTERPOLATION" source="#mixamorig_Head-Interpolations"/>
      </sampler>
      <channel source="#mixamorig_Head-Matrix-animation-transform" target="mixamorig_Head/matrix"/>
    </animation>
    <animation id="mixamorig_HeadTop_End-anim" name="mixamorig_HeadTop_End">
      <source id="mixamorig_HeadTop_End-Matrix-animation-input">
        <float_array id="mixamorig_HeadTop_End-Matrix-animation-input-array" count="21">

0.000000 0.033333 0.066667 0.100000 0.133333 0.166667 0.200000 0.233333 0.266667 0.300000 0.333333 0.366667 0.400000 0.433333 0.466667 0.500000
0.533333 0.566667 0.600000 0.633333 0.666667</float_array>
        <technique_common>
          <accessor source="#mixamorig_HeadTop_End-Matrix-animation-input-array" count="21">
            <param name="TIME" type="float"/>
          </accessor>
        </technique_common>
      </source>
      <source id="mixamorig_HeadTop_End-Matrix-animation-output-transform">
        <float_array id="mixamorig_HeadTop_End-Matrix-animation-output-transform-array" count="336">

1.000000 -0.000000 -0.000000 0.000000 0.000000 1.000000 0.000000 29.625900 -0.000000 -0.000000 1.000000 2.552100 0.000000 0.000000 0.000000 1.000000
1.000000 0.000000 0.000000 0.000000 -0.000000 1.000000 0.000000 29.625900 0.000000 0.000000 1.000000 2.552100 0.000000 0.000000 0.000000 1.000000
1.000000 -0.000000 0.000000 0.000000 0.000000 1.000000 0.000000 29.625900 0.000000 0.000000 1.000000 2.552100 0.000000 0.000000 0.000000 1.000000
1.000000 -0.000000 -0.000000 0.000000 -0.000000 1.000000 0.000000 29.625900 0.000000 -0.000000 1.000000 2.552100 0.000000 0.000000 0.000000 1.000000
1.000000 -0.000000 0.000000 -0.000000 0.000000 1.000000 -0.000000 29.625900 0.000000 -0.000000 1.000000 2.552100 0.000000 0.000000 0.000000 1.000000
1.000000 0.000000 -0.000000 0.000000 0.000000 1.000000 0.000000 29.625900 0.000000 0.000000 1.000000 2.552100 0.000000 0.000000 0.000000 1.000000
1.000000 0.000000 0.000000 0.000000 -0.000000 1.000000 0.000000 29.625900 -0.000000 0.000000 1.000000 2.552100 0.000000 0.000000 0.000000 1.000000
1.000000 0.000000 -0.000000 0.000000 0.000000 1.000000 -0.000000 29.625900 0.000000 0.000000 1.000000 2.552100 0.000000 0.000000 0.000000 1.000000
1.000000 -0.000000 0.000000 0.000000 0.000000 1.000000 0.000000 29.625900 -0.000000 -0.000000 1.000000 2.552100 0.000000 0.000000 0.000000 1.000000
1.000000 0.000000 0.000000 -0.000000 -0.000000 1.000000 0.000000 29.625900 0.000000 0.000000 1.000000 2.552100 0.000000 0.000000 0.000000 1.000000
1.000000 0.000000 -0.000000 0.000000 0.000000 1.000000 0.000000 29.625900 0.000000 -0.000000 1.000000 2.552100 0.000000 0.000000 0.000000 1.000000
1.000000 -0.000000 0.000000 0.000000 0.000000 1.000000 0.000000 29.625900 0.000000 -0.000000 1.000000 2.552100 0.000000 0.000000 0.000000 1.000000
1.000000 -0.000000 0.000000 0.000000 0.000000 1.000000 -0.000000 29.625900 0.000000 -0.000000 1.000000 2.552100 0.000000 0.000000 0.000000 1.000000
1.000000 0.000000 0.000000 0.000000 -0.000000 1.000000 0.000000 29.625900 -0.000000 -0.000000 1.000000 2.552100 0.000000 0.000000 0.000000 1.000000
1.000000 0.000000 -0.000000 0.000000 -0.000000 1.000000 -0.000000 29.625900 0.000000 0.000000 1.000000 2.552100 0.000000 0.000000 0.000000 1.000000
1.000000 -0.000000 0.000000 0.000000 0.000000 1.000000 0.000000 29.625900 0.000000 0.000000 1.000000 2.552100 0.000000 0.000000 0.000000 1.000000
1.000000 -0.000000 -0.000000 -0.000000 0.000000 1.000000 0.000000 29.625900 0.000000 0.000000 1.000000 2.552100 0.000000 0.000000 0.000000 1.000000
1.000000 -0.000000 0.000000 0.000000 0.000000 1.000000 0.000000 29.625900 0.000000 0.000000 1.000000 2.552100 0.000000 0.000000 0.000000 1.000000
1.000000 -0.000000 0.000000 0.000000 0.000000 1.000000 -0.000000 29.625900 0.000000 0.000000 1.000000 2.552100 0.000000 0.000000 0.000000 1.000000
1.000000 0.000000 0.000000 0.000000 0.000000 1.000000 0.000000 29.625900 0.000000 0.000000 1.000000 2.552100 0.000000 0.000000 0.000000 1.000000
