<?xml version="1.0" encoding="utf-8"?>
<COLLADA xmlns="http://www.collada.org/2005/11/COLLADASchema" version="1.4.1">
  <asset>
    <contributor>
      <author>Mixamo</author>
      <authoring_tool>COLLADA Mixamo exporter</authoring_tool>
      <comments/>
    </contributor>
    <created>2024-05-15T12:40:13Z</created>
    <modified>2024-05-15T12:40:13Z</modified>
    <revision/>
    <title/>
    <unit meter="0.010000"/>
    <up_axis>Y_UP</up_axis>
  </asset>
  <library_animations>
    <animation id="Armature-anim" name="Armature">
      <source id="Armature-Matrix-animation-input">
        <float_array id="Armature-Matrix-animation-input-array" count="43">

0.000000 0.033333 0.066667 0.100000 0.133333 0.166667 0.200000 0.233333 0.266667 0.300000 0.333333 0.366667 0.400000 0.433333 0.466667 0.500000
0.533333 0.566667 0.600000 0.633333 0.666667 0.700000 0.733333 0.766667 0.800000 0.833333 0.866667 0.900000 0.933333 0.966667 1.000000 1.033333
1.066667 1.100000 1.133333 1.166667 1.200000 1.233333 1.266667 1.300000 1.333333 1.366667 1.400000</float_array>
        <technique_common>
          <accessor source="#Armature-Matrix-animation-input-array" count="43">
            <param name="TIME" type="float"/>
          </accessor>
        </technique_common>
      </source>
      <source id="Armature-Matrix-animation-output-transform">
        <float_array id="Armature-Matrix-animation-output-transform-array" count="688">

1.000000 0.000000 0.000000 0.000000 0.000000 1.000000 0.000000 0.000000 0.000000 0.000000 1.000000 0.000000 0.000000 0.000000 0.000000 1.000000
1.000000 0.000000 0.000000 0.000000 0.000000 1.000000 0.000000 0.000000 0.000000 0.000000 1.000000 0.000000 0.000000 0.000000 0.000000 1.000000
1.000000 0.000000 0.000000 0.000000 0.000000 1.000000 0.000000 0.000000 0.000000 0.000000 1.000000 0.000000 0.000000 0.000000 0.000000 1.000000
1.000000 0.000000 0.000000 0.000000 0.000000 1.000000 0.000000 0.000000 0.000000 0.000000 1.000000 0.000000 0.000000 0.000000 0.000000 1.000000
1.000000 0.000000 0.000000 0.000000 0.000000 1.000000 0.000000 0.000000 0.000000 0.000000 1.000000 0.000000 0.000000 0.000000 0.000000 1.000000
1.000000 0.000000 0.000000 0.000000 0.000000 1.000000 0.000000 0.000000 0.000000 0.000000 1.000000 0.000000 0.000000 0.000000 0.000000 1.000000
1.000000 0.000000 0.000000 0.000000 0.000000 1.000000 0.000000 0.000000 0.000000 0.000000 1.000000 0.000000 0.000000 0.000000 0.000000 1.000000
1.000000 0.000000 0.000000 0.000000 0.000000 1.000000 0.000000 0.000000 0.000000 0.000000 1.000000 0.000000 0.000000 0.000000 0.000000 1.000000
1.000000 0.000000 0.000000 0.000000 0.000000 1.000000 0.000000 0.000000 0.000000 0.000000 1.000000 0.000000 0.000000 0.000000 0.000000 1.000000
1.000000 0.000000 0.000000 0.000000 0.000000 1.000000 0.000000 0.000000 0.000000 0.000000 1.000000 0.000000 0.000000 0.000000 0.000000 1.000000
1.000000 0.000000 0.000000 0.000000 0.000000 1.000000 0.000000 0.000000 0.000000 0.000000 1.000000 0.000000 0.000000 0.000000 0.000000 1.000000
1.000000 0.000000 0.000000 0.000000 0.000000 1.000000 0.000000 0.000000 0.000000 0.000000 1.000000 0.000000 0.000000 0.000000 0.000000 1.000000
1.000000 0.000000 0.000000 0.000000 0.000000 1.000000 0.000000 0.000000 0.000000 0.000000 1.000000 0.000000 0.000000 0.000000 0.000000 1.000000
1.000000 0.000000 0.000000 0.000000 0.000000 1.000000 0.000000 0.000000 0.000000 0.000000 1.000000 0.000000 0.000000 0.000000 0.000000 1.000000
1.000000 0.000000 0.000000 0.000000 0.000000 1.000000 0.000000 0.000000 0.000000 0.000000 1.000000 0.000000 0.000000 0.000000 0.000000 1.000000
1.000000 0.000000 0.000000 0.000000 0.000000 1.000000 0.000000 0.000000 0.000000 0.000000 1.000000 0.000000 0.000000 0.000000 0.000000 1.000000
1.000000 0.000000 0.000000 0.000000 0.000000 1.000000 0.000000 0.000000 0.000000 0.000000 1.000000 0.000000 0.000000 0.000000 0.000000 1.000000
1.000000 0.000000 0.000000 0.000000 0.000000 1.000000 0.000000 0.000000 0.000000 0.000000 1.000000 0.000000 0.000000 0.000000 0.000000 1.000000
1.000000 0.000000 0.000000 0.000000 0.000000 1.000000 0.000000 0.000000 0.000000 0.000000 1.000000 0.000000 0.000000 0.000000 0.000000 1.000000
1.000000 0.000000 0.000000 0.000000 0.000000 1.000000 0.000000 0.000000 0.000000 0.000000 1.000000 0.000000 0.000000 0.000000 0.000000 1.000000
1.000000 0.000000 0.000000 0.000000 0.000000 1.000000 0.000000 0.000000 0.000000 0.000000 1.000000 0.000000 0.000000 0.000000 0.000000 1.000000
1.000000 0.000000 0.000000 0.000000 0.000000 1.000000 0.000000 0.000000 0.000000 0.000000 1.000000 0.000000 0.000000 0.000000 0.000000 1.000000
1.000000 0.000000 0.000000 0.000000 0.000000 1.000000 0.000000 0.000000 0.000000 0.000000 1.000000 0.000000 0.000000 0.000000 0.000000 1.000000
1.000000 0.000000 0.000000 0.000000 0.000000 1.000000 0.000000 0.000000 0.000000 0.000000 1.000000 0.000000 0.000000 0.000000 0.000000 1.000000
1.000000 0.000000 0.000000 0.000000 0.000000 1.000000 0.000000 0.000000 0.000000 0.000000 1.000000 0.000000 0.000000 0.000000 0.000000 1.000000
1.000000 0.000000 0.000000 0.000000 0.000000 1.000000 0.000000 0.000000 0.000000 0.000000 1.000000 0.000000 0.000000 0.000000 0.000000 1.000000
1.000000 0.000000 0.000000 0.000000 0.000000 1.000000 0.000000 0.000000 0.000000 0.000000 1.000000 0.000000 0.000000 0.000000 0.000000 1.000000
1.000000 0.000000 0.000000 0.000000 0.000000 1.000000 0.000000 0.000000 0.000000 0.000000 1.000000 0.000000 0.000000 0.000000 0.000000 1.000000
1.000000 0.000000 0.000000 0.000000 0.000000 1.000000 0.000000 0.000000 0.000000 0.000000 1.000000 0.000000 0.000000 0.000000 0.000000 1.000000
1.000000 0.000000 0.000000 0.000000 0.000000 1.000000 0.000000 0.000000 0.000000 0.000000 1.000000 0.000000 0.000000 0.000000 0.000000 1.000000
1.000000 0.000000 0.000000 0.000000 0.000000 1.000000 0.000000 0.000000 0.000000 0.000000 1.000000 0.000000 0.000000 0.000000 0.000000 1.000000
1.000000 0.000000 0.000000 0.000000 0.000000 1.000000 0.000000 0.000000 0.000000 0.000000 1.000000 0.000000 0.000000 0.000000 0.000000 1.000000
1.000000 0.000000 0.000000 0.000000 0.000000 1.000000 0.000000 0.000000 0.000000 0.000000 1.000000 0.000000 0.000000 0.000000 0.000000 1.000000
1.000000 0.000000 0.000000 0.000000 0.000000 1.000000 0.000000 0.000000 0.000000 0.000000 1.000000 0.000000 0.000000 0.000000 0.000000 1.000000
1.000000 0.000000 0.000000 0.000000 0.000000 1.000000 0.000000 0.000000 0.000000 0.000000 1.000000 0.000000 0.000000 0.000000 0.000000 1.000000
1.000000 0.000000 0.000000 0.000000 0.000000 1.000000 0.000000 0.000000 0.000000 0.000000 1.000000 0.000000 0.000000 0.000000 0.000000 1.000000
1.000000 0.000000 0.000000 0.000000 0.000000 1.000000 0.000000 0.000000 0.000000 0.000000 1.000000 0.000000 0.000000 0.000000 0.000000 1.000000
1.000000 0.000000 0.000000 0.000000 0.000000 1.000000 0.000000 0.000000 0.000000 0.000000 1.000000 0.000000 0.000000 0.000000 0.000000 1.000000
1.000000 0.000000 0.000000 0.000000 0.000000 1.000000 0.000000 0.000000 0.000000 0.000000 1.000000 0.000000 0.000000 0.000000 0.000000 1.000000
1.000000 0.000000 0.000000 0.000000 0.000000 1.000000 0.000000 0.000000 0.000000 0.000000 1.000000 0.000000 0.000000 0.000000 0.000000 1.000000
1.000000 0.000000 0.000000 0.000000 0.000000 1.000000 0.000000 0.000000 0.000000 0.000000 1.000000 0.000000 0.000000 0.000000 0.000000 1.000000
1.000000 0.000000 0.000000 0.000000 0.000000 1.000000 0.000000 0.000000 0.000000 0.000000 1.000000 0.000000 0.000000 0.000000 0.000000 1.000000
1.000000 0.000000 0.000000 0.000000 0.000000 1.000000 0.000000 0.000000 0.000000 0.000000 1.000000 0.000000 0.000000 0.000000 0.000000 1.000000</float_array>
        <technique_common>
          <accessor source="#Armature-Matrix-animation-output-transform-array" count="43" stride="16">
            <param type="float4x4"/>
          </accessor>
        </technique_common>
      </source>
      <source id="Armature-Interpolations">
        <Name_array id="Armature-Interpolations-array" count="43">
 LINEAR LINEAR LINEAR LINEAR LINEAR LINEAR LINEAR LINEAR LINEAR LINEAR LINEAR
LINEAR LINEAR LINEAR LINEAR LINEAR LINEAR LINEAR LINEAR LINEAR LINEAR LINEAR LINEAR
LINEAR LINEAR LINEAR LINEAR LINEAR LINEAR LINEAR LINEAR LINEAR LINEAR LINEAR LINEAR
LINEAR LINEAR LINEAR LINEAR LINEAR LINEAR LINEAR LINEAR</Name_array>
        <technique_common>
          <accessor source="#Armature-Interpolations-array" count="43">
            <param type="name"/>
          </accessor>
        </technique_common>
      </source>
      <sampler id="Armature-Matrix-animation-transform">
        <input semantic="INPUT" source="#Armature-Matrix-animation-input"/>
        <input semantic="OUTPUT" source="#Armature-Matrix-animation-output-transform"/>
        <input semantic="INTERPOLATION" source="#Armature-Interpolations"/>
      </sampler>
      <channel source="#Armature-Matrix-animation-transform" target="Armature/matrix"/>
    </animation>
    <animation id="mixamorig_Hips-anim" name="mixamorig_Hips">
      <source id="mixamorig_Hips-Matrix-animation-input">
        <float_array id="mixamorig_Hips-Matrix-animation-input-array" count="43">

0.000000 0.033333 0.066667 0.100000 0.133333 0.166667 0.200000 0.233333 0.266667 0.300000 0.333333 0.366667 0.400000 0.433333 0.466667 0.500000
0.533333 0.566667 0.600000 0.633333 0.666667 0.700000 0.733333 0.766667 0.800000 0.833333 0.866667 0.900000 0.933333 0.966667 1.000000 1.033333
1.066667 1.100000 1.133333 1.166667 1.200000 1.233333 1.266667 1.300000 1.333333 1.366667 1.400000</float_array>
        <technique_common>
          <accessor source="#mixamorig_Hips-Matrix-animation-input-array" count="43">
            <param name="TIME" type="float"/>
          </accessor>
        </technique_common>
      </source>
      <source id="mixamorig_Hips-Matrix-animation-output-transform">
        <float_array id="mixamorig_Hips-Matrix-animation-output-transform-array" count="688">

0.468334 -0.083131 -0.879632 3.252060 0.028949 0.996473 -0.078761 93.203850 0.883077 0.011422 0.469089 -1.744108 0.000000 0.000000 0.000000 1.000000
0.495356 -0.089531 -0.864064 3.540357 0.011462 0.995262 -0.096554 92.822845 0.868614 0.037925 0.494035 -1.707295 0.000000 0.000000 0.000000 1.000000
0.562122 -0.091396 -0.821989 3.863708 -0.007224 0.993295 -0.115383 91.602203 0.827023 0.070798 0.557693 -1.098311 0.000000 0.000000 0.000000 1.000000
0.645051 -0.086228 -0.759259 4.041212 -0.021542 0.991166 -0.130868 90.030632 0.763836 0.100773 0.637495 -0.130334 0.000000 0.000000 0.000000 1.000000
0.723219 -0.075360 -0.686495 3.908541 -0.027071 0.990171 -0.137216 88.658958 0.690088 0.117821 0.714071 1.349675 0.000000 0.000000 0.000000 1.000000
0.786615 -0.055962 -0.614903 3.455420 -0.021757 0.992753 -0.118184 87.714874 0.617060 0.106344 0.779697 3.651812 0.000000 0.000000 0.000000 1.000000
0.847555 -0.028239 -0.529955 3.049885 -0.012717 0.997216 -0.073476 87.486778 0.530555 0.069014 0.844837 6.394877 0.000000 0.000000 0.000000 1.000000
0.905008 -0.015332 -0.425118 2.812416 0.005225 0.999676 -0.024931 88.050400 0.425362 0.020342 0.904795 9.414113 0.000000 0.000000 0.000000 1.000000
0.945432 -0.009964 -0.325668 2.766114 0.020755 0.999344 0.029677 89.193069 0.325159 -0.034817 0.945018 12.076529 0.000000 0.000000 0.000000 1.000000
0.971273 0.006599 -0.237878 2.835639 0.015508 0.995736 0.090940 90.638634 0.237464 -0.092017 0.967028 14.651891 0.000000 0.000000 0.000000 1.000000
0.982951 0.036595 -0.180191 2.819711 -0.008669 0.988128 0.153388 91.981209 0.183665 -0.149211 0.971598 16.656166 0.000000 0.000000 0.000000 1.000000
0.988446 0.066390 -0.136257 2.521278 -0.030564 0.967806 0.249833 92.916222 0.148457 -0.242782 0.958654 18.818199 0.000000 0.000000 0.000000 1.000000
0.987879 0.100791 -0.118049 2.115263 -0.049054 0.924247 0.378630 93.727928 0.147269 -0.368250 0.917989 21.528797 0.000000 0.000000 0.000000 1.000000
0.986658 0.131690 -0.095727 1.565015 -0.063618 0.853090 0.517870 94.674133 0.149863 -0.504871 0.850086 25.204149 0.000000 0.000000 0.000000 1.000000
0.985930 0.157192 -0.056851 0.594730 -0.088973 0.781427 0.617621 95.965172 0.141510 -0.603874 0.784418 30.099531 0.000000 0.000000 0.000000 1.000000
0.986576 0.162977 0.010320 -0.216355 -0.130227 0.747049 0.651888 97.449585 0.098533 -0.644481 0.758245 35.099884 0.000000 0.000000 0.000000 1.000000
0.986567 0.157745 0.042460 -0.903282 -0.145114 0.726890 0.671247 99.408600 0.075022 -0.668392 0.740016 40.553421 0.000000 0.000000 0.000000 1.000000
0.986056 0.122162 0.113000 -1.799443 -0.166184 0.687431 0.706981 101.213074 0.008686 -0.715902 0.698147 48.733608 0.000000 0.000000 0.000000 1.000000
0.980181 0.042389 0.193518 -2.746516 -0.173882 0.652154 0.737875 101.306595 -0.094926 -0.756900 0.646600 50.283787 0.000000 0.000000 0.000000 1.000000
0.974805 0.057281 0.215577 -2.701842 -0.204511 0.615348 0.761263 100.234604 -0.089049 -0.786171 0.611559 50.254230 0.000000 0.000000 0.000000 1.000000
0.971272 0.075459 0.225691 -2.585659 -0.224914 0.600922 0.767012 99.270828 -0.077745 -0.795738 0.600630 49.922115 0.000000 0.000000 0.000000 1.000000
0.972883 0.067303 0.221287 -2.491039 -0.212580 0.637202 0.740800 98.478783 -0.091146 -0.767753 0.634230 47.583233 0.000000 0.000000 0.000000 1.000000
0.979601 0.038430 0.197242 -2.400486 -0.170589 0.677816 0.715168 96.917709 -0.106209 -0.734227 0.670545 44.131451 0.000000 0.000000 0.000000 1.000000
0.990759 0.035208 0.130987 -2.025887 -0.116552 0.714929 0.689414 95.585526 -0.069373 -0.698310 0.712426 40.813427 0.000000 0.000000 0.000000 1.000000
0.997169 0.048520 0.057439 -1.352674 -0.074404 0.746864 0.660801 94.835831 -0.010837 -0.663205 0.748360 36.994976 0.000000 0.000000 0.000000 1.000000
0.997593 0.069269 -0.003121 -0.671180 -0.054164 0.806579 0.588640 94.100990 0.043292 -0.587054 0.808390 33.218418 0.000000 0.000000 0.000000 1.000000
0.992374 0.068613 -0.102406 0.299854 -0.008825 0.868178 0.496174 93.784439 0.122950 -0.491487 0.862162 29.287262 0.000000 0.000000 0.000000 1.000000
0.968990 0.056016 -0.240667 1.326094 0.038526 0.927808 0.371063 94.086639 0.244078 -0.368828 0.896879 25.768145 0.000000 0.000000 0.000000 1.000000
0.930146 0.026096 -0.366261 2.099051 0.062635 0.971576 0.228290 94.864517 0.361808 -0.235283 0.902074 22.717146 0.000000 0.000000 0.000000 1.000000
0.879110 -0.011566 -0.476478 2.440543 0.062852 0.993788 0.091840 95.819092 0.472457 -0.110685 0.874376 20.608776 0.000000 0.000000 0.000000 1.000000
0.825496 -0.035133 -0.563313 2.616541 0.043515 0.999052 0.001460 96.196236 0.562728 -0.025718 0.826242 19.364807 0.000000 0.000000 0.000000 1.000000
0.751221 -0.044590 -0.658543 2.860280 0.020192 0.998801 -0.044596 95.583534 0.659742 0.020205 0.751221 18.248638 0.000000 0.000000 0.000000 1.000000
0.655602 -0.060036 -0.752716 2.827439 0.011599 0.997517 -0.069458 93.952278 0.755017 0.036806 0.654671 17.230373 0.000000 0.000000 0.000000 1.000000
0.544021 -0.083395 -0.834917 2.759161 0.009995 0.995622 -0.092935 91.461487 0.839012 0.042214 0.542473 15.106683 0.000000 0.000000 0.000000 1.000000
0.417638 -0.107073 -0.902282 2.797699 0.006686 0.993368 -0.114787 88.644440 0.908589 0.041906 0.415584 12.474772 0.000000 0.000000 0.000000 1.000000
0.302743 -0.125272 -0.944803 3.124457 0.001048 0.991367 -0.131110 86.377098 0.953072 0.038702 0.300261 9.969021 0.000000 0.000000 0.000000 1.000000
0.275121 -0.135257 -0.951848 3.533251 0.008053 0.990344 -0.138400 84.432083 0.961376 0.030411 0.273554 7.622062 0.000000 0.000000 0.000000 1.000000
0.298790 -0.133183 -0.944980 3.531878 0.015216 0.990753 -0.134823 84.143402 0.954197 0.025905 0.298054 5.267238 0.000000 0.000000 0.000000 1.000000
0.334426 -0.128669 -0.933597 3.269343 0.022613 0.991446 -0.128542 85.748245 0.942151 0.021876 0.334475 2.789451 0.000000 0.000000 0.000000 1.000000
0.375125 -0.121702 -0.918950 3.125678 0.028239 0.992384 -0.119900 87.945511 0.926544 0.019027 0.375705 1.008623 0.000000 0.000000 0.000000 1.000000
0.414552 -0.112253 -0.903076 3.033737 0.030754 0.993524 -0.109378 90.117348 0.909506 0.017569 0.415320 -0.268054 0.000000 0.000000 0.000000 1.000000
0.447046 -0.090231 -0.889949 3.118450 0.030136 0.995854 -0.085830 91.905746 0.894003 0.011551 0.447912 -1.005859 0.000000 0.000000 0.000000 1.000000
0.465733 -0.084034 -0.880926 3.188498 0.029464 0.996402 -0.079472 93.035866 0.884434 0.011057 0.466533 -1.592994 0.000000 0.000000 0.000000 1.000000</float_array>
        <technique_common>
          <accessor source="#mixamorig_Hips-Matrix-animation-output-transform-array" count="43" stride="16">
            <param type="float4x4"/>
          </accessor>
        </technique_common>
      </source>
      <source id="mixamorig_Hips-Interpolations">
        <Name_array id="mixamorig_Hips-Interpolations-array" count="43">
 LINEAR LINEAR LINEAR LINEAR LINEAR LINEAR LINEAR LINEAR LINEAR LINEAR LINEAR
LINEAR LINEAR LINEAR LINEAR LINEAR LINEAR LINEAR LINEAR LINEAR LINEAR LINEAR LINEAR
LINEAR LINEAR LINEAR LINEAR LINEAR LINEAR LINEAR LINEAR LINEAR LINEAR LINEAR LINEAR
LINEAR LINEAR LINEAR LINEAR LINEAR LINEAR LINEAR LINEAR</Name_array>
        <technique_common>
          <accessor source="#mixamorig_Hips-Interpolations-array" count="43">
            <param type="name"/>
          </accessor>
        </technique_common>
      </source>
      <sampler id="mixamorig_Hips-Matrix-animation-transform">
        <input semantic="INPUT" source="#mixamorig_Hips-Matrix-animation-input"/>
        <input semantic="OUTPUT" source="#mixamorig_Hips-Matrix-animation-output-transform"/>
        <input semantic="INTERPOLATION" source="#mixamorig_Hips-Interpolations"/>
      </sampler>
      <channel source="#mixamorig_Hips-Matrix-animation-transform" target="mixamorig_Hips/matrix"/>
    </animation>
    <animation id="mixamorig_Spine-anim" name="mixamorig_Spine">
      <source id="mixamorig_Spine-Matrix-animation-input">
        <float_array id="mixamorig_Spine-Matrix-animation-input-array" count="43">

0.000000 0.033333 0.066667 0.100000 0.133333 0.166667 0.200000 0.233333 0.266667 0.300000 0.333333 0.366667 0.400000 0.433333 0.466667 0.500000
0.533333 0.566667 0.600000 0.633333 0.666667 0.700000 0.733333 0.766667 0.800000 0.833333 0.866667 0.900000 0.933333 0.966667 1.000000 1.033333
1.066667 1.100000 1.133333 1.166667 1.200000 1.233333 1.266667 1.300000 1.333333 1.366667 1.400000</float_array>
        <technique_common>
          <accessor source="#mixamorig_Spine-Matrix-animation-input-array" count="43">
            <param name="TIME" type="float"/>
          </accessor>
        </technique_common>
      </source>
      <source id="mixamorig_Spine-Matrix-animation-output-transform">
        <float_array id="mixamorig_Spine-Matrix-animation-output-transform-array" count="688">

0.997289 0.073245 -0.007081 -0.000000 -0.072317 0.957740 -0.278397 12.246100 -0.013610 0.278154 0.960440 0.234600 0.000000 0.000000 0.000000 1.000000
0.997616 0.068278 0.010037 -0.000000 -0.062907 0.959497 -0.274607 12.246100 -0.028380 0.273321 0.961504 0.234600 0.000000 0.000000 0.000000 1.000000
0.996912 0.056199 0.054841 0.000000 -0.039982 0.964387 -0.261457 12.246100 -0.067582 0.258457 0.963656 0.234600 0.000000 0.000000 0.000000 1.000000
0.992338 0.042769 0.115917 -0.000000 -0.014279 0.971590 -0.236240 12.246100 -0.122727 0.232775 0.964756 0.234600 0.000000 0.000000 0.000000 1.000000
0.982970 0.027611 0.181682 0.000000 0.006915 0.982391 -0.186707 12.246100 -0.183638 0.184784 0.965470 0.234600 0.000000 0.000000 0.000000 1.000000
0.970220 0.010278 0.242006 0.000000 0.024975 0.989530 -0.142151 12.246100 -0.240933 0.143962 0.959805 0.234600 0.000000 0.000000 0.000000 1.000000
0.958023 -0.009750 0.286526 0.000000 0.044046 0.992562 -0.113494 12.246100 -0.283288 0.121350 0.951327 0.234600 0.000000 0.000000 0.000000 1.000000
0.956066 -0.031905 0.291410 0.000000 0.066975 0.991541 -0.111177 12.246100 -0.285398 0.125810 0.950116 0.234600 0.000000 0.000000 0.000000 1.000000
0.969476 -0.057561 0.238334 0.000000 0.097109 0.982704 -0.157677 12.246100 -0.225136 0.176009 0.958298 0.234600 0.000000 0.000000 0.000000 1.000000
0.980962 -0.080152 0.176888 0.000000 0.117489 0.970195 -0.211939 12.246100 -0.154628 0.228686 0.961141 0.234600 0.000000 0.000000 0.000000 1.000000
0.984318 -0.100637 0.144881 0.000000 0.135240 0.957839 -0.253486 12.246100 -0.113262 0.269104 0.956428 0.234600 0.000000 0.000000 0.000000 1.000000
0.986479 -0.121690 0.109776 -0.000000 0.150130 0.939628 -0.307506 12.246100 -0.065728 0.319829 0.945193 0.234600 0.000000 0.000000 0.000000 1.000000
0.988208 -0.128028 0.083989 -0.000000 0.150756 0.909513 -0.387374 12.246100 -0.026794 0.395468 0.918089 0.234600 0.000000 0.000000 0.000000 1.000000
0.988287 -0.139696 0.061434 0.000000 0.152402 0.882559 -0.444818 12.246100 0.007920 0.448970 0.893512 0.234600 0.000000 0.000000 0.000000 1.000000
0.988304 -0.151317 0.018937 0.000000 0.145258 0.896295 -0.418993 12.246100 0.046428 0.416843 0.907792 0.234600 0.000000 0.000000 0.000000 1.000000
0.988200 -0.138549 -0.065310 0.000000 0.115845 0.954988 -0.273088 12.246100 0.100207 0.262300 0.959769 0.234600 0.000000 0.000000 0.000000 1.000000
0.987177 -0.108123 -0.117438 0.000000 0.098701 0.991625 -0.083298 12.246100 0.125461 0.070638 0.989581 0.234600 0.000000 0.000000 0.000000 1.000000
0.984868 -0.061754 -0.161933 0.000000 0.066891 0.997409 0.026464 12.246100 0.159879 -0.036896 0.986447 0.234600 0.000000 0.000000 0.000000 1.000000
0.988476 0.002658 -0.151355 -0.000000 0.002746 0.999366 0.035484 12.246100 0.151353 -0.035491 0.987842 0.234600 0.000000 0.000000 0.000000 1.000000
0.993093 -0.003823 -0.117270 0.000000 0.004053 0.999990 0.001728 12.246100 0.117262 -0.002191 0.993099 0.234600 0.000000 0.000000 0.000000 1.000000
0.994095 -0.042025 -0.100050 -0.000000 0.040021 0.998958 -0.021956 12.246100 0.100868 0.017822 0.994740 0.234600 0.000000 0.000000 0.000000 1.000000
0.991501 -0.020168 -0.128529 0.000000 0.020170 0.999796 -0.001288 12.246100 0.128529 -0.001315 0.991705 0.234600 0.000000 0.000000 0.000000 1.000000
0.989992 -0.012006 -0.140610 -0.000000 0.010997 0.999908 -0.007949 12.246100 0.140692 0.006323 0.990033 0.234600 0.000000 0.000000 0.000000 1.000000
0.990542 -0.028099 -0.134299 0.000000 0.022839 0.998916 -0.040553 12.246100 0.135293 0.037103 0.990111 0.234600 0.000000 0.000000 0.000000 1.000000
0.985495 -0.050570 -0.161997 0.000000 0.037270 0.995759 -0.084113 12.246100 0.165563 0.076855 0.983200 0.234600 0.000000 0.000000 0.000000 1.000000
0.976025 -0.093215 -0.196686 0.000000 0.067200 0.988559 -0.135038 12.246100 0.207024 0.118583 0.971123 0.234600 0.000000 0.000000 0.000000 1.000000
0.974257 -0.130714 -0.183676 0.000000 0.097483 0.978903 -0.179570 12.246100 0.203274 0.157042 0.966446 0.234600 0.000000 0.000000 0.000000 1.000000
0.978656 -0.150047 -0.140423 0.000000 0.120762 0.972773 -0.197810 12.246100 0.166281 0.176630 0.970130 0.234600 0.000000 0.000000 0.000000 1.000000
0.982652 -0.146237 -0.114060 0.000000 0.123088 0.974288 -0.188712 12.246100 0.138724 0.171399 0.975386 0.234600 0.000000 0.000000 0.000000 1.000000
0.987861 -0.116783 -0.102434 0.000000 0.099980 0.982665 -0.156121 12.246100 0.118890 0.143984 0.982412 0.234600 0.000000 0.000000 0.000000 1.000000
0.990181 -0.101641 -0.095974 0.000000 0.088222 0.986913 -0.134979 12.246100 0.108437 0.125186 0.986190 0.234600 0.000000 0.000000 0.000000 1.000000
0.995209 -0.081473 -0.054044 0.000000 0.072139 0.985034 -0.156536 12.246100 0.065989 0.151888 0.986193 0.234600 0.000000 0.000000 0.000000 1.000000
0.998587 -0.053107 -0.001719 0.000000 0.052034 0.983933 -0.170790 12.246100 0.010762 0.170459 0.985306 0.234600 0.000000 0.000000 0.000000 1.000000
0.998979 -0.020326 0.040343 0.000000 0.026622 0.986389 -0.162262 12.246100 -0.036496 0.163170 0.985923 0.234600 0.000000 0.000000 0.000000 1.000000
0.997375 0.019725 0.069669 -0.000000 -0.009272 0.989049 -0.147294 12.246100 -0.071812 0.146261 0.986636 0.234600 0.000000 0.000000 0.000000 1.000000
0.994893 0.054099 0.085213 -0.000000 -0.041119 0.988234 -0.147317 12.246100 -0.092180 0.143061 0.985412 0.234600 0.000000 0.000000 0.000000 1.000000
0.995282 0.066572 0.070576 0.000000 -0.053901 0.984262 -0.168292 12.246100 -0.080669 0.163694 0.983207 0.234600 0.000000 0.000000 0.000000 1.000000
0.997077 0.059798 0.047567 0.000000 -0.049346 0.979230 -0.196656 12.246100 -0.058339 0.193734 0.979318 0.234600 0.000000 0.000000 0.000000 1.000000
0.997577 0.064595 0.025829 -0.000000 -0.057206 0.972953 -0.223809 12.246100 -0.039587 0.221789 0.974291 0.234600 0.000000 0.000000 0.000000 1.000000
0.997417 0.071058 0.010485 0.000000 -0.066419 0.968004 -0.241985 12.246100 -0.027345 0.240664 0.970223 0.234600 0.000000 0.000000 0.000000 1.000000
0.997316 0.073205 0.000999 -0.000000 -0.070487 0.963791 -0.257172 12.246100 -0.019789 0.256412 0.966365 0.234600 0.000000 0.000000 0.000000 1.000000
0.997312 0.073107 -0.004855 -0.000000 -0.071683 0.959894 -0.271044 12.246100 -0.015155 0.270663 0.962555 0.234600 0.000000 0.000000 0.000000 1.000000
0.997300 0.073117 -0.006878 0.000000 -0.072150 0.957999 -0.277546 12.246100 -0.013704 0.277293 0.960688 0.234600 0.000000 0.000000 0.000000 1.000000</float_array>
        <technique_common>
          <accessor source="#mixamorig_Spine-Matrix-animation-output-transform-array" count="43" stride="16">
            <param type="float4x4"/>
          </accessor>
        </technique_common>
      </source>
      <source id="mixamorig_Spine-Interpolations">
        <Name_array id="mixamorig_Spine-Interpolations-array" count="43">
 LINEAR LINEAR LINEAR LINEAR LINEAR LINEAR LINEAR LINEAR LINEAR LINEAR LINEAR
LINEAR LINEAR LINEAR LINEAR LINEAR LINEAR LINEAR LINEAR LINEAR LINEAR LINEAR LINEAR
LINEAR LINEAR LINEAR LINEAR LINEAR LINEAR LINEAR LINEAR LINEAR LINEAR LINEAR LINEAR
LINEAR LINEAR LINEAR LINEAR LINEAR LINEAR LINEAR LINEAR</Name_array>
        <technique_common>
          <accessor source="#mixamorig_Spine-Interpolations-array" count="43">
            <param type="name"/>
          </accessor>
        </technique_common>
      </source>
      <sampler id="mixamorig_Spine-Matrix-animation-transform">
        <input semantic="INPUT" source="#mixamorig_Spine-Matrix-animation-input"/>
        <input semantic="OUTPUT" source="#mixamorig_Spine-Matrix-animation-output-transform"/>
        <input semantic="INTERPOLATION" source="#mixamorig_Spine-Interpolations"/>
      </sampler>
      <channel source="#mixamorig_Spine-Matrix-animation-transform" target="mixamorig_Spine/matrix"/>
    </animation>
    <animation id="mixamorig_Spine1-anim" name="mixamorig_Spine1">
      <source id="mixamorig_Spine1-Matrix-animation-input">
        <float_array id="mixamorig_Spine1-Matrix-animation-input-array" count="43">

0.000000 0.033333 0.066667 0.100000 0.133333 0.166667 0.200000 0.233333 0.266667 0.300000 0.333333 0.366667 0.400000 0.433333 0.466667 0.500000
0.533333 0.566667 0.600000 0.633333 0.666667 0.700000 0.733333 0.766667 0.800000 0.833333 0.866667 0.900000 0.933333 0.966667 1.000000 1.033333
1.066667 1.100000 1.133333 1.166667 1.200000 1.233333 1.266667 1.300000 1.333333 1.366667 1.400000</float_array>
        <technique_common>
          <accessor source="#mixamorig_Spine1-Matrix-animation-input-array" count="43">
            <param name="TIME" type="float"/>
          </accessor>
        </technique_common>
      </source>
      <source id="mixamorig_Spine1-Matrix-animation-output-transform">
        <float_array id="mixamorig_Spine1-Matrix-animation-output-transform-array" count="688">

0.998755 0.049056 0.009033 0.000000 -0.047877 0.993601 -0.102294 14.289700 -0.013993 0.101734 0.994713 0.000000 0.000000 0.000000 0.000000 1.000000
0.998862 0.045682 0.013731 0.000000 -0.043942 0.993207 -0.107749 14.289700 -0.018560 0.107023 0.994083 -0.000000 0.000000 0.000000 0.000000 1.000000
0.999024 0.035472 0.026305 0.000000 -0.032152 0.992569 -0.117355 14.289700 -0.030273 0.116395 0.992742 -0.000000 0.000000 0.000000 0.000000 1.000000
0.998833 0.019444 0.044220 -0.000000 -0.013999 0.992643 -0.120266 14.289700 -0.046233 0.119507 0.991756 0.000000 0.000000 0.000000 0.000000 1.000000
0.997928 0.000295 0.064333 0.000000 0.006668 0.994129 -0.107994 14.289700 -0.063987 0.108199 0.992068 0.000000 0.000000 0.000000 0.000000 1.000000
0.996370 -0.017881 0.083231 -0.000000 0.025330 0.995681 -0.089321 14.289700 -0.081275 0.091105 0.992519 0.000000 0.000000 0.000000 0.000000 1.000000
0.994589 -0.033625 0.098299 0.000000 0.040575 0.996751 -0.069583 14.289700 -0.095640 0.073195 0.992721 -0.000000 0.000000 0.000000 0.000000 1.000000
0.993669 -0.045217 0.102851 0.000000 0.051641 0.996821 -0.060674 14.289700 -0.099780 0.065601 0.992845 0.000000 0.000000 0.000000 0.000000 1.000000
0.994874 -0.054369 0.085266 0.000000 0.059803 0.996250 -0.062525 14.289700 -0.081547 0.067304 0.994394 0.000000 0.000000 0.000000 0.000000 1.000000
0.995903 -0.063306 0.064567 -0.000000 0.068246 0.994661 -0.077408 14.289700 -0.059322 0.081498 0.994907 0.000000 0.000000 0.000000 0.000000 1.000000
0.996135 -0.072950 0.048918 0.000000 0.076886 0.993487 -0.084094 14.289700 -0.042465 0.087530 0.995256 0.000000 0.000000 0.000000 0.000000 1.000000
0.995839 -0.084299 0.034618 0.000000 0.086839 0.993010 -0.079935 14.289700 -0.027638 0.082608 0.996199 0.000000 0.000000 0.000000 0.000000 1.000000
0.995152 -0.096155 0.020679 0.000000 0.097521 0.991970 -0.080530 14.289700 -0.012770 0.082156 0.996538 0.000000 0.000000 0.000000 0.000000 1.000000
0.993762 -0.111289 0.007218 0.000000 0.111498 0.990090 -0.085378 14.289700 0.002356 0.085650 0.996322 0.000000 0.000000 0.000000 0.000000 1.000000
0.992195 -0.124502 -0.006962 -0.000000 0.123583 0.989245 -0.078245 14.289700 0.016628 0.076774 0.996910 0.000000 0.000000 0.000000 0.000000 1.000000
0.992854 -0.116606 -0.025390 0.000000 0.115322 0.992204 -0.047237 14.289700 0.030701 0.043972 0.998561 0.000000 0.000000 0.000000 0.000000 1.000000
0.995121 -0.093171 -0.032464 0.000000 0.092049 0.995157 -0.034492 14.289700 0.035520 0.031335 0.998878 0.000000 0.000000 0.000000 0.000000 1.000000
0.997394 -0.059533 -0.040762 0.000000 0.057883 0.997500 -0.040531 14.289700 0.043073 0.038066 0.998346 0.000000 0.000000 0.000000 0.000000 1.000000
0.998791 -0.011719 -0.047739 0.000000 0.010736 0.999726 -0.020798 14.289700 0.047969 0.020260 0.998643 0.000000 0.000000 0.000000 0.000000 1.000000
0.999264 -0.002370 -0.038278 0.000000 0.002274 0.999994 -0.002537 14.289700 0.038284 0.002448 0.999264 0.000000 0.000000 0.000000 0.000000 1.000000
0.999367 -0.013404 -0.032966 0.000000 0.013542 0.999900 0.003972 14.289700 0.032910 -0.004416 0.999449 0.000000 0.000000 0.000000 0.000000 1.000000
0.999040 -0.007389 -0.043183 0.000000 0.007971 0.999880 0.013315 14.289700 0.043079 -0.013646 0.998978 0.000000 0.000000 0.000000 0.000000 1.000000
0.998839 -0.006427 -0.047737 0.000000 0.007136 0.999867 0.014687 14.289700 0.047636 -0.015011 0.998752 0.000000 0.000000 0.000000 0.000000 1.000000
0.998809 -0.016898 -0.045774 0.000000 0.017366 0.999801 0.009843 14.289700 0.045598 -0.010626 0.998903 0.000000 0.000000 0.000000 0.000000 1.000000
0.997863 -0.036158 -0.054426 0.000000 0.035967 0.999343 -0.004483 14.289700 0.054552 0.002516 0.998508 0.000000 0.000000 0.000000 0.000000 1.000000
0.996058 -0.058119 -0.067019 -0.000000 0.056544 0.998083 -0.025160 14.289700 0.068353 0.021271 0.997434 -0.000000 0.000000 0.000000 0.000000 1.000000
0.995306 -0.073366 -0.063111 -0.000000 0.070698 0.996548 -0.043517 14.289700 0.066085 0.038851 0.997057 0.000000 0.000000 0.000000 0.000000 1.000000
0.995668 -0.078977 -0.049075 0.000000 0.076195 0.995509 -0.056187 14.289700 0.053292 0.052204 0.997213 0.000000 0.000000 0.000000 0.000000 1.000000
0.996888 -0.069270 -0.037629 0.000000 0.066876 0.995862 -0.061526 14.289700 0.041735 0.058818 0.997396 0.000000 0.000000 0.000000 0.000000 1.000000
0.998393 -0.046969 -0.031717 -0.000000 0.045070 0.997291 -0.058133 14.289700 0.034361 0.056610 0.997805 0.000000 0.000000 0.000000 0.000000 1.000000
0.999032 -0.036514 -0.024527 0.000000 0.035042 0.997703 -0.057976 14.289700 0.026588 0.057060 0.998017 0.000000 0.000000 0.000000 0.000000 1.000000
0.999402 -0.029794 -0.017522 0.000000 0.028679 0.997741 -0.060752 14.289700 0.019292 0.060213 0.997999 0.000000 0.000000 0.000000 0.000000 1.000000
0.999673 -0.022813 -0.011575 0.000000 0.022060 0.997867 -0.061435 14.289700 0.012952 0.061160 0.998044 -0.000000 0.000000 0.000000 0.000000 1.000000
0.999894 -0.012751 -0.007015 0.000000 0.012262 0.997762 -0.065728 14.289700 0.007838 0.065635 0.997813 0.000000 0.000000 0.000000 0.000000 1.000000
0.999985 0.003182 -0.004466 0.000000 -0.003495 0.997393 -0.072071 14.289700 0.004225 0.072085 0.997390 0.000000 0.000000 0.000000 0.000000 1.000000
0.999780 0.020770 -0.002816 -0.000000 -0.020927 0.996676 -0.078731 14.289700 0.001172 0.078772 0.996892 0.000000 0.000000 0.000000 0.000000 1.000000
0.999409 0.034375 -0.000735 0.000000 -0.034319 0.996048 -0.081920 14.289700 -0.002084 0.081897 0.996639 -0.000000 0.000000 0.000000 0.000000 1.000000
0.998868 0.047557 -0.000412 -0.000000 -0.047415 0.995115 -0.086587 14.289700 -0.003708 0.086508 0.996244 -0.000000 0.000000 0.000000 0.000000 1.000000
0.998626 0.052364 0.002074 0.000000 -0.051971 0.994661 -0.089160 14.289700 -0.006732 0.088930 0.996015 0.000000 0.000000 0.000000 0.000000 1.000000
0.998537 0.053861 0.004786 -0.000000 -0.053197 0.994373 -0.091606 14.289700 -0.009693 0.091217 0.995784 0.000000 0.000000 0.000000 0.000000 1.000000
0.998584 0.052718 0.007180 0.000000 -0.051804 0.994159 -0.094681 14.289700 -0.012129 0.094175 0.995482 0.000000 0.000000 0.000000 0.000000 1.000000
0.998686 0.050636 0.007886 -0.000000 -0.049577 0.993605 -0.101443 14.289700 -0.012972 0.100918 0.994810 0.000000 0.000000 0.000000 0.000000 1.000000
0.998758 0.049007 0.008964 -0.000000 -0.047836 0.993606 -0.102269 14.289700 -0.013919 0.101713 0.994716 -0.000000 0.000000 0.000000 0.000000 1.000000</float_array>
        <technique_common>
          <accessor source="#mixamorig_Spine1-Matrix-animation-output-transform-array" count="43" stride="16">
            <param type="float4x4"/>
          </accessor>
        </technique_common>
      </source>
      <source id="mixamorig_Spine1-Interpolations">
        <Name_array id="mixamorig_Spine1-Interpolations-array" count="43">
 LINEAR LINEAR LINEAR LINEAR LINEAR LINEAR LINEAR LINEAR LINEAR LINEAR LINEAR
LINEAR LINEAR LINEAR LINEAR LINEAR LINEAR LINEAR LINEAR LINEAR LINEAR LINEAR LINEAR
LINEAR LINEAR LINEAR LINEAR LINEAR LINEAR LINEAR LINEAR LINEAR LINEAR LINEAR LINEAR
LINEAR LINEAR LINEAR LINEAR LINEAR LINEAR LINEAR LINEAR</Name_array>
        <technique_common>
          <accessor source="#mixamorig_Spine1-Interpolations-array" count="43">
            <param type="name"/>
          </accessor>
        </technique_common>
      </source>
      <sampler id="mixamorig_Spine1-Matrix-animation-transform">
        <input semantic="INPUT" source="#mixamorig_Spine1-Matrix-animation-input"/>
        <input semantic="OUTPUT" source="#mixamorig_Spine1-Matrix-animation-output-transform"/>
        <input semantic="INTERPOLATION" source="#mixamorig_Spine1-Interpolations"/>
      </sampler>
      <channel source="#mixamorig_Spine1-Matrix-animation-transform" target="mixamorig_Spine1/matrix"/>
    </animation>
    <animation id="mixamorig_Spine2-anim" name="mixamorig_Spine2">
      <source id="mixamorig_Spine2-Matrix-animation-input">
        <float_array id="mixamorig_Spine2-Matrix-animation-input-array" count="43">

0.000000 0.033333 0.066667 0.100000 0.133333 0.166667 0.200000 0.233333 0.266667 0.300000 0.333333 0.366667 0.400000 0.433333 0.466667 0.500000
0.533333 0.566667 0.600000 0.633333 0.666667 0.700000 0.733333 0.766667 0.800000 0.833333 0.866667 0.900000 0.933333 0.966667 1.000000 1.033333
1.066667 1.100000 1.133333 1.166667 1.200000 1.233333 1.266667 1.300000 1.333333 1.366667 1.400000</float_array>
        <technique_common>
          <accessor source="#mixamorig_Spine2-Matrix-animation-input-array" count="43">
            <param name="TIME" type="float"/>
          </accessor>
        </technique_common>
      </source>
      <source id="mixamorig_Spine2-Matrix-animation-output-transform">
        <float_array id="mixamorig_Spine2-Matrix-animation-output-transform-array" count="688">

0.998694 0.050021 0.010368 0.000000 -0.048703 0.993569 -0.102221 16.330999 -0.015414 0.101582 0.994708 0.000000 0.000000 0.000000 0.000000 1.000000
0.998808 0.046474 0.014906 -0.000000 -0.044607 0.993192 -0.107608 16.330999 -0.019805 0.106815 0.994082 -0.000000 0.000000 0.000000 0.000000 1.000000
0.998985 0.035870 0.027248 0.000000 -0.032448 0.992594 -0.117068 16.330999 -0.031245 0.116066 0.992750 0.000000 0.000000 0.000000 0.000000 1.000000
0.998795 0.019396 0.045077 0.000000 -0.013871 0.992700 -0.119813 16.330999 -0.047072 0.119044 0.991773 0.000000 0.000000 0.000000 0.000000 1.000000
0.997876 -0.000173 0.065147 -0.000000 0.007191 0.994178 -0.107509 16.330999 -0.064749 0.107749 0.992067 0.000000 0.000000 0.000000 0.000000 1.000000
0.996301 -0.018709 0.083873 -0.000000 0.026160 0.995721 -0.088635 16.330999 -0.081856 0.090502 0.992527 0.000000 0.000000 0.000000 0.000000 1.000000
0.994501 -0.034655 0.098826 -0.000000 0.041537 0.996789 -0.068454 16.330999 -0.096137 0.072183 0.992747 0.000000 0.000000 0.000000 0.000000 1.000000
0.993522 -0.046293 0.103780 -0.000000 0.052621 0.996864 -0.059096 16.330999 -0.100719 0.064174 0.992843 -0.000000 0.000000 0.000000 0.000000 1.000000
0.994688 -0.055489 0.086694 -0.000000 0.060873 0.996296 -0.060739 16.330999 -0.083002 0.065693 0.994382 0.000000 0.000000 0.000000 0.000000 1.000000
0.995734 -0.063711 0.066741 -0.000000 0.068747 0.994728 -0.076092 16.330999 -0.061542 0.080356 0.994865 0.000000 0.000000 0.000000 0.000000 1.000000
0.996036 -0.072342 0.051767 0.000000 0.076494 0.993584 -0.083306 16.330999 -0.045409 0.086935 0.995179 0.000000 0.000000 0.000000 0.000000 1.000000
0.995812 -0.083193 0.037906 0.000000 0.085993 0.993122 -0.079464 16.330999 -0.031034 0.082391 0.996117 0.000000 0.000000 0.000000 0.000000 1.000000
0.995154 -0.095201 0.024620 0.000000 0.096893 0.992040 -0.080428 16.330999 -0.016767 0.082424 0.996456 -0.000000 0.000000 0.000000 0.000000 1.000000
0.993781 -0.110656 0.012452 0.000000 0.111319 0.990071 -0.085836 16.330999 -0.002830 0.086688 0.996231 0.000000 0.000000 0.000000 0.000000 1.000000
0.992238 -0.124350 -0.001348 0.000000 0.123851 0.989118 -0.079409 16.330999 0.011207 0.078625 0.996841 0.000000 0.000000 0.000000 0.000000 1.000000
0.992908 -0.116733 -0.022531 -0.000000 0.115525 0.992093 -0.049039 16.330999 0.028077 0.046088 0.998543 0.000000 0.000000 0.000000 0.000000 1.000000
0.995237 -0.092070 -0.032036 -0.000000 0.090919 0.995218 -0.035715 16.330999 0.035171 0.032632 0.998848 0.000000 0.000000 0.000000 0.000000 1.000000
0.997468 -0.057974 -0.041185 0.000000 0.056303 0.997587 -0.040626 16.330999 0.043441 0.038204 0.998325 0.000000 0.000000 0.000000 0.000000 1.000000
0.998793 -0.010784 -0.047918 0.000000 0.009815 0.999744 -0.020398 16.330999 0.048126 0.019903 0.998643 -0.000000 0.000000 0.000000 0.000000 1.000000
0.999264 -0.002184 -0.038296 0.000000 0.002088 0.999995 -0.002541 16.330999 0.038301 0.002459 0.999263 0.000000 0.000000 0.000000 0.000000 1.000000
0.999367 -0.013521 -0.032914 0.000000 0.013660 0.999899 0.003987 16.330999 0.032857 -0.004435 0.999450 0.000000 0.000000 0.000000 0.000000 1.000000
0.999040 -0.007625 -0.043139 -0.000000 0.008206 0.999878 0.013303 16.330999 0.043032 -0.013645 0.998980 0.000000 0.000000 0.000000 0.000000 1.000000
0.998839 -0.006805 -0.047697 0.000000 0.007510 0.999865 0.014611 16.330999 0.047591 -0.014952 0.998755 0.000000 0.000000 0.000000 0.000000 1.000000
0.998805 -0.017483 -0.045645 -0.000000 0.017943 0.999792 0.009668 16.330999 0.045466 -0.010476 0.998911 0.000000 0.000000 0.000000 0.000000 1.000000
0.997848 -0.036939 -0.054170 0.000000 0.036722 0.999313 -0.005001 16.330999 0.054317 0.003001 0.998519 0.000000 0.000000 0.000000 0.000000 1.000000
