<?xml version="1.0" encoding="utf-8"?>
<COLLADA xmlns="http://www.collada.org/2005/11/COLLADASchema" version="1.4.1">
  <asset>
    <contributor>
      <author>Mixamo</author>
      <authoring_tool>COLLADA Mixamo exporter</authoring_tool>
      <comments/>
    </contributor>
    <created>2024-05-15T12:39:35Z</created>
    <modified>2024-05-15T12:39:35Z</modified>
    <revision/>
    <title/>
    <unit meter="0.010000"/>
    <up_axis>Y_UP</up_axis>
  </asset>
  <library_animations>
    <animation id="Armature-anim" name="Armature">
      <source id="Armature-Matrix-animation-input">
        <float_array id="Armature-Matrix-animation-input-array" count="83">

0.000000 0.033333 0.066667 0.100000 0.133333 0.166667 0.200000 0.233333 0.266667 0.300000 0.333333 0.366667 0.400000 0.433333 0.466667 0.500000
0.533333 0.566667 0.600000 0.633333 0.666667 0.700000 0.733333 0.766667 0.800000 0.833333 0.866667 0.900000 0.933333 0.966667 1.000000 1.033333
1.066667 1.100000 1.133333 1.166667 1.200000 1.233333 1.266667 1.300000 1.333333 1.366667 1.400000 1.433333 1.466667 1.500000 1.533333 1.566667
1.600000 1.633333 1.666667 1.700000 1.733333 1.766667 1.800000 1.833333 1.866667 1.900000 1.933333 1.966667 2.000000 2.033333 2.066667 2.100000
2.133333 2.166667 2.200000 2.233333 2.266667 2.300000 2.333333 2.366667 2.400000 2.433333 2.466667 2.500000 2.533333 2.566667 2.600000 2.633333
2.666667 2.700000 2.733333</float_array>
        <technique_common>
          <accessor source="#Armature-Matrix-animation-input-array" count="83">
            <param name="TIME" type="float"/>
          </accessor>
        </technique_common>
      </source>
      <source id="Armature-Matrix-animation-output-transform">
        <float_array id="Armature-Matrix-animation-output-transform-array" count="1328">

1.000000 0.000000 0.000000 0.000000 0.000000 1.000000 0.000000 0.000000 0.000000 0.000000 1.000000 0.000000 0.000000 0.000000 0.000000 1.000000
1.000000 0.000000 0.000000 0.000000 0.000000 1.000000 0.000000 0.000000 0.000000 0.000000 1.000000 0.000000 0.000000 0.000000 0.000000 1.000000
1.000000 0.000000 0.000000 0.000000 0.000000 1.000000 0.000000 0.000000 0.000000 0.000000 1.000000 0.000000 0.000000 0.000000 0.000000 1.000000
1.000000 0.000000 0.000000 0.000000 0.000000 1.000000 0.000000 0.000000 0.000000 0.000000 1.000000 0.000000 0.000000 0.000000 0.000000 1.000000
1.000000 0.000000 0.000000 0.000000 0.000000 1.000000 0.000000 0.000000 0.000000 0.000000 1.000000 0.000000 0.000000 0.000000 0.000000 1.000000
1.000000 0.000000 0.000000 0.000000 0.000000 1.000000 0.000000 0.000000 0.000000 0.000000 1.000000 0.000000 0.000000 0.000000 0.000000 1.000000
1.000000 0.000000 0.000000 0.000000 0.000000 1.000000 0.000000 0.000000 0.000000 0.000000 1.000000 0.000000 0.000000 0.000000 0.000000 1.000000
1.000000 0.000000 0.000000 0.000000 0.000000 1.000000 0.000000 0.000000 0.000000 0.000000 1.000000 0.000000 0.000000 0.000000 0.000000 1.000000
1.000000 0.000000 0.000000 0.000000 0.000000 1.000000 0.000000 0.000000 0.000000 0.000000 1.000000 0.000000 0.000000 0.000000 0.000000 1.000000
1.000000 0.000000 0.000000 0.000000 0.000000 1.000000 0.000000 0.000000 0.000000 0.000000 1.000000 0.000000 0.000000 0.000000 0.000000 1.000000
1.000000 0.000000 0.000000 0.000000 0.000000 1.000000 0.000000 0.000000 0.000000 0.000000 1.000000 0.000000 0.000000 0.000000 0.000000 1.000000
1.000000 0.000000 0.000000 0.000000 0.000000 1.000000 0.000000 0.000000 0.000000 0.000000 1.000000 0.000000 0.000000 0.000000 0.000000 1.000000
1.000000 0.000000 0.000000 0.000000 0.000000 1.000000 0.000000 0.000000 0.000000 0.000000 1.000000 0.000000 0.000000 0.000000 0.000000 1.000000
1.000000 0.000000 0.000000 0.000000 0.000000 1.000000 0.000000 0.000000 0.000000 0.000000 1.000000 0.000000 0.000000 0.000000 0.000000 1.000000
1.000000 0.000000 0.000000 0.000000 0.000000 1.000000 0.000000 0.000000 0.000000 0.000000 1.000000 0.000000 0.000000 0.000000 0.000000 1.000000
1.000000 0.000000 0.000000 0.000000 0.000000 1.000000 0.000000 0.000000 0.000000 0.000000 1.000000 0.000000 0.000000 0.000000 0.000000 1.000000
1.000000 0.000000 0.000000 0.000000 0.000000 1.000000 0.000000 0.000000 0.000000 0.000000 1.000000 0.000000 0.000000 0.000000 0.000000 1.000000
1.000000 0.000000 0.000000 0.000000 0.000000 1.000000 0.000000 0.000000 0.000000 0.000000 1.000000 0.000000 0.000000 0.000000 0.000000 1.000000
1.000000 0.000000 0.000000 0.000000 0.000000 1.000000 0.000000 0.000000 0.000000 0.000000 1.000000 0.000000 0.000000 0.000000 0.000000 1.000000
1.000000 0.000000 0.000000 0.000000 0.000000 1.000000 0.000000 0.000000 0.000000 0.000000 1.000000 0.000000 0.000000 0.000000 0.000000 1.000000
1.000000 0.000000 0.000000 0.000000 0.000000 1.000000 0.000000 0.000000 0.000000 0.000000 1.000000 0.000000 0.000000 0.000000 0.000000 1.000000
1.000000 0.000000 0.000000 0.000000 0.000000 1.000000 0.000000 0.000000 0.000000 0.000000 1.000000 0.000000 0.000000 0.000000 0.000000 1.000000
1.000000 0.000000 0.000000 0.000000 0.000000 1.000000 0.000000 0.000000 0.000000 0.000000 1.000000 0.000000 0.000000 0.000000 0.000000 1.000000
1.000000 0.000000 0.000000 0.000000 0.000000 1.000000 0.000000 0.000000 0.000000 0.000000 1.000000 0.000000 0.000000 0.000000 0.000000 1.000000
1.000000 0.000000 0.000000 0.000000 0.000000 1.000000 0.000000 0.000000 0.000000 0.000000 1.000000 0.000000 0.000000 0.000000 0.000000 1.000000
1.000000 0.000000 0.000000 0.000000 0.000000 1.000000 0.000000 0.000000 0.000000 0.000000 1.000000 0.000000 0.000000 0.000000 0.000000 1.000000
1.000000 0.000000 0.000000 0.000000 0.000000 1.000000 0.000000 0.000000 0.000000 0.000000 1.000000 0.000000 0.000000 0.000000 0.000000 1.000000
1.000000 0.000000 0.000000 0.000000 0.000000 1.000000 0.000000 0.000000 0.000000 0.000000 1.000000 0.000000 0.000000 0.000000 0.000000 1.000000
1.000000 0.000000 0.000000 0.000000 0.000000 1.000000 0.000000 0.000000 0.000000 0.000000 1.000000 0.000000 0.000000 0.000000 0.000000 1.000000
1.000000 0.000000 0.000000 0.000000 0.000000 1.000000 0.000000 0.000000 0.000000 0.000000 1.000000 0.000000 0.000000 0.000000 0.000000 1.000000
1.000000 0.000000 0.000000 0.000000 0.000000 1.000000 0.000000 0.000000 0.000000 0.000000 1.000000 0.000000 0.000000 0.000000 0.000000 1.000000
1.000000 0.000000 0.000000 0.000000 0.000000 1.000000 0.000000 0.000000 0.000000 0.000000 1.000000 0.000000 0.000000 0.000000 0.000000 1.000000
1.000000 0.000000 0.000000 0.000000 0.000000 1.000000 0.000000 0.000000 0.000000 0.000000 1.000000 0.000000 0.000000 0.000000 0.000000 1.000000
1.000000 0.000000 0.000000 0.000000 0.000000 1.000000 0.000000 0.000000 0.000000 0.000000 1.000000 0.000000 0.000000 0.000000 0.000000 1.000000
1.000000 0.000000 0.000000 0.000000 0.000000 1.000000 0.000000 0.000000 0.000000 0.000000 1.000000 0.000000 0.000000 0.000000 0.000000 1.000000
1.000000 0.000000 0.000000 0.000000 0.000000 1.000000 0.000000 0.000000 0.000000 0.000000 1.000000 0.000000 0.000000 0.000000 0.000000 1.000000
1.000000 0.000000 0.000000 0.000000 0.000000 1.000000 0.000000 0.000000 0.000000 0.000000 1.000000 0.000000 0.000000 0.000000 0.000000 1.000000
1.000000 0.000000 0.000000 0.000000 0.000000 1.000000 0.000000 0.000000 0.000000 0.000000 1.000000 0.000000 0.000000 0.000000 0.000000 1.000000
1.000000 0.000000 0.000000 0.000000 0.000000 1.000000 0.000000 0.000000 0.000000 0.000000 1.000000 0.000000 0.000000 0.000000 0.000000 1.000000
1.000000 0.000000 0.000000 0.000000 0.000000 1.000000 0.000000 0.000000 0.000000 0.000000 1.000000 0.000000 0.000000 0.000000 0.000000 1.000000
1.000000 0.000000 0.000000 0.000000 0.000000 1.000000 0.000000 0.000000 0.000000 0.000000 1.000000 0.000000 0.000000 0.000000 0.000000 1.000000
1.000000 0.000000 0.000000 0.000000 0.000000 1.000000 0.000000 0.000000 0.000000 0.000000 1.000000 0.000000 0.000000 0.000000 0.000000 1.000000
1.000000 0.000000 0.000000 0.000000 0.000000 1.000000 0.000000 0.000000 0.000000 0.000000 1.000000 0.000000 0.000000 0.000000 0.000000 1.000000
1.000000 0.000000 0.000000 0.000000 0.000000 1.000000 0.000000 0.000000 0.000000 0.000000 1.000000 0.000000 0.000000 0.000000 0.000000 1.000000
1.000000 0.000000 0.000000 0.000000 0.000000 1.000000 0.000000 0.000000 0.000000 0.000000 1.000000 0.000000 0.000000 0.000000 0.000000 1.000000
1.000000 0.000000 0.000000 0.000000 0.000000 1.000000 0.000000 0.000000 0.000000 0.000000 1.000000 0.000000 0.000000 0.000000 0.000000 1.000000
1.000000 0.000000 0.000000 0.000000 0.000000 1.000000 0.000000 0.000000 0.000000 0.000000 1.000000 0.000000 0.000000 0.000000 0.000000 1.000000
1.000000 0.000000 0.000000 0.000000 0.000000 1.000000 0.000000 0.000000 0.000000 0.000000 1.000000 0.000000 0.000000 0.000000 0.000000 1.000000
1.000000 0.000000 0.000000 0.000000 0.000000 1.000000 0.000000 0.000000 0.000000 0.000000 1.000000 0.000000 0.000000 0.000000 0.000000 1.000000
1.000000 0.000000 0.000000 0.000000 0.000000 1.000000 0.000000 0.000000 0.000000 0.000000 1.000000 0.000000 0.000000 0.000000 0.000000 1.000000
1.000000 0.000000 0.000000 0.000000 0.000000 1.000000 0.000000 0.000000 0.000000 0.000000 1.000000 0.000000 0.000000 0.000000 0.000000 1.000000
1.000000 0.000000 0.000000 0.000000 0.000000 1.000000 0.000000 0.000000 0.000000 0.000000 1.000000 0.000000 0.000000 0.000000 0.000000 1.000000
1.000000 0.000000 0.000000 0.000000 0.000000 1.000000 0.000000 0.000000 0.000000 0.000000 1.000000 0.000000 0.000000 0.000000 0.000000 1.000000
1.000000 0.000000 0.000000 0.000000 0.000000 1.000000 0.000000 0.000000 0.000000 0.000000 1.000000 0.000000 0.000000 0.000000 0.000000 1.000000
1.000000 0.000000 0.000000 0.000000 0.000000 1.000000 0.000000 0.000000 0.000000 0.000000 1.000000 0.000000 0.000000 0.000000 0.000000 1.000000
1.000000 0.000000 0.000000 0.000000 0.000000 1.000000 0.000000 0.000000 0.000000 0.000000 1.000000 0.000000 0.000000 0.000000 0.000000 1.000000
1.000000 0.000000 0.000000 0.000000 0.000000 1.000000 0.000000 0.000000 0.000000 0.000000 1.000000 0.000000 0.000000 0.000000 0.000000 1.000000
1.000000 0.000000 0.000000 0.000000 0.000000 1.000000 0.000000 0.000000 0.000000 0.000000 1.000000 0.000000 0.000000 0.000000 0.000000 1.000000
1.000000 0.000000 0.000000 0.000000 0.000000 1.000000 0.000000 0.000000 0.000000 0.000000 1.000000 0.000000 0.000000 0.000000 0.000000 1.000000
1.000000 0.000000 0.000000 0.000000 0.000000 1.000000 0.000000 0.000000 0.000000 0.000000 1.000000 0.000000 0.000000 0.000000 0.000000 1.000000
1.000000 0.000000 0.000000 0.000000 0.000000 1.000000 0.000000 0.000000 0.000000 0.000000 1.000000 0.000000 0.000000 0.000000 0.000000 1.000000
1.000000 0.000000 0.000000 0.000000 0.000000 1.000000 0.000000 0.000000 0.000000 0.000000 1.000000 0.000000 0.000000 0.000000 0.000000 1.000000
1.000000 0.000000 0.000000 0.000000 0.000000 1.000000 0.000000 0.000000 0.000000 0.000000 1.000000 0.000000 0.000000 0.000000 0.000000 1.000000
1.000000 0.000000 0.000000 0.000000 0.000000 1.000000 0.000000 0.000000 0.000000 0.000000 1.000000 0.000000 0.000000 0.000000 0.000000 1.000000
1.000000 0.000000 0.000000 0.000000 0.000000 1.000000 0.000000 0.000000 0.000000 0.000000 1.000000 0.000000 0.000000 0.000000 0.000000 1.000000
1.000000 0.000000 0.000000 0.000000 0.000000 1.000000 0.000000 0.000000 0.000000 0.000000 1.000000 0.000000 0.000000 0.000000 0.000000 1.000000
1.000000 0.000000 0.000000 0.000000 0.000000 1.000000 0.000000 0.000000 0.000000 0.000000 1.000000 0.000000 0.000000 0.000000 0.000000 1.000000
1.000000 0.000000 0.000000 0.000000 0.000000 1.000000 0.000000 0.000000 0.000000 0.000000 1.000000 0.000000 0.000000 0.000000 0.000000 1.000000
1.000000 0.000000 0.000000 0.000000 0.000000 1.000000 0.000000 0.000000 0.000000 0.000000 1.000000 0.000000 0.000000 0.000000 0.000000 1.000000
1.000000 0.000000 0.000000 0.000000 0.000000 1.000000 0.000000 0.000000 0.000000 0.000000 1.000000 0.000000 0.000000 0.000000 0.000000 1.000000
1.000000 0.000000 0.000000 0.000000 0.000000 1.000000 0.000000 0.000000 0.000000 0.000000 1.000000 0.000000 0.000000 0.000000 0.000000 1.000000
1.000000 0.000000 0.000000 0.000000 0.000000 1.000000 0.000000 0.000000 0.000000 0.000000 1.000000 0.000000 0.000000 0.000000 0.000000 1.000000
1.000000 0.000000 0.000000 0.000000 0.000000 1.000000 0.000000 0.000000 0.000000 0.000000 1.000000 0.000000 0.000000 0.000000 0.000000 1.000000
1.000000 0.000000 0.000000 0.000000 0.000000 1.000000 0.000000 0.000000 0.000000 0.000000 1.000000 0.000000 0.000000 0.000000 0.000000 1.000000
1.000000 0.000000 0.000000 0.000000 0.000000 1.000000 0.000000 0.000000 0.000000 0.000000 1.000000 0.000000 0.000000 0.000000 0.000000 1.000000
1.000000 0.000000 0.000000 0.000000 0.000000 1.000000 0.000000 0.000000 0.000000 0.000000 1.000000 0.000000 0.000000 0.000000 0.000000 1.000000
1.000000 0.000000 0.000000 0.000000 0.000000 1.000000 0.000000 0.000000 0.000000 0.000000 1.000000 0.000000 0.000000 0.000000 0.000000 1.000000
1.000000 0.000000 0.000000 0.000000 0.000000 1.000000 0.000000 0.000000 0.000000 0.000000 1.000000 0.000000 0.000000 0.000000 0.000000 1.000000
1.000000 0.000000 0.000000 0.000000 0.000000 1.000000 0.000000 0.000000 0.000000 0.000000 1.000000 0.000000 0.000000 0.000000 0.000000 1.000000
1.000000 0.000000 0.000000 0.000000 0.000000 1.000000 0.000000 0.000000 0.000000 0.000000 1.000000 0.000000 0.000000 0.000000 0.000000 1.000000
1.000000 0.000000 0.000000 0.000000 0.000000 1.000000 0.000000 0.000000 0.000000 0.000000 1.000000 0.000000 0.000000 0.000000 0.000000 1.000000
1.000000 0.000000 0.000000 0.000000 0.000000 1.000000 0.000000 0.000000 0.000000 0.000000 1.000000 0.000000 0.000000 0.000000 0.000000 1.000000
1.000000 0.000000 0.000000 0.000000 0.000000 1.000000 0.000000 0.000000 0.000000 0.000000 1.000000 0.000000 0.000000 0.000000 0.000000 1.000000</float_array>
        <technique_common>
          <accessor source="#Armature-Matrix-animation-output-transform-array" count="83" stride="16">
            <param type="float4x4"/>
          </accessor>
        </technique_common>
      </source>
      <source id="Armature-Interpolations">
        <Name_array id="Armature-Interpolations-array" count="83">
 LINEAR LINEAR LINEAR LINEAR LINEAR LINEAR LINEAR LINEAR LINEAR LINEAR LINEAR
LINEAR LINEAR LINEAR LINEAR LINEAR LINEAR LINEAR LINEAR LINEAR LINEAR LINEAR LINEAR
LINEAR LINEAR LINEAR LINEAR LINEAR LINEAR LINEAR LINEAR LINEAR LINEAR LINEAR LINEAR
LINEAR LINEAR LINEAR LINEAR LINEAR LINEAR LINEAR LINEAR LINEAR LINEAR LINEAR LINEAR
LINEAR LINEAR LINEAR LINEAR LINEAR LINEAR LINEAR LINEAR LINEAR LINEAR LINEAR LINEAR
LINEAR LINEAR LINEAR LINEAR LINEAR LINEAR LINEAR LINEAR LINEAR LINEAR LINEAR LINEAR
LINEAR LINEAR LINEAR LINEAR LINEAR LINEAR LINEAR LINEAR LINEAR LINEAR LINEAR LINEAR</Name_array>
        <technique_common>
          <accessor source="#Armature-Interpolations-array" count="83">
            <param type="name"/>
          </accessor>
        </technique_common>
      </source>
      <sampler id="Armature-Matrix-animation-transform">
        <input semantic="INPUT" source="#Armature-Matrix-animation-input"/>
        <input semantic="OUTPUT" source="#Armature-Matrix-animation-output-transform"/>
        <input semantic="INTERPOLATION" source="#Armature-Interpolations"/>
      </sampler>
      <channel source="#Armature-Matrix-animation-transform" target="Armature/matrix"/>
    </animation>
    <animation id="mixamorig_Hips-anim" name="mixamorig_Hips">
      <source id="mixamorig_Hips-Matrix-animation-input">
        <float_array id="mixamorig_Hips-Matrix-animation-input-array" count="83">

0.000000 0.033333 0.066667 0.100000 0.133333 0.166667 0.200000 0.233333 0.266667 0.300000 0.333333 0.366667 0.400000 0.433333 0.466667 0.500000
0.533333 0.566667 0.600000 0.633333 0.666667 0.700000 0.733333 0.766667 0.800000 0.833333 0.866667 0.900000 0.933333 0.966667 1.000000 1.033333
1.066667 1.100000 1.133333 1.166667 1.200000 1.233333 1.266667 1.300000 1.333333 1.366667 1.400000 1.433333 1.466667 1.500000 1.533333 1.566667
1.600000 1.633333 1.666667 1.700000 1.733333 1.766667 1.800000 1.833333 1.866667 1.900000 1.933333 1.966667 2.000000 2.033333 2.066667 2.100000
2.133333 2.166667 2.200000 2.233333 2.266667 2.300000 2.333333 2.366667 2.400000 2.433333 2.466667 2.500000 2.533333 2.566667 2.600000 2.633333
2.666667 2.700000 2.733333</float_array>
        <technique_common>
          <accessor source="#mixamorig_Hips-Matrix-animation-input-array" count="83">
            <param name="TIME" type="float"/>
          </accessor>
        </technique_common>
      </source>
      <source id="mixamorig_Hips-Matrix-animation-output-transform">
        <float_array id="mixamorig_Hips-Matrix-animation-output-transform-array" count="1328">

0.637500 -0.125836 -0.760105 1.522780 0.038645 0.990553 -0.131575 88.013931 0.769481 0.054505 0.636340 -0.966141 0.000000 0.000000 0.000000 1.000000
0.648895 -0.133806 -0.749020 1.126269 0.048489 0.989687 -0.134792 87.644958 0.759331 0.051146 0.648691 -1.606729 0.000000 0.000000 0.000000 1.000000
0.649745 -0.144088 -0.746371 0.794942 0.057956 0.988403 -0.140359 87.345360 0.757940 0.047941 0.650561 -2.247585 0.000000 0.000000 0.000000 1.000000
0.641829 -0.156136 -0.750785 0.527335 0.066976 0.986725 -0.147946 87.110107 0.763918 0.044671 0.643766 -2.884558 0.000000 0.000000 0.000000 1.000000
0.626712 -0.169396 -0.760616 0.319705 0.075412 0.984689 -0.157163 86.925430 0.775593 0.041137 0.629891 -3.516264 0.000000 0.000000 0.000000 1.000000
0.605894 -0.183345 -0.774130 0.170606 0.083173 0.982347 -0.167562 86.791023 0.791186 0.037138 0.610447 -4.135207 0.000000 0.000000 0.000000 1.000000
0.580945 -0.197460 -0.789628 0.078746 0.090190 0.979770 -0.178654 86.704880 0.808931 0.032571 0.587001 -4.733017 0.000000 0.000000 0.000000 1.000000
0.553603 -0.211221 -0.805549 0.042141 0.096455 0.977053 -0.189904 86.661087 0.827176 0.027432 0.561273 -5.302752 0.000000 0.000000 0.000000 1.000000
0.525794 -0.224101 -0.820560 0.059333 0.101989 0.974321 -0.200742 86.654060 0.844475 0.021860 0.535148 -5.836761 0.000000 0.000000 0.000000 1.000000
0.499589 -0.235675 -0.833588 0.128373 0.106924 0.971698 -0.210640 86.679771 0.859638 0.016103 0.510649 -6.327682 0.000000 0.000000 0.000000 1.000000
0.477164 -0.245577 -0.843805 0.247040 0.111559 0.969321 -0.219022 86.735962 0.871705 0.010375 0.489922 -6.769650 0.000000 0.000000 0.000000 1.000000
0.460768 -0.253405 -0.850575 0.413696 0.116225 0.967348 -0.225234 86.824608 0.879877 0.004923 0.475175 -7.156766 0.000000 0.000000 0.000000 1.000000
0.456324 -0.256600 -0.852012 0.638438 0.120502 0.966517 -0.226547 86.955055 0.881617 0.000709 0.471965 -7.485022 0.000000 0.000000 0.000000 1.000000
0.460421 -0.249938 -0.851788 0.961161 0.120491 0.968260 -0.218984 87.117065 0.879485 -0.001808 0.475923 -7.735236 0.000000 0.000000 0.000000 1.000000
0.470581 -0.238693 -0.849458 1.344334 0.116142 0.971095 -0.208532 87.167564 0.874679 -0.000527 0.484702 -7.874878 0.000000 0.000000 0.000000 1.000000
0.493278 -0.225611 -0.840105 1.759623 0.105798 0.974171 -0.199494 87.208565 0.863414 0.009524 0.504406 -7.872590 0.000000 0.000000 0.000000 1.000000
0.528456 -0.219342 -0.820136 2.242253 0.099216 0.975384 -0.196932 87.289497 0.843143 0.022700 0.537210 -7.755364 0.000000 0.000000 0.000000 1.000000
0.562523 -0.218514 -0.797383 2.669510 0.104845 0.975509 -0.193363 87.345352 0.820107 0.025170 0.571657 -7.579532 0.000000 0.000000 0.000000 1.000000
0.601726 -0.219333 -0.767997 3.166870 0.107663 0.975053 -0.194112 87.289055 0.791413 0.034117 0.610329 -7.231687 0.000000 0.000000 0.000000 1.000000
0.652102 -0.229887 -0.722437 3.781636 0.109964 0.971521 -0.209890 87.118866 0.750114 0.057428 0.658811 -6.656333 0.000000 0.000000 0.000000 1.000000
0.699900 -0.252633 -0.668069 5.206460 0.118736 0.963495 -0.239957 86.628120 0.704302 0.088623 0.704347 -5.593680 0.000000 0.000000 0.000000 1.000000
0.743640 -0.279169 -0.607507 7.130480 0.130712 0.951824 -0.277391 86.080833 0.655678 0.126870 0.744305 -4.074332 0.000000 0.000000 0.000000 1.000000
0.819403 -0.247082 -0.517233 7.102084 0.122629 0.957001 -0.262890 85.493904 0.559948 0.151986 0.814469 -2.716101 0.000000 0.000000 0.000000 1.000000
0.897077 -0.198913 -0.394571 6.887775 0.113110 0.966569 -0.230109 85.374947 0.427152 0.161796 0.889586 -1.295272 0.000000 0.000000 0.000000 1.000000
0.946634 -0.145698 -0.287499 6.511295 0.098950 0.980292 -0.170985 85.648071 0.306745 0.133412 0.942395 0.114278 0.000000 0.000000 0.000000 1.000000
0.984683 -0.112651 -0.133077 6.712514 0.100652 0.990499 -0.093708 85.917961 0.142369 0.078878 0.986666 1.400865 0.000000 0.000000 0.000000 1.000000
0.992301 -0.119332 0.033139 6.751684 0.118590 0.992665 0.023519 86.225006 -0.035703 -0.019408 0.999174 2.275708 0.000000 0.000000 0.000000 1.000000
0.977328 -0.154880 0.144366 6.213295 0.135119 0.981184 0.137914 86.268784 -0.163009 -0.115281 0.979866 2.374210 0.000000 0.000000 0.000000 1.000000
0.965882 -0.192447 0.173311 5.048356 0.153800 0.964647 0.214015 86.024254 -0.208370 -0.180058 0.961333 1.760927 0.000000 0.000000 0.000000 1.000000
0.966440 -0.218981 0.134318 3.190802 0.183902 0.954818 0.233458 85.372932 -0.179372 -0.200921 0.963045 1.374211 0.000000 0.000000 0.000000 1.000000
0.966548 -0.246706 0.070156 1.051185 0.226677 0.949621 0.216418 84.442688 -0.120014 -0.193276 0.973777 1.635331 0.000000 0.000000 0.000000 1.000000
0.966772 -0.249918 0.053792 -1.543892 0.236287 0.953887 0.185117 83.299812 -0.097575 -0.166256 0.981243 3.426632 0.000000 0.000000 0.000000 1.000000
0.965257 -0.245837 0.088556 -3.615562 0.231138 0.961375 0.149443 82.047981 -0.121874 -0.123783 0.984797 5.294548 0.000000 0.000000 0.000000 1.000000
0.962932 -0.242512 0.118108 -4.750705 0.230699 0.967311 0.105300 81.021263 -0.139784 -0.074149 0.987402 6.819778 0.000000 0.000000 0.000000 1.000000
0.959541 -0.230363 0.161907 -5.649995 0.221909 0.972641 0.068739 80.270317 -0.173312 -0.030030 0.984409 7.887719 0.000000 0.000000 0.000000 1.000000
0.953690 -0.208434 0.216865 -6.285076 0.205348 0.977992 0.036928 79.748177 -0.219789 0.009315 0.975503 8.770905 0.000000 0.000000 0.000000 1.000000
0.950539 -0.181206 0.252269 -6.445649 0.187867 0.982192 -0.002360 79.489151 -0.247349 0.049636 0.967654 9.320434 0.000000 0.000000 0.000000 1.000000
0.949561 -0.157562 0.271125 -6.392961 0.173855 0.984076 -0.037007 79.355812 -0.260976 0.082277 0.961833 9.352486 0.000000 0.000000 0.000000 1.000000
0.952443 -0.140655 0.270310 -6.282693 0.161800 0.985148 -0.057487 79.449066 -0.258210 0.098489 0.961055 8.972795 0.000000 0.000000 0.000000 1.000000
0.958475 -0.131951 0.252812 -6.169641 0.153176 0.985985 -0.066109 79.801422 -0.240546 0.102089 0.965254 8.566068 0.000000 0.000000 0.000000 1.000000
0.965752 -0.131072 0.223928 -6.052423 0.149218 0.986595 -0.066061 80.352982 -0.212268 0.097212 0.972364 8.040697 0.000000 0.000000 0.000000 1.000000
0.976272 -0.129344 0.173674 -5.869604 0.140336 0.988710 -0.052526 80.974350 -0.164920 0.075653 0.983401 6.949678 0.000000 0.000000 0.000000 1.000000
0.988668 -0.123730 0.085003 -5.155457 0.126097 0.991750 -0.023040 81.558182 -0.081451 0.033498 0.996114 5.389771 0.000000 0.000000 0.000000 1.000000
0.993779 -0.110027 -0.017267 -4.128961 0.110420 0.993601 0.023764 82.061142 0.014541 -0.025523 0.999568 3.587523 0.000000 0.000000 0.000000 1.000000
0.985513 -0.080618 -0.149217 -2.616461 0.093084 0.992557 0.078523 82.810364 0.141776 -0.091275 0.985682 1.633070 0.000000 0.000000 0.000000 1.000000
0.943681 -0.045321 -0.327737 -0.584952 0.083473 0.991142 0.103290 83.760033 0.320153 -0.124830 0.939106 -0.191356 0.000000 0.000000 0.000000 1.000000
0.814744 0.000694 -0.579820 1.807339 0.097739 0.985525 0.138519 84.995506 0.571523 -0.169529 0.802883 -0.863242 0.000000 0.000000 0.000000 1.000000
0.610812 0.039327 -0.790798 4.597253 0.114059 0.983978 0.137033 86.264938 0.783517 -0.173899 0.596540 -0.513556 0.000000 0.000000 0.000000 1.000000
0.363771 0.067529 -0.929037 6.751522 0.117184 0.986127 0.117563 87.039719 0.924088 -0.151635 0.350811 0.542423 0.000000 0.000000 0.000000 1.000000
0.117873 0.076218 -0.990099 7.918822 0.104243 0.990592 0.088666 86.998192 0.987542 -0.113662 0.108818 1.709072 0.000000 0.000000 0.000000 1.000000
-0.007124 0.104394 -0.994511 8.880789 0.082852 0.991178 0.103451 85.940430 0.996536 -0.081660 -0.015710 2.242062 0.000000 0.000000 0.000000 1.000000
0.009474 0.127743 -0.991762 10.138863 0.057186 0.990114 0.128077 84.342186 0.998319 -0.057929 0.002075 2.533512 0.000000 0.000000 0.000000 1.000000
0.088015 0.066738 -0.993881 10.991710 -0.025528 0.997577 0.064726 83.202339 0.995792 0.019675 0.089506 2.966634 0.000000 0.000000 0.000000 1.000000
0.157845 -0.081714 -0.984077 11.012103 -0.088740 0.991364 -0.096553 82.251518 0.983468 0.102567 0.149230 2.565637 0.000000 0.000000 0.000000 1.000000
0.196231 -0.196464 -0.960674 9.664261 -0.060538 0.975426 -0.211847 81.803177 0.978687 0.099728 0.179515 1.509349 0.000000 0.000000 0.000000 1.000000
0.206835 -0.259917 -0.943219 7.810860 0.013498 0.964733 -0.262886 81.293762 0.978283 0.041642 0.203049 -0.269221 0.000000 0.000000 0.000000 1.000000
0.223157 -0.323161 -0.919657 6.656135 0.050658 0.946018 -0.320132 80.738831 0.973465 0.024851 0.227481 -1.494923 0.000000 0.000000 0.000000 1.000000
0.218428 -0.317467 -0.922770 6.317499 0.051733 0.948040 -0.313916 80.226280 0.974481 0.020830 0.223502 -2.725106 0.000000 0.000000 0.000000 1.000000
0.191778 -0.305150 -0.932794 6.582026 0.032187 0.951880 -0.304776 79.880013 0.980910 0.028426 0.192371 -3.508425 0.000000 0.000000 0.000000 1.000000
0.160952 -0.305961 -0.938340 6.974935 0.004841 0.950969 -0.309248 79.939323 0.986950 0.045232 0.154542 -4.086447 0.000000 0.000000 0.000000 1.000000
0.121938 -0.305493 -0.944354 7.149345 -0.010620 0.950998 -0.309013 80.172752 0.992481 0.047710 0.112718 -4.436504 0.000000 0.000000 0.000000 1.000000
0.077458 -0.295004 -0.952351 7.182693 -0.033083 0.953934 -0.298185 80.562988 0.996447 0.054604 0.064130 -4.204962 0.000000 0.000000 0.000000 1.000000
0.046395 -0.280422 -0.958755 7.115973 -0.041455 0.958421 -0.282330 81.038338 0.998063 0.052843 0.032841 -3.616492 0.000000 0.000000 0.000000 1.000000
0.025815 -0.263559 -0.964298 6.926645 -0.040523 0.963551 -0.264439 81.537506 0.998845 0.045903 0.014194 -2.967256 0.000000 0.000000 0.000000 1.000000
0.022788 -0.244062 -0.969492 6.722364 -0.037684 0.968845 -0.244785 82.054771 0.999030 0.042113 0.012881 -2.245578 0.000000 0.000000 0.000000 1.000000
0.033162 -0.225536 -0.973670 6.590082 -0.034207 0.973379 -0.226634 82.609413 0.998864 0.040822 0.024564 -1.434311 0.000000 0.000000 0.000000 1.000000
0.052265 -0.208879 -0.976544 6.544757 -0.030777 0.977079 -0.210641 83.179314 0.998159 0.041064 0.044639 -0.686268 0.000000 0.000000 0.000000 1.000000
0.078576 -0.193618 -0.977925 6.575630 -0.023710 0.980318 -0.195997 83.799316 0.996626 0.038587 0.072439 0.021764 0.000000 0.000000 0.000000 1.000000
0.113417 -0.179494 -0.977199 6.628880 -0.013857 0.983164 -0.182198 84.416367 0.993451 0.034206 0.109020 0.659587 0.000000 0.000000 0.000000 1.000000
0.152428 -0.164402 -0.974545 6.669000 -0.003223 0.985980 -0.166835 84.982094 0.988309 0.028571 0.149761 1.213131 0.000000 0.000000 0.000000 1.000000
0.199195 -0.151848 -0.968124 6.625385 0.004264 0.988047 -0.154096 85.512733 0.979951 0.026567 0.197462 1.602767 0.000000 0.000000 0.000000 1.000000
0.255823 -0.137066 -0.956957 6.526421 0.009132 0.990196 -0.139385 86.027542 0.966680 0.026919 0.254567 1.814311 0.000000 0.000000 0.000000 1.000000
0.317427 -0.128040 -0.939599 6.362124 0.014731 0.991389 -0.130120 86.536926 0.948168 0.027463 0.316580 1.881723 0.000000 0.000000 0.000000 1.000000
0.376195 -0.120420 -0.918682 6.128538 0.017628 0.992269 -0.122848 87.092171 0.926373 0.030020 0.375409 1.921349 0.000000 0.000000 0.000000 1.000000
0.427728 -0.111989 -0.896943 5.856780 0.016221 0.993087 -0.116258 87.603600 0.903762 0.035177 0.426588 1.912653 0.000000 0.000000 0.000000 1.000000
0.471585 -0.106936 -0.875312 5.500356 0.017384 0.993554 -0.112016 88.034584 0.881649 0.037609 0.470405 1.857987 0.000000 0.000000 0.000000 1.000000
0.509026 -0.104172 -0.854425 5.018619 0.018931 0.993764 -0.109881 88.398499 0.860543 0.039757 0.507824 1.830667 0.000000 0.000000 0.000000 1.000000
0.540719 -0.104784 -0.834651 4.372498 0.021653 0.993616 -0.110714 88.642021 0.840924 0.041793 0.539536 1.730403 0.000000 0.000000 0.000000 1.000000
0.567486 -0.106588 -0.816455 3.771994 0.024468 0.993331 -0.112672 88.794601 0.823020 0.043963 0.566309 1.436129 0.000000 0.000000 0.000000 1.000000
0.589950 -0.109926 -0.799922 3.291459 0.027689 0.992861 -0.116019 88.817688 0.806965 0.046296 0.588782 0.986765 0.000000 0.000000 0.000000 1.000000
0.608736 -0.114471 -0.785071 2.738487 0.031212 0.992226 -0.120475 88.692558 0.792759 0.048834 0.607576 0.427381 0.000000 0.000000 0.000000 1.000000
0.624411 -0.119887 -0.771841 2.082269 0.034913 0.991447 -0.125753 88.422539 0.780316 0.051574 0.623256 -0.189538 0.000000 0.000000 0.000000 1.000000
0.637500 -0.125836 -0.760105 1.522776 0.038645 0.990553 -0.131576 88.013931 0.769481 0.054505 0.636340 -0.966140 0.000000 0.000000 0.000000 1.000000</float_array>
        <technique_common>
          <accessor source="#mixamorig_Hips-Matrix-animation-output-transform-array" count="83" stride="16">
            <param type="float4x4"/>
          </accessor>
        </technique_common>
      </source>
      <source id="mixamorig_Hips-Interpolations">
        <Name_array id="mixamorig_Hips-Interpolations-array" count="83">
 LINEAR LINEAR LINEAR LINEAR LINEAR LINEAR LINEAR LINEAR LINEAR LINEAR LINEAR
LINEAR LINEAR LINEAR LINEAR LINEAR LINEAR LINEAR LINEAR LINEAR LINEAR LINEAR LINEAR
LINEAR LINEAR LINEAR LINEAR LINEAR LINEAR LINEAR LINEAR LINEAR LINEAR LINEAR LINEAR
LINEAR LINEAR LINEAR LINEAR LINEAR LINEAR LINEAR LINEAR LINEAR LINEAR LINEAR LINEAR
LINEAR LINEAR LINEAR LINEAR LINEAR LINEAR LINEAR LINEAR LINEAR LINEAR LINEAR LINEAR
LINEAR LINEAR LINEAR LINEAR LINEAR LINEAR LINEAR LINEAR LINEAR LINEAR LINEAR LINEAR
LINEAR LINEAR LINEAR LINEAR LINEAR LINEAR LINEAR LINEAR LINEAR LINEAR LINEAR LINEAR</Name_array>
        <technique_common>
          <accessor source="#mixamorig_Hips-Interpolations-array" count="83">
            <param type="name"/>
          </accessor>
        </technique_common>
      </source>
      <sampler id="mixamorig_Hips-Matrix-animation-transform">
        <input semantic="INPUT" source="#mixamorig_Hips-Matrix-animation-input"/>
        <input semantic="OUTPUT" source="#mixamorig_Hips-Matrix-animation-output-transform"/>
        <input semantic="INTERPOLATION" source="#mixamorig_Hips-Interpolations"/>
      </sampler>
      <channel source="#mixamorig_Hips-Matrix-animation-transform" target="mixamorig_Hips/matrix"/>
    </animation>
    <animation id="mixamorig_Spine-anim" name="mixamorig_Spine">
      <source id="mixamorig_Spine-Matrix-animation-input">
        <float_array id="mixamorig_Spine-Matrix-animation-input-array" count="83">

0.000000 0.033333 0.066667 0.100000 0.133333 0.166667 0.200000 0.233333 0.266667 0.300000 0.333333 0.366667 0.400000 0.433333 0.466667 0.500000
0.533333 0.566667 0.600000 0.633333 0.666667 0.700000 0.733333 0.766667 0.800000 0.833333 0.866667 0.900000 0.933333 0.966667 1.000000 1.033333
1.066667 1.100000 1.133333 1.166667 1.200000 1.233333 1.266667 1.300000 1.333333 1.366667 1.400000 1.433333 1.466667 1.500000 1.533333 1.566667
1.600000 1.633333 1.666667 1.700000 1.733333 1.766667 1.800000 1.833333 1.866667 1.900000 1.933333 1.966667 2.000000 2.033333 2.066667 2.100000
2.133333 2.166667 2.200000 2.233333 2.266667 2.300000 2.333333 2.366667 2.400000 2.433333 2.466667 2.500000 2.533333 2.566667 2.600000 2.633333
2.666667 2.700000 2.733333</float_array>
        <technique_common>
          <accessor source="#mixamorig_Spine-Matrix-animation-input-array" count="83">
            <param name="TIME" type="float"/>
          </accessor>
        </technique_common>
      </source>
      <source id="mixamorig_Spine-Matrix-animation-output-transform">
        <float_array id="mixamorig_Spine-Matrix-animation-output-transform-array" count="1328">

0.998201 0.034667 0.048913 0.000000 -0.023718 0.977654 -0.208877 12.246100 -0.055061 0.207341 0.976718 0.234600 0.000000 0.000000 0.000000 1.000000
0.998134 0.034924 0.050081 0.000000 -0.023804 0.977936 -0.207543 12.246100 -0.056224 0.205964 0.976943 0.234600 0.000000 0.000000 0.000000 1.000000
0.998078 0.035240 0.050973 0.000000 -0.023987 0.978140 -0.206561 12.246100 -0.057138 0.204942 0.977105 0.234600 0.000000 0.000000 0.000000 1.000000
0.998012 0.035887 0.051799 -0.000000 -0.024464 0.978174 -0.206342 12.246100 -0.058074 0.204665 0.977108 0.234600 0.000000 0.000000 0.000000 1.000000
0.997913 0.036910 0.052990 0.000000 -0.025201 0.978079 -0.206705 12.246100 -0.059458 0.204938 0.976967 0.234600 0.000000 0.000000 0.000000 1.000000
0.997828 0.037523 0.054137 -0.000000 -0.025575 0.978103 -0.206546 12.246100 -0.060702 0.204713 0.976938 0.234600 0.000000 0.000000 0.000000 1.000000
0.997770 0.038279 0.054679 -0.000000 -0.026234 0.978186 -0.206070 12.246100 -0.061374 0.204176 0.977008 0.234600 0.000000 0.000000 0.000000 1.000000
0.997775 0.039026 0.054051 0.000000 -0.027100 0.978174 -0.206011 12.246100 -0.060911 0.204088 0.977056 0.234600 0.000000 0.000000 0.000000 1.000000
0.997858 0.039219 0.052355 0.000000 -0.027735 0.978501 -0.204368 12.246100 -0.059245 0.202479 0.977493 0.234600 0.000000 0.000000 0.000000 1.000000
0.998066 0.039869 0.047698 0.000000 -0.029500 0.979120 -0.201131 12.246100 -0.054720 0.199335 0.978402 0.234600 0.000000 0.000000 0.000000 1.000000
0.998551 0.038652 0.037453 0.000000 -0.030457 0.979549 -0.198885 12.246100 -0.044374 0.197456 0.979307 0.234600 0.000000 0.000000 0.000000 1.000000
0.999159 0.033142 0.024152 0.000000 -0.027680 0.979589 -0.199095 12.246100 -0.030257 0.198259 0.979683 0.234600 0.000000 0.000000 0.000000 1.000000
0.999624 0.026444 0.007306 0.000000 -0.024444 0.979408 -0.200407 12.246100 -0.012455 0.200153 0.979685 0.234600 0.000000 0.000000 0.000000 1.000000
0.999791 0.017429 -0.010710 -0.000000 -0.019244 0.978902 -0.203424 12.246100 0.006939 0.203587 0.979032 0.234600 0.000000 0.000000 0.000000 1.000000
0.999573 0.006533 -0.028490 0.000000 -0.012305 0.978179 -0.207399 12.246100 0.026513 0.207661 0.977841 0.234600 0.000000 0.000000 0.000000 1.000000
0.998878 -0.006806 -0.046871 -0.000000 -0.003280 0.977307 -0.211803 12.246100 0.047249 0.211719 0.976188 0.234600 0.000000 0.000000 0.000000 1.000000
0.997706 -0.020861 -0.064405 -0.000000 0.006482 0.976404 -0.215854 12.246100 0.067388 0.214942 0.974299 0.234600 0.000000 0.000000 0.000000 1.000000
0.996404 -0.032972 -0.078050 -0.000000 0.015056 0.975415 -0.219861 12.246100 0.083380 0.217895 0.972404 0.234600 0.000000 0.000000 0.000000 1.000000
0.994964 -0.045475 -0.089327 0.000000 0.024517 0.974506 -0.223016 12.246100 0.097192 0.219703 0.970713 0.234600 0.000000 0.000000 0.000000 1.000000
0.993436 -0.057743 -0.098744 0.000000 0.034293 0.973873 -0.224489 12.246100 0.109127 0.219630 0.969461 0.234600 0.000000 0.000000 0.000000 1.000000
0.992673 -0.064042 -0.102464 0.000000 0.040490 0.975268 -0.217287 12.246100 0.113845 0.211546 0.970715 0.234600 0.000000 0.000000 0.000000 1.000000
0.993881 -0.060558 -0.092381 0.000000 0.041926 0.980555 -0.191713 12.246100 0.102195 0.186667 0.977094 0.234600 0.000000 0.000000 0.000000 1.000000
0.991716 -0.085956 -0.095456 0.000000 0.064027 0.975001 -0.212776 12.246100 0.111359 0.204902 0.972427 0.234600 0.000000 0.000000 0.000000 1.000000
0.991098 -0.104556 -0.082422 0.000000 0.083264 0.969842 -0.229071 12.246100 0.103888 0.220169 0.969914 0.234600 0.000000 0.000000 0.000000 1.000000
0.991380 -0.118004 -0.056927 0.000000 0.100261 0.963001 -0.250152 12.246100 0.084340 0.242288 0.966532 0.234600 0.000000 0.000000 0.000000 1.000000
0.991741 -0.125604 -0.025954 0.000000 0.114449 0.957998 -0.262948 12.246100 0.057891 0.257806 0.964461 0.234600 0.000000 0.000000 0.000000 1.000000
0.991903 -0.126572 0.010420 0.000000 0.124471 0.952577 -0.277677 12.246100 0.025220 0.276725 0.960618 0.234600 0.000000 0.000000 0.000000 1.000000
0.990921 -0.123174 0.053882 0.000000 0.133593 0.947112 -0.291773 12.246100 -0.015093 0.296322 0.954969 0.234600 0.000000 0.000000 0.000000 1.000000
0.988123 -0.114446 0.102544 0.000000 0.140942 0.940871 -0.308055 12.246100 -0.061225 0.318849 0.945826 0.234600 0.000000 0.000000 0.000000 1.000000
0.983943 -0.101251 0.146984 0.000000 0.144538 0.935167 -0.323374 12.246100 -0.104713 0.339427 0.934786 0.234600 0.000000 0.000000 0.000000 1.000000
0.979024 -0.079602 0.187550 0.000000 0.139438 0.932951 -0.331903 12.246100 -0.148555 0.351093 0.924481 0.234600 0.000000 0.000000 0.000000 1.000000
0.971070 -0.058813 0.231438 0.000000 0.134381 0.935755 -0.326044 12.246100 -0.197393 0.347712 0.916587 0.234600 0.000000 0.000000 0.000000 1.000000
0.962102 -0.046948 0.268618 0.000000 0.133866 0.939517 -0.315257 12.246100 -0.237571 0.339268 0.910196 0.234600 0.000000 0.000000 0.000000 1.000000
0.955886 -0.036218 0.291497 0.000000 0.126141 0.946820 -0.296007 12.246100 -0.265275 0.319719 0.909620 0.234600 0.000000 0.000000 0.000000 1.000000
0.953863 -0.027970 0.298936 0.000000 0.111456 0.957494 -0.266051 12.246100 -0.278788 0.287094 0.916436 0.234600 0.000000 0.000000 0.000000 1.000000
0.953635 -0.023243 0.300066 0.000000 0.094594 0.969635 -0.225520 12.246100 -0.285713 0.243448 0.926877 0.234600 0.000000 0.000000 0.000000 1.000000
0.953580 -0.018227 0.300586 0.000000 0.077107 0.979669 -0.185208 12.246100 -0.291100 0.199789 0.935599 0.234600 0.000000 0.000000 0.000000 1.000000
0.954813 -0.012818 0.296930 0.000000 0.060410 0.986584 -0.151667 12.246100 -0.291003 0.162752 0.942778 0.234600 0.000000 0.000000 0.000000 1.000000
0.957032 -0.006873 0.289901 0.000000 0.047541 0.989911 -0.133474 12.246100 -0.286059 0.141521 0.947704 0.234600 0.000000 0.000000 0.000000 1.000000
0.959946 0.000154 0.280186 -0.000000 0.037824 0.990775 -0.130132 12.246100 -0.277622 0.135518 0.951084 0.234600 0.000000 0.000000 0.000000 1.000000
0.963879 0.004835 0.266297 -0.000000 0.031399 0.990800 -0.131643 12.246100 -0.264484 0.135249 0.954859 0.234600 0.000000 0.000000 0.000000 1.000000
0.968783 0.004117 0.247875 -0.000000 0.030027 0.990552 -0.133809 12.246100 -0.246084 0.137075 0.959507 0.234600 0.000000 0.000000 0.000000 1.000000
0.973659 -0.002025 0.227999 0.000000 0.034049 0.990040 -0.136610 12.246100 -0.225451 0.140775 0.964030 0.234600 0.000000 0.000000 0.000000 1.000000
0.979370 -0.014240 0.201573 -0.000000 0.044081 0.988546 -0.144340 12.246100 -0.197209 0.150247 0.968780 0.234600 0.000000 0.000000 0.000000 1.000000
0.985080 -0.032946 0.168913 0.000000 0.059630 0.986045 -0.155432 12.246100 -0.161435 0.163185 0.973298 0.234600 0.000000 0.000000 0.000000 1.000000
0.989282 -0.048862 0.137602 0.000000 0.071984 0.983081 -0.168437 12.246100 -0.127044 0.176536 0.976061 0.234600 0.000000 0.000000 0.000000 1.000000
0.991853 -0.058962 0.112918 0.000000 0.079811 0.978515 -0.190103 12.246100 -0.099283 0.197566 0.975249 0.234600 0.000000 0.000000 0.000000 1.000000
0.994138 -0.067028 0.084831 0.000000 0.082891 0.976282 -0.200008 12.246100 -0.069413 0.205867 0.976115 0.234600 0.000000 0.000000 0.000000 1.000000
0.995742 -0.071594 0.058067 -0.000000 0.081878 0.976302 -0.200325 12.246100 -0.042349 0.204227 0.978007 0.234600 0.000000 0.000000 0.000000 1.000000
0.996425 -0.074132 0.040520 0.000000 0.080977 0.974784 -0.207937 12.246100 -0.024084 0.210475 0.977303 0.234600 0.000000 0.000000 0.000000 1.000000
0.997197 -0.073620 0.013361 -0.000000 0.074737 0.971534 -0.224804 12.246100 0.003569 0.225172 0.974312 0.234600 0.000000 0.000000 0.000000 1.000000
0.997743 -0.063676 -0.021293 0.000000 0.056831 0.969801 -0.237185 12.246100 0.035753 0.235439 0.971231 0.234600 0.000000 0.000000 0.000000 1.000000
0.996166 -0.068320 -0.054647 0.000000 0.052958 0.968090 -0.244944 12.246100 0.069638 0.241110 0.967996 0.234600 0.000000 0.000000 0.000000 1.000000
