<?xml version="1.0" encoding="utf-8"?>
<COLLADA xmlns="http://www.collada.org/2005/11/COLLADASchema" version="1.4.1">
  <asset>
    <contributor>
      <author>Mixamo</author>
      <authoring_tool>COLLADA Mixamo exporter</authoring_tool>
      <comments/>
    </contributor>
    <created>2024-05-15T12:37:20Z</created>
    <modified>2024-05-15T12:37:20Z</modified>
    <revision/>
    <title/>
    <unit meter="0.010000"/>
    <up_axis>Y_UP</up_axis>
  </asset>
  <library_animations>
    <animation id="Armature-anim" name="Armature">
      <source id="Armature-Matrix-animation-input">
        <float_array id="Armature-Matrix-animation-input-array" count="31">

0.000000 0.033333 0.066667 0.100000 0.133333 0.166667 0.200000 0.233333 0.266667 0.300000 0.333333 0.366667 0.400000 0.433333 0.466667 0.500000
0.533333 0.566667 0.600000 0.633333 0.666667 0.700000 0.733333 0.766667 0.800000 0.833333 0.866667 0.900000 0.933333 0.966667 1.000000</float_array>
        <technique_common>
          <accessor source="#Armature-Matrix-animation-input-array" count="31">
            <param name="TIME" type="float"/>
          </accessor>
        </technique_common>
      </source>
      <source id="Armature-Matrix-animation-output-transform">
        <float_array id="Armature-Matrix-animation-output-transform-array" count="496">

1.000000 0.000000 0.000000 0.000000 0.000000 1.000000 0.000000 0.000000 0.000000 0.000000 1.000000 0.000000 0.000000 0.000000 0.000000 1.000000
1.000000 0.000000 0.000000 0.000000 0.000000 1.000000 0.000000 0.000000 0.000000 0.000000 1.000000 0.000000 0.000000 0.000000 0.000000 1.000000
1.000000 0.000000 0.000000 0.000000 0.000000 1.000000 0.000000 0.000000 0.000000 0.000000 1.000000 0.000000 0.000000 0.000000 0.000000 1.000000
1.000000 0.000000 0.000000 0.000000 0.000000 1.000000 0.000000 0.000000 0.000000 0.000000 1.000000 0.000000 0.000000 0.000000 0.000000 1.000000
1.000000 0.000000 0.000000 0.000000 0.000000 1.000000 0.000000 0.000000 0.000000 0.000000 1.000000 0.000000 0.000000 0.000000 0.000000 1.000000
1.000000 0.000000 0.000000 0.000000 0.000000 1.000000 0.000000 0.000000 0.000000 0.000000 1.000000 0.000000 0.000000 0.000000 0.000000 1.000000
1.000000 0.000000 0.000000 0.000000 0.000000 1.000000 0.000000 0.000000 0.000000 0.000000 1.000000 0.000000 0.000000 0.000000 0.000000 1.000000
1.000000 0.000000 0.000000 0.000000 0.000000 1.000000 0.000000 0.000000 0.000000 0.000000 1.000000 0.000000 0.000000 0.000000 0.000000 1.000000
1.000000 0.000000 0.000000 0.000000 0.000000 1.000000 0.000000 0.000000 0.000000 0.000000 1.000000 0.000000 0.000000 0.000000 0.000000 1.000000
1.000000 0.000000 0.000000 0.000000 0.000000 1.000000 0.000000 0.000000 0.000000 0.000000 1.000000 0.000000 0.000000 0.000000 0.000000 1.000000
1.000000 0.000000 0.000000 0.000000 0.000000 1.000000 0.000000 0.000000 0.000000 0.000000 1.000000 0.000000 0.000000 0.000000 0.000000 1.000000
1.000000 0.000000 0.000000 0.000000 0.000000 1.000000 0.000000 0.000000 0.000000 0.000000 1.000000 0.000000 0.000000 0.000000 0.000000 1.000000
1.000000 0.000000 0.000000 0.000000 0.000000 1.000000 0.000000 0.000000 0.000000 0.000000 1.000000 0.000000 0.000000 0.000000 0.000000 1.000000
1.000000 0.000000 0.000000 0.000000 0.000000 1.000000 0.000000 0.000000 0.000000 0.000000 1.000000 0.000000 0.000000 0.000000 0.000000 1.000000
1.000000 0.000000 0.000000 0.000000 0.000000 1.000000 0.000000 0.000000 0.000000 0.000000 1.000000 0.000000 0.000000 0.000000 0.000000 1.000000
1.000000 0.000000 0.000000 0.000000 0.000000 1.000000 0.000000 0.000000 0.000000 0.000000 1.000000 0.000000 0.000000 0.000000 0.000000 1.000000
1.000000 0.000000 0.000000 0.000000 0.000000 1.000000 0.000000 0.000000 0.000000 0.000000 1.000000 0.000000 0.000000 0.000000 0.000000 1.000000
1.000000 0.000000 0.000000 0.000000 0.000000 1.000000 0.000000 0.000000 0.000000 0.000000 1.000000 0.000000 0.000000 0.000000 0.000000 1.000000
1.000000 0.000000 0.000000 0.000000 0.000000 1.000000 0.000000 0.000000 0.000000 0.000000 1.000000 0.000000 0.000000 0.000000 0.000000 1.000000
1.000000 0.000000 0.000000 0.000000 0.000000 1.000000 0.000000 0.000000 0.000000 0.000000 1.000000 0.000000 0.000000 0.000000 0.000000 1.000000
1.000000 0.000000 0.000000 0.000000 0.000000 1.000000 0.000000 0.000000 0.000000 0.000000 1.000000 0.000000 0.000000 0.000000 0.000000 1.000000
1.000000 0.000000 0.000000 0.000000 0.000000 1.000000 0.000000 0.000000 0.000000 0.000000 1.000000 0.000000 0.000000 0.000000 0.000000 1.000000
1.000000 0.000000 0.000000 0.000000 0.000000 1.000000 0.000000 0.000000 0.000000 0.000000 1.000000 0.000000 0.000000 0.000000 0.000000 1.000000
1.000000 0.000000 0.000000 0.000000 0.000000 1.000000 0.000000 0.000000 0.000000 0.000000 1.000000 0.000000 0.000000 0.000000 0.000000 1.000000
1.000000 0.000000 0.000000 0.000000 0.000000 1.000000 0.000000 0.000000 0.000000 0.000000 1.000000 0.000000 0.000000 0.000000 0.000000 1.000000
1.000000 0.000000 0.000000 0.000000 0.000000 1.000000 0.000000 0.000000 0.000000 0.000000 1.000000 0.000000 0.000000 0.000000 0.000000 1.000000
1.000000 0.000000 0.000000 0.000000 0.000000 1.000000 0.000000 0.000000 0.000000 0.000000 1.000000 0.000000 0.000000 0.000000 0.000000 1.000000
1.000000 0.000000 0.000000 0.000000 0.000000 1.000000 0.000000 0.000000 0.000000 0.000000 1.000000 0.000000 0.000000 0.000000 0.000000 1.000000
1.000000 0.000000 0.000000 0.000000 0.000000 1.000000 0.000000 0.000000 0.000000 0.000000 1.000000 0.000000 0.000000 0.000000 0.000000 1.000000
1.000000 0.000000 0.000000 0.000000 0.000000 1.000000 0.000000 0.000000 0.000000 0.000000 1.000000 0.000000 0.000000 0.000000 0.000000 1.000000
1.000000 0.000000 0.000000 0.000000 0.000000 1.000000 0.000000 0.000000 0.000000 0.000000 1.000000 0.000000 0.000000 0.000000 0.000000 1.000000</float_array>
        <technique_common>
          <accessor source="#Armature-Matrix-animation-output-transform-array" count="31" stride="16">
            <param type="float4x4"/>
          </accessor>
        </technique_common>
      </source>
      <source id="Armature-Interpolations">
        <Name_array id="Armature-Interpolations-array" count="31">
 LINEAR LINEAR LINEAR LINEAR LINEAR LINEAR LINEAR LINEAR LINEAR LINEAR LINEAR
LINEAR LINEAR LINEAR LINEAR LINEAR LINEAR LINEAR LINEAR LINEAR LINEAR LINEAR LINEAR
LINEAR LINEAR LINEAR LINEAR LINEAR LINEAR LINEAR LINEAR</Name_array>
        <technique_common>
          <accessor source="#Armature-Interpolations-array" count="31">
            <param type="name"/>
          </accessor>
        </technique_common>
      </source>
      <sampler id="Armature-Matrix-animation-transform">
        <input semantic="INPUT" source="#Armature-Matrix-animation-input"/>
        <input semantic="OUTPUT" source="#Armature-Matrix-animation-output-transform"/>
        <input semantic="INTERPOLATION" source="#Armature-Interpolations"/>
      </sampler>
      <channel source="#Armature-Matrix-animation-transform" target="Armature/matrix"/>
    </animation>
    <animation id="mixamorig_Hips-anim" name="mixamorig_Hips">
      <source id="mixamorig_Hips-Matrix-animation-input">
        <float_array id="mixamorig_Hips-Matrix-animation-input-array" count="31">

0.000000 0.033333 0.066667 0.100000 0.133333 0.166667 0.200000 0.233333 0.266667 0.300000 0.333333 0.366667 0.400000 0.433333 0.466667 0.500000
0.533333 0.566667 0.600000 0.633333 0.666667 0.700000 0.733333 0.766667 0.800000 0.833333 0.866667 0.900000 0.933333 0.966667 1.000000</float_array>
        <technique_common>
          <accessor source="#mixamorig_Hips-Matrix-animation-input-array" count="31">
            <param name="TIME" type="float"/>
          </accessor>
        </technique_common>
      </source>
      <source id="mixamorig_Hips-Matrix-animation-output-transform">
        <float_array id="mixamorig_Hips-Matrix-animation-output-transform-array" count="496">

0.468333 -0.083132 -0.879633 3.252049 0.028949 0.996473 -0.078761 93.203941 0.883078 0.011422 0.469088 -1.744103 0.000000 0.000000 0.000000 1.000000
0.457781 -0.061005 -0.886969 3.320626 0.018007 0.998075 -0.059354 93.166473 0.888882 0.011200 0.457998 -1.725126 0.000000 0.000000 0.000000 1.000000
0.432812 -0.035179 -0.900798 3.391740 0.004969 0.999316 -0.036638 93.084007 0.901470 0.011381 0.432691 -1.645398 0.000000 0.000000 0.000000 1.000000
0.405840 -0.009257 -0.913897 3.439354 -0.007888 0.999876 -0.013630 92.921692 0.913910 0.012740 0.405717 -1.525961 0.000000 0.000000 0.000000 1.000000
0.390124 0.013115 -0.920669 3.448854 -0.019070 0.999799 0.006162 92.648613 0.920565 0.015154 0.390296 -1.418561 0.000000 0.000000 0.000000 1.000000
0.403984 0.018514 -0.914579 3.386982 -0.024803 0.999649 0.009280 92.257271 0.914430 0.018935 0.404302 -1.422367 0.000000 0.000000 0.000000 1.000000
0.432864 0.003024 -0.901454 3.273889 -0.022700 0.999714 -0.007547 91.725235 0.901173 0.023730 0.432809 -1.551387 0.000000 0.000000 0.000000 1.000000
0.469717 -0.005225 -0.882801 3.243733 -0.021071 0.999631 -0.017128 91.079353 0.882565 0.026647 0.469434 -1.911934 0.000000 0.000000 0.000000 1.000000
0.508763 -0.003919 -0.860898 3.381885 -0.020811 0.999641 -0.016849 90.434593 0.860655 0.026488 0.508499 -2.476319 0.000000 0.000000 0.000000 1.000000
0.548530 0.005184 -0.836115 3.691566 -0.022194 0.999719 -0.008362 89.822853 0.835836 0.023144 0.548491 -3.074314 0.000000 0.000000 0.000000 1.000000
0.586476 0.016215 -0.809804 4.228625 -0.025383 0.999676 0.001634 89.283272 0.809569 0.019597 0.586698 -3.716367 0.000000 0.000000 0.000000 1.000000
0.612054 0.006194 -0.790791 5.015100 -0.016390 0.999854 -0.004854 88.892937 0.790646 0.015932 0.612067 -4.383607 0.000000 0.000000 0.000000 1.000000
0.619385 -0.005829 -0.785066 5.748265 -0.006276 0.999904 -0.012376 88.642555 0.785063 0.012593 0.619288 -4.989758 0.000000 0.000000 0.000000 1.000000
0.611452 -0.017760 -0.791082 6.333410 0.002275 0.999783 -0.020687 88.572670 0.791278 0.010850 0.611360 -5.427679 0.000000 0.000000 0.000000 1.000000
0.593241 -0.026892 -0.804575 6.663961 0.006849 0.999574 -0.028359 88.684662 0.804996 0.011313 0.593173 -5.597892 0.000000 0.000000 0.000000 1.000000
0.575239 -0.031969 -0.817361 6.899876 0.006909 0.999390 -0.034226 88.897598 0.817956 0.014041 0.575109 -5.637029 0.000000 0.000000 0.000000 1.000000
0.554712 -0.034292 -0.831335 7.083340 0.004036 0.999249 -0.038525 89.126633 0.832033 0.018016 0.554434 -5.632059 0.000000 0.000000 0.000000 1.000000
0.524777 -0.034800 -0.850528 7.406972 -0.000789 0.999144 -0.041368 89.464211 0.851239 0.022380 0.524300 -5.593431 0.000000 0.000000 0.000000 1.000000
0.477316 -0.032982 -0.878113 7.725566 -0.007704 0.999100 -0.041714 89.993141 0.878698 0.026676 0.476632 -5.461987 0.000000 0.000000 0.000000 1.000000
0.407882 -0.024047 -0.912718 7.920164 -0.019017 0.999212 -0.034824 90.773094 0.912837 0.031562 0.407104 -5.162621 0.000000 0.000000 0.000000 1.000000
0.329916 -0.012501 -0.943928 7.992396 -0.029997 0.999269 -0.023718 91.642807 0.943534 0.036140 0.329299 -4.733931 0.000000 0.000000 0.000000 1.000000
0.252540 -0.000924 -0.967586 7.943883 -0.038004 0.999218 -0.010873 92.537407 0.966840 0.039518 0.252307 -4.156878 0.000000 0.000000 0.000000 1.000000
0.184761 0.007556 -0.982754 7.837539 -0.043759 0.999042 -0.000546 93.354332 0.981809 0.043105 0.184915 -3.521568 0.000000 0.000000 0.000000 1.000000
0.130878 0.006414 -0.991378 7.673421 -0.045335 0.998972 0.000478 93.979668 0.990361 0.044882 0.131035 -2.954947 0.000000 0.000000 0.000000 1.000000
0.088586 0.000752 -0.996068 7.522867 -0.041684 0.999126 -0.002953 94.497253 0.995196 0.041782 0.088540 -2.419140 0.000000 0.000000 0.000000 1.000000
0.053086 -0.006999 -0.998565 7.330030 -0.034410 0.999369 -0.008834 94.934143 0.997997 0.034830 0.052812 -1.903995 0.000000 0.000000 0.000000 1.000000
0.025986 -0.015892 -0.999536 7.160691 -0.027206 0.999492 -0.016598 95.260925 0.999292 0.027625 0.025540 -1.426834 0.000000 0.000000 0.000000 1.000000
0.009262 -0.024966 -0.999645 7.053134 -0.021383 0.999455 -0.025159 95.520370 0.999728 0.021608 0.008723 -0.977444 0.000000 0.000000 0.000000 1.000000
-0.006302 -0.033224 -0.999428 6.975294 -0.014922 0.999340 -0.033127 95.722511 0.999869 0.014705 -0.006794 -0.589241 0.000000 0.000000 0.000000 1.000000
-0.018793 -0.039687 -0.999035 6.930021 -0.010581 0.999164 -0.039493 95.836845 0.999767 0.009828 -0.019197 -0.316672 0.000000 0.000000 0.000000 1.000000
-0.023054 -0.043395 -0.998792 6.937443 -0.009417 0.999023 -0.043188 95.888153 0.999690 0.008410 -0.023440 -0.157887 0.000000 0.000000 0.000000 1.000000</float_array>
        <technique_common>
          <accessor source="#mixamorig_Hips-Matrix-animation-output-transform-array" count="31" stride="16">
            <param type="float4x4"/>
          </accessor>
        </technique_common>
      </source>
      <source id="mixamorig_Hips-Interpolations">
        <Name_array id="mixamorig_Hips-Interpolations-array" count="31">
 LINEAR LINEAR LINEAR LINEAR LINEAR LINEAR LINEAR LINEAR LINEAR LINEAR LINEAR
LINEAR LINEAR LINEAR LINEAR LINEAR LINEAR LINEAR LINEAR LINEAR LINEAR LINEAR LINEAR
LINEAR LINEAR LINEAR LINEAR LINEAR LINEAR LINEAR LINEAR</Name_array>
        <technique_common>
          <accessor source="#mixamorig_Hips-Interpolations-array" count="31">
            <param type="name"/>
          </accessor>
        </technique_common>
      </source>
      <sampler id="mixamorig_Hips-Matrix-animation-transform">
        <input semantic="INPUT" source="#mixamorig_Hips-Matrix-animation-input"/>
        <input semantic="OUTPUT" source="#mixamorig_Hips-Matrix-animation-output-transform"/>
        <input semantic="INTERPOLATION" source="#mixamorig_Hips-Interpolations"/>
      </sampler>
      <channel source="#mixamorig_Hips-Matrix-animation-transform" target="mixamorig_Hips/matrix"/>
    </animation>
    <animation id="mixamorig_Spine-anim" name="mixamorig_Spine">
      <source id="mixamorig_Spine-Matrix-animation-input">
        <float_array id="mixamorig_Spine-Matrix-animation-input-array" count="31">

0.000000 0.033333 0.066667 0.100000 0.133333 0.166667 0.200000 0.233333 0.266667 0.300000 0.333333 0.366667 0.400000 0.433333 0.466667 0.500000
0.533333 0.566667 0.600000 0.633333 0.666667 0.700000 0.733333 0.766667 0.800000 0.833333 0.866667 0.900000 0.933333 0.966667 1.000000</float_array>
        <technique_common>
          <accessor source="#mixamorig_Spine-Matrix-animation-input-array" count="31">
            <param name="TIME" type="float"/>
          </accessor>
        </technique_common>
      </source>
      <source id="mixamorig_Spine-Matrix-animation-output-transform">
        <float_array id="mixamorig_Spine-Matrix-animation-output-transform-array" count="496">

0.997289 0.073249 -0.007067 0.000000 -0.072317 0.957739 -0.278399 12.246100 -0.013624 0.278155 0.960440 0.234600 0.000000 0.000000 0.000000 1.000000
0.997377 0.072073 -0.006665 -0.000000 -0.071147 0.959291 -0.273312 12.246100 -0.013304 0.273069 0.961902 0.234600 0.000000 0.000000 0.000000 1.000000
0.997654 0.068273 -0.005083 0.000000 -0.067249 0.963352 -0.259673 12.246100 -0.012832 0.259406 0.965683 0.234600 0.000000 0.000000 0.000000 1.000000
0.998026 0.062745 -0.002586 0.000000 -0.061533 0.968866 -0.239817 12.246100 -0.012542 0.239503 0.970815 0.234600 0.000000 0.000000 0.000000 1.000000
0.998407 0.056418 0.000725 0.000000 -0.054928 0.974827 -0.216093 12.246100 -0.012899 0.215709 0.976373 0.234600 0.000000 0.000000 0.000000 1.000000
0.998735 0.050075 0.004524 0.000000 -0.048292 0.980417 -0.190918 12.246100 -0.013996 0.190458 0.981596 0.234600 0.000000 0.000000 0.000000 1.000000
0.999004 0.043745 0.008836 0.000000 -0.041662 0.985115 -0.166772 12.246100 -0.016000 0.166238 0.985956 0.234600 0.000000 0.000000 0.000000 1.000000
0.999249 0.036199 0.013814 -0.000000 -0.033796 0.988687 -0.146137 12.246100 -0.018947 0.145560 0.989168 0.234600 0.000000 0.000000 0.000000 1.000000
0.999337 0.026454 0.025033 0.000000 -0.022903 0.990875 -0.132823 12.246100 -0.028319 0.132161 0.990824 0.234600 0.000000 0.000000 0.000000 1.000000
0.998820 0.014821 0.046248 0.000000 -0.008657 0.991381 -0.130722 12.246100 -0.047787 0.130167 0.990340 0.234600 0.000000 0.000000 0.000000 1.000000
0.997675 0.002520 0.068105 -0.000000 0.006593 0.991059 -0.133265 12.246100 -0.067832 0.133404 0.988738 0.234600 0.000000 0.000000 0.000000 1.000000
0.995104 -0.000344 0.098835 0.000000 0.014059 0.990318 -0.138103 12.246100 -0.097831 0.138816 0.985474 0.234600 0.000000 0.000000 0.000000 1.000000
0.990369 0.009444 0.138129 0.000000 0.010902 0.989254 -0.145801 12.246100 -0.138022 0.145903 0.979624 0.234600 0.000000 0.000000 0.000000 1.000000
0.985511 0.021474 0.168248 0.000000 0.005091 0.987761 -0.155894 12.246100 -0.169537 0.154491 0.973339 0.234600 0.000000 0.000000 0.000000 1.000000
0.981928 0.035354 0.185921 0.000000 -0.003668 0.985767 -0.168077 12.246100 -0.189217 0.164357 0.968082 0.234600 0.000000 0.000000 0.000000 1.000000
0.977727 0.059786 0.201187 0.000000 -0.021884 0.982386 -0.185579 12.246100 -0.208738 0.177043 0.961813 0.234600 0.000000 0.000000 0.000000 1.000000
0.973546 0.080261 0.213933 -0.000000 -0.035511 0.978047 -0.205335 12.246100 -0.225717 0.192306 0.955024 0.234600 0.000000 0.000000 0.000000 1.000000
0.972445 0.098737 0.211193 0.000000 -0.050064 0.973194 -0.224470 12.246100 -0.227695 0.207712 0.951321 0.234600 0.000000 0.000000 0.000000 1.000000
0.975462 0.113875 0.188431 -0.000000 -0.068885 0.970738 -0.230050 12.246100 -0.209114 0.211425 0.954762 0.234600 0.000000 0.000000 0.000000 1.000000
0.979735 0.125232 0.156324 -0.000000 -0.087563 0.969705 -0.228047 12.246100 -0.180147 0.209737 0.961019 0.234600 0.000000 0.000000 0.000000 1.000000
0.983376 0.132132 0.124547 0.000000 -0.102242 0.969772 -0.221561 12.246100 -0.150058 0.205144 0.967160 0.234600 0.000000 0.000000 0.000000 1.000000
0.985384 0.136342 0.102128 0.000000 -0.111997 0.970242 -0.214679 12.246100 -0.128359 0.200103 0.971330 0.234600 0.000000 0.000000 0.000000 1.000000
0.987022 0.138048 0.082040 0.000000 -0.118395 0.970720 -0.209009 12.246100 -0.108492 0.196584 0.974466 0.234600 0.000000 0.000000 0.000000 1.000000
0.988981 0.137067 0.055933 0.000000 -0.123821 0.972963 -0.194967 12.246100 -0.081144 0.185893 0.979214 0.234600 0.000000 0.000000 0.000000 1.000000
0.990413 0.134958 0.029452 0.000000 -0.127770 0.976067 -0.175979 12.246100 -0.052497 0.170529 0.983953 0.234600 0.000000 0.000000 0.000000 1.000000
0.991094 0.133053 0.005483 0.000000 -0.130507 0.978673 -0.158644 12.246100 -0.026474 0.156515 0.987321 0.234600 0.000000 0.000000 0.000000 1.000000
0.991072 0.132669 -0.013204 -0.000000 -0.133174 0.980380 -0.145329 12.246100 -0.006336 0.145790 0.989295 0.234600 0.000000 0.000000 0.000000 1.000000
0.990530 0.134489 -0.027608 0.000000 -0.136987 0.981552 -0.133380 12.246100 0.009160 0.135899 0.990680 0.234600 0.000000 0.000000 0.000000 1.000000
0.989978 0.137084 -0.033937 0.000000 -0.140275 0.982315 -0.124021 12.246100 0.016336 0.127538 0.991699 0.234600 0.000000 0.000000 0.000000 1.000000
0.989566 0.138703 -0.038992 0.000000 -0.142375 0.982874 -0.116995 12.246100 0.022096 0.121326 0.992367 0.234600 0.000000 0.000000 0.000000 1.000000
0.989433 0.138733 -0.042138 -0.000000 -0.142688 0.983285 -0.113099 12.246100 0.025743 0.117917 0.992690 0.234600 0.000000 0.000000 0.000000 1.000000</float_array>
        <technique_common>
          <accessor source="#mixamorig_Spine-Matrix-animation-output-transform-array" count="31" stride="16">
            <param type="float4x4"/>
          </accessor>
        </technique_common>
      </source>
      <source id="mixamorig_Spine-Interpolations">
        <Name_array id="mixamorig_Spine-Interpolations-array" count="31">
 LINEAR LINEAR LINEAR LINEAR LINEAR LINEAR LINEAR LINEAR LINEAR LINEAR LINEAR
LINEAR LINEAR LINEAR LINEAR LINEAR LINEAR LINEAR LINEAR LINEAR LINEAR LINEAR LINEAR
LINEAR LINEAR LINEAR LINEAR LINEAR LINEAR LINEAR LINEAR</Name_array>
        <technique_common>
          <accessor source="#mixamorig_Spine-Interpolations-array" count="31">
            <param type="name"/>
          </accessor>
        </technique_common>
      </source>
      <sampler id="mixamorig_Spine-Matrix-animation-transform">
        <input semantic="INPUT" source="#mixamorig_Spine-Matrix-animation-input"/>
        <input semantic="OUTPUT" source="#mixamorig_Spine-Matrix-animation-output-transform"/>
        <input semantic="INTERPOLATION" source="#mixamorig_Spine-Interpolations"/>
      </sampler>
      <channel source="#mixamorig_Spine-Matrix-animation-transform" target="mixamorig_Spine/matrix"/>
    </animation>
    <animation id="mixamorig_Spine1-anim" name="mixamorig_Spine1">
      <source id="mixamorig_Spine1-Matrix-animation-input">
        <float_array id="mixamorig_Spine1-Matrix-animation-input-array" count="31">

0.000000 0.033333 0.066667 0.100000 0.133333 0.166667 0.200000 0.233333 0.266667 0.300000 0.333333 0.366667 0.400000 0.433333 0.466667 0.500000
0.533333 0.566667 0.600000 0.633333 0.666667 0.700000 0.733333 0.766667 0.800000 0.833333 0.866667 0.900000 0.933333 0.966667 1.000000</float_array>
        <technique_common>
          <accessor source="#mixamorig_Spine1-Matrix-animation-input-array" count="31">
            <param name="TIME" type="float"/>
          </accessor>
        </technique_common>
      </source>
      <source id="mixamorig_Spine1-Matrix-animation-output-transform">
        <float_array id="mixamorig_Spine1-Matrix-animation-output-transform-array" count="496">

0.998755 0.049055 0.009032 0.000000 -0.047877 0.993601 -0.102294 14.289700 -0.013992 0.101735 0.994713 0.000000 0.000000 0.000000 0.000000 1.000000
0.998932 0.045549 0.007812 0.000000 -0.044544 0.994006 -0.099844 14.289700 -0.012313 0.099389 0.994972 0.000000 0.000000 0.000000 0.000000 1.000000
0.999300 0.037117 0.004589 0.000000 -0.036528 0.994969 -0.093286 14.289700 -0.008029 0.093054 0.995629 -0.000000 0.000000 0.000000 0.000000 1.000000
0.999642 0.026766 0.000058 0.000000 -0.026667 0.996111 -0.083972 14.289700 -0.002305 0.083940 0.996468 0.000000 0.000000 0.000000 0.000000 1.000000
0.999834 0.017505 -0.005091 -0.000000 -0.017831 0.997159 -0.073188 14.289700 0.003795 0.073266 0.997305 0.000000 0.000000 0.000000 0.000000 1.000000
0.999872 0.012356 -0.010154 0.000000 -0.012963 0.997987 -0.062084 14.289700 0.009367 0.062208 0.998019 -0.000000 0.000000 0.000000 0.000000 1.000000
0.999794 0.014291 -0.014439 -0.000000 -0.015021 0.998546 -0.051780 14.289700 0.013678 0.051986 0.998554 0.000000 0.000000 0.000000 0.000000 1.000000
0.999674 0.019795 -0.016107 -0.000000 -0.020481 0.998838 -0.043621 14.289700 0.015225 0.043937 0.998918 0.000000 0.000000 0.000000 0.000000 1.000000
0.999700 0.023075 -0.008254 0.000000 -0.023389 0.998914 -0.040299 14.289700 0.007315 0.040480 0.999154 0.000000 0.000000 0.000000 0.000000 1.000000
0.999686 0.024832 0.003468 0.000000 -0.024662 0.998789 -0.042567 14.289700 -0.004521 0.042468 0.999088 0.000000 0.000000 0.000000 0.000000 1.000000
0.999528 0.026426 0.015638 0.000000 -0.025642 0.998499 -0.048399 14.289700 -0.016893 0.047975 0.998706 0.000000 0.000000 0.000000 0.000000 1.000000
0.999158 0.028406 0.029594 0.000000 -0.026745 0.998123 -0.055086 14.289700 -0.031103 0.054249 0.998043 0.000000 0.000000 0.000000 0.000000 1.000000
0.998571 0.030668 0.043769 0.000000 -0.027980 0.997761 -0.060748 14.289700 -0.045534 0.059436 0.997193 0.000000 0.000000 0.000000 0.000000 1.000000
0.997977 0.032823 0.054448 0.000000 -0.029405 0.997616 -0.062434 14.289700 -0.056368 0.060706 0.996563 0.000000 0.000000 0.000000 0.000000 1.000000
0.997488 0.036869 0.060491 0.000000 -0.033178 0.997591 -0.060924 14.289700 -0.062591 0.058764 0.996308 0.000000 0.000000 0.000000 0.000000 1.000000
0.996892 0.042362 0.066417 -0.000000 -0.038140 0.997246 -0.063603 14.289700 -0.068928 0.060872 0.995763 0.000000 0.000000 0.000000 0.000000 1.000000
0.996348 0.046547 0.071585 0.000000 -0.041715 0.996842 -0.067574 14.289700 -0.074504 0.064341 0.995143 0.000000 0.000000 0.000000 0.000000 1.000000
0.996151 0.050341 0.071754 0.000000 -0.045128 0.996347 -0.072503 14.289700 -0.075141 0.068986 0.994784 0.000000 0.000000 0.000000 0.000000 1.000000
0.996521 0.052121 0.065038 0.000000 -0.047487 0.996355 -0.070867 14.289700 -0.068495 0.067532 0.995363 0.000000 0.000000 0.000000 0.000000 1.000000
0.997218 0.050093 0.055197 0.000000 -0.046386 0.996707 -0.066509 14.289700 -0.058346 0.063764 0.996258 0.000000 0.000000 0.000000 0.000000 1.000000
0.997894 0.046502 0.045232 0.000000 -0.043652 0.997116 -0.062090 14.289700 -0.047989 0.059984 0.997045 0.000000 0.000000 0.000000 0.000000 1.000000
0.998385 0.042023 0.038233 0.000000 -0.039722 0.997462 -0.059087 14.289700 -0.040619 0.057473 0.997520 0.000000 0.000000 0.000000 0.000000 1.000000
0.998808 0.037007 0.031840 0.000000 -0.035148 0.997750 -0.057088 14.289700 -0.033881 0.055901 0.997861 -0.000000 0.000000 0.000000 0.000000 1.000000
0.999221 0.031844 0.023297 -0.000000 -0.030512 0.997996 -0.055435 14.289700 -0.025016 0.054681 0.998190 0.000000 0.000000 0.000000 0.000000 1.000000
0.999509 0.027694 0.014667 0.000000 -0.026864 0.998178 -0.054031 14.289700 -0.016137 0.053610 0.998432 0.000000 0.000000 0.000000 0.000000 1.000000
0.999664 0.025105 0.006454 0.000000 -0.024731 0.998305 -0.052677 14.289700 -0.007765 0.052499 0.998591 -0.000000 0.000000 0.000000 0.000000 1.000000
0.999719 0.023721 -0.000162 0.000000 -0.023698 0.998410 -0.051136 14.289700 -0.001051 0.051126 0.998692 -0.000000 0.000000 0.000000 0.000000 1.000000
0.999725 0.022860 -0.005208 0.000000 -0.023089 0.998514 -0.049358 14.289700 0.004072 0.049465 0.998768 0.000000 0.000000 0.000000 0.000000 1.000000
0.999730 0.022059 -0.007292 0.000000 -0.022384 0.998599 -0.047942 14.289700 0.006224 0.048092 0.998824 -0.000000 0.000000 0.000000 0.000000 1.000000
0.999743 0.020824 -0.008979 0.000000 -0.021227 0.998647 -0.047479 14.289700 0.007978 0.047657 0.998832 0.000000 0.000000 0.000000 0.000000 1.000000
0.999763 0.019351 -0.009973 0.000000 -0.019809 0.998649 -0.048048 14.289700 0.009030 0.048234 0.998795 0.000000 0.000000 0.000000 0.000000 1.000000</float_array>
        <technique_common>
          <accessor source="#mixamorig_Spine1-Matrix-animation-output-transform-array" count="31" stride="16">
            <param type="float4x4"/>
          </accessor>
        </technique_common>
      </source>
      <source id="mixamorig_Spine1-Interpolations">
        <Name_array id="mixamorig_Spine1-Interpolations-array" count="31">
 LINEAR LINEAR LINEAR LINEAR LINEAR LINEAR LINEAR LINEAR LINEAR LINEAR LINEAR
LINEAR LINEAR LINEAR LINEAR LINEAR LINEAR LINEAR LINEAR LINEAR LINEAR LINEAR LINEAR
LINEAR LINEAR LINEAR LINEAR LINEAR LINEAR LINEAR LINEAR</Name_array>
        <technique_common>
          <accessor source="#mixamorig_Spine1-Interpolations-array" count="31">
            <param type="name"/>
          </accessor>
        </technique_common>
      </source>
      <sampler id="mixamorig_Spine1-Matrix-animation-transform">
        <input semantic="INPUT" source="#mixamorig_Spine1-Matrix-animation-input"/>
        <input semantic="OUTPUT" source="#mixamorig_Spine1-Matrix-animation-output-transform"/>
        <input semantic="INTERPOLATION" source="#mixamorig_Spine1-Interpolations"/>
      </sampler>
      <channel source="#mixamorig_Spine1-Matrix-animation-transform" target="mixamorig_Spine1/matrix"/>
    </animation>
    <animation id="mixamorig_Spine2-anim" name="mixamorig_Spine2">
      <source id="mixamorig_Spine2-Matrix-animation-input">
        <float_array id="mixamorig_Spine2-Matrix-animation-input-array" count="31">

0.000000 0.033333 0.066667 0.100000 0.133333 0.166667 0.200000 0.233333 0.266667 0.300000 0.333333 0.366667 0.400000 0.433333 0.466667 0.500000
0.533333 0.566667 0.600000 0.633333 0.666667 0.700000 0.733333 0.766667 0.800000 0.833333 0.866667 0.900000 0.933333 0.966667 1.000000</float_array>
        <technique_common>
          <accessor source="#mixamorig_Spine2-Matrix-animation-input-array" count="31">
            <param name="TIME" type="float"/>
          </accessor>
        </technique_common>
      </source>
      <source id="mixamorig_Spine2-Matrix-animation-output-transform">
        <float_array id="mixamorig_Spine2-Matrix-animation-output-transform-array" count="496">

0.998694 0.050021 0.010369 0.000000 -0.048703 0.993569 -0.102220 16.330999 -0.015415 0.101581 0.994708 0.000000 0.000000 0.000000 0.000000 1.000000
0.998888 0.046255 0.009105 -0.000000 -0.045118 0.993985 -0.099795 16.330999 -0.013667 0.099273 0.994966 0.000000 0.000000 0.000000 0.000000 1.000000
0.999291 0.037199 0.005765 0.000000 -0.036500 0.994968 -0.093309 16.330999 -0.009207 0.093032 0.995621 0.000000 0.000000 0.000000 0.000000 1.000000
0.999659 0.026092 0.001047 0.000000 -0.025912 0.996119 -0.084114 16.330999 -0.003238 0.084058 0.996456 0.000000 0.000000 0.000000 0.000000 1.000000
0.999860 0.016167 -0.004343 0.000000 -0.016443 0.997161 -0.073477 16.330999 0.003143 0.073538 0.997287 0.000000 0.000000 0.000000 0.000000 1.000000
0.999896 0.010676 -0.009703 0.000000 -0.011263 0.997980 -0.062530 16.330999 0.009016 0.062633 0.997996 0.000000 0.000000 0.000000 0.000000 1.000000
0.999816 0.012809 -0.014296 0.000000 -0.013542 0.998537 -0.052352 16.330999 0.013605 0.052535 0.998526 0.000000 0.000000 0.000000 0.000000 1.000000
0.999692 0.018791 -0.016220 0.000000 -0.019493 0.998830 -0.044262 16.330999 0.015370 0.044564 0.998888 0.000000 0.000000 0.000000 0.000000 1.000000
0.999714 0.022378 -0.008444 0.000000 -0.022705 0.998905 -0.040897 16.330999 0.007520 0.041077 0.999128 -0.000000 0.000000 0.000000 0.000000 1.000000
0.999701 0.024243 0.003178 0.000000 -0.024084 0.998781 -0.043096 16.330999 -0.004219 0.043006 0.999066 -0.000000 0.000000 0.000000 0.000000 1.000000
0.999549 0.025897 0.015189 0.000000 -0.025125 0.998485 -0.048959 16.330999 -0.016434 0.048555 0.998685 -0.000000 0.000000 0.000000 0.000000 1.000000
0.999189 0.027907 0.029018 0.000000 -0.026259 0.998101 -0.055716 16.330999 -0.030518 0.054909 0.998025 0.000000 0.000000 0.000000 0.000000 1.000000
0.998612 0.030192 0.043161 -0.000000 -0.027509 0.997730 -0.061463 16.330999 -0.044919 0.060190 0.997176 0.000000 0.000000 0.000000 0.000000 1.000000
0.998017 0.032391 0.053974 -0.000000 -0.028957 0.997579 -0.063231 16.330999 -0.055892 0.061543 0.996538 0.000000 0.000000 0.000000 0.000000 1.000000
0.997536 0.036510 0.059906 -0.000000 -0.032794 0.997545 -0.061874 16.330999 -0.062018 0.059757 0.996284 0.000000 0.000000 0.000000 0.000000 1.000000
0.996946 0.042069 0.065801 -0.000000 -0.037817 0.997196 -0.064578 16.330999 -0.068333 0.061892 0.995741 0.000000 0.000000 0.000000 0.000000 1.000000
0.996409 0.046314 0.070882 0.000000 -0.041454 0.996785 -0.068571 16.330999 -0.073830 0.065386 0.995125 0.000000 0.000000 0.000000 0.000000 1.000000
0.996200 0.050252 0.071140 -0.000000 -0.045021 0.996292 -0.073314 16.330999 -0.074560 0.069833 0.994768 0.000000 0.000000 0.000000 0.000000 1.000000
0.996555 0.052185 0.064462 0.000000 -0.047550 0.996309 -0.071460 16.330999 -0.067954 0.068149 0.995358 0.000000 0.000000 0.000000 0.000000 1.000000
0.997235 0.050287 0.054711 0.000000 -0.046591 0.996675 -0.066852 16.330999 -0.057891 0.064118 0.996262 0.000000 0.000000 0.000000 0.000000 1.000000
0.997898 0.046745 0.044887 0.000000 -0.043909 0.997096 -0.062215 16.330999 -0.047665 0.060113 0.997053 0.000000 0.000000 0.000000 0.000000 1.000000
0.998383 0.042233 0.038059 0.000000 -0.039943 0.997455 -0.059054 16.330999 -0.040456 0.057438 0.997529 0.000000 0.000000 0.000000 0.000000 1.000000
0.998801 0.037160 0.031860 0.000000 -0.035303 0.997750 -0.056996 16.330999 -0.033906 0.055803 0.997866 0.000000 0.000000 0.000000 0.000000 1.000000
0.999212 0.031952 0.023529 -0.000000 -0.030610 0.997999 -0.055327 16.330999 -0.025250 0.054564 0.998191 -0.000000 0.000000 0.000000 0.000000 1.000000
0.999500 0.027783 0.015107 0.000000 -0.026932 0.998181 -0.053930 16.330999 -0.016578 0.053496 0.998430 0.000000 0.000000 0.000000 0.000000 1.000000
0.999658 0.025196 0.006994 0.000000 -0.024794 0.998308 -0.052588 16.330999 -0.008307 0.052397 0.998592 -0.000000 0.000000 0.000000 0.000000 1.000000
0.999716 0.023820 0.000417 0.000000 -0.023767 0.998413 -0.051051 16.330999 -0.001632 0.051026 0.998696 -0.000000 0.000000 0.000000 0.000000 1.000000
0.999726 0.022969 -0.004614 -0.000000 -0.023168 0.998516 -0.049280 16.330999 0.003475 0.049373 0.998774 -0.000000 0.000000 0.000000 0.000000 1.000000
0.999732 0.022178 -0.006659 -0.000000 -0.022472 0.998600 -0.047887 16.330999 0.005587 0.048023 0.998831 -0.000000 0.000000 0.000000 0.000000 1.000000
0.999746 0.020966 -0.008274 -0.000000 -0.021336 0.998645 -0.047471 16.330999 0.007267 0.047636 0.998838 0.000000 0.000000 0.000000 0.000000 1.000000
0.999767 0.019527 -0.009214 0.000000 -0.019948 0.998642 -0.048117 16.330999 0.008262 0.048290 0.998799 -0.000000 0.000000 0.000000 0.000000 1.000000</float_array>
        <technique_common>
          <accessor source="#mixamorig_Spine2-Matrix-animation-output-transform-array" count="31" stride="16">
            <param type="float4x4"/>
          </accessor>
        </technique_common>
      </source>
      <source id="mixamorig_Spine2-Interpolations">
        <Name_array id="mixamorig_Spine2-Interpolations-array" count="31">
 LINEAR LINEAR LINEAR LINEAR LINEAR LINEAR LINEAR LINEAR LINEAR LINEAR LINEAR
LINEAR LINEAR LINEAR LINEAR LINEAR LINEAR LINEAR LINEAR LINEAR LINEAR LINEAR LINEAR
LINEAR LINEAR LINEAR LINEAR LINEAR LINEAR LINEAR LINEAR</Name_array>
        <technique_common>
          <accessor source="#mixamorig_Spine2-Interpolations-array" count="31">
            <param type="name"/>
          </accessor>
        </technique_common>
      </source>
      <sampler id="mixamorig_Spine2-Matrix-animation-transform">
        <input semantic="INPUT" source="#mixamorig_Spine2-Matrix-animation-input"/>
        <input semantic="OUTPUT" source="#mixamorig_Spine2-Matrix-animation-output-transform"/>
        <input semantic="INTERPOLATION" source="#mixamorig_Spine2-Interpolations"/>
      </sampler>
      <channel source="#mixamorig_Spine2-Matrix-animation-transform" target="mixamorig_Spine2/matrix"/>
    </animation>
    <animation id="mixamorig_Neck-anim" name="mixamorig_Neck">
      <source id="mixamorig_Neck-Matrix-animation-input">
        <float_array id="mixamorig_Neck-Matrix-animation-input-array" count="31">

0.000000 0.033333 0.066667 0.100000 0.133333 0.166667 0.200000 0.233333 0.266667 0.300000 0.333333 0.366667 0.400000 0.433333 0.466667 0.500000
0.533333 0.566667 0.600000 0.633333 0.666667 0.700000 0.733333 0.766667 0.800000 0.833333 0.866667 0.900000 0.933333 0.966667 1.000000</float_array>
        <technique_common>
          <accessor source="#mixamorig_Neck-Matrix-animation-input-array" count="31">
            <param name="TIME" type="float"/>
          </accessor>
        </technique_common>
      </source>
      <source id="mixamorig_Neck-Matrix-animation-output-transform">
        <float_array id="mixamorig_Neck-Matrix-animation-output-transform-array" count="496">

0.997546 -0.065341 0.025156 -0.000000 0.063068 0.994594 0.082499 18.372400 -0.030410 -0.080710 0.996274 0.000000 0.000000 0.000000 0.000000 1.000000
0.997472 -0.062983 0.032901 0.000000 0.060397 0.995396 0.074422 18.372400 -0.037437 -0.072247 0.996684 0.000000 0.000000 0.000000 0.000000 1.000000
0.996994 -0.057857 0.051530 0.000000 0.055080 0.997033 0.053765 18.372400 -0.054488 -0.050765 0.997223 0.000000 0.000000 0.000000 0.000000 1.000000
0.995879 -0.052128 0.074212 0.000000 0.050237 0.998369 0.027123 18.372400 -0.075505 -0.023283 0.996874 0.000000 0.000000 0.000000 0.000000 1.000000
0.994408 -0.047968 0.094082 0.000000 0.048052 0.998844 0.001373 18.372400 -0.094040 0.003155 0.995563 -0.000000 0.000000 0.000000 0.000000 1.000000
0.993396 -0.047627 0.104381 -0.000000 0.049604 0.998634 -0.016421 18.372400 -0.103457 0.021490 0.994402 0.000000 0.000000 0.000000 0.000000 1.000000
0.993240 -0.051386 0.104087 0.000000 0.054350 0.998187 -0.025850 18.372400 -0.102570 0.031332 0.994232 0.000000 0.000000 0.000000 0.000000 1.000000
0.993535 -0.057452 0.097916 0.000000 0.060766 0.997664 -0.031199 18.372400 -0.095895 0.036947 0.994706 -0.000000 0.000000 0.000000 0.000000 1.000000
0.994028 -0.065087 0.087595 0.000000 0.068202 0.997124 -0.033044 18.372400 -0.085192 0.038821 0.995608 0.000000 0.000000 0.000000 0.000000 1.000000
0.994459 -0.073817 0.074854 0.000000 0.076386 0.996563 -0.032053 18.372400 -0.072231 0.037593 0.996679 0.000000 0.000000 0.000000 0.000000 1.000000
0.994629 -0.083328 0.061394 0.000000 0.085224 0.995941 -0.028938 18.372400 -0.058733 0.034015 0.997694 0.000000 0.000000 0.000000 0.000000 1.000000
0.994420 -0.093467 0.048912 -0.000000 0.094784 0.995176 -0.025319 18.372400 -0.046310 0.029814 0.998482 0.000000 0.000000 0.000000 0.000000 1.000000
0.994010 -0.102945 0.036702 -0.000000 0.103764 0.994377 -0.021150 18.372400 -0.034318 0.024832 0.999102 -0.000000 0.000000 0.000000 0.000000 1.000000
0.993401 -0.111465 0.027036 0.000000 0.111910 0.993597 -0.015553 18.372400 -0.025130 0.018476 0.999513 0.000000 0.000000 0.000000 0.000000 1.000000
0.992737 -0.118375 0.021457 0.000000 0.118559 0.992918 -0.007536 18.372400 -0.020413 0.010026 0.999741 0.000000 0.000000 0.000000 0.000000 1.000000
0.992256 -0.122652 0.019589 0.000000 0.122608 0.992449 0.003456 18.372400 -0.019865 -0.001028 0.999802 -0.000000 0.000000 0.000000 0.000000 1.000000
0.992172 -0.123398 0.019155 -0.000000 0.123063 0.992239 0.017792 18.372400 -0.021202 -0.015295 0.999658 0.000000 0.000000 0.000000 0.000000 1.000000
0.992421 -0.120852 0.022262 0.000000 0.120000 0.992110 0.036290 18.372400 -0.026472 -0.033343 0.999093 0.000000 0.000000 0.000000 0.000000 1.000000
0.992833 -0.115304 0.031438 0.000000 0.113313 0.991801 0.059089 18.372400 -0.037993 -0.055103 0.997758 0.000000 0.000000 0.000000 0.000000 1.000000
0.993251 -0.107060 0.044608 -0.000000 0.103100 0.991183 0.083224 18.372400 -0.053125 -0.078064 0.995532 0.000000 0.000000 0.000000 0.000000 1.000000
0.993524 -0.097075 0.059053 -0.000000 0.090372 0.990124 0.107183 18.372400 -0.068875 -0.101152 0.992484 0.000000 0.000000 0.000000 0.000000 1.000000
0.993715 -0.086116 0.071517 0.000000 0.076315 0.988573 0.129999 18.372400 -0.081894 -0.123724 0.988932 0.000000 0.000000 0.000000 0.000000 1.000000
0.993671 -0.075868 0.082840 -0.000000 0.062720 0.986518 0.151160 18.372400 -0.093191 -0.145008 0.985032 0.000000 0.000000 0.000000 0.000000 1.000000
0.993383 -0.067984 0.092568 0.000000 0.051507 0.984097 0.170001 18.372400 -0.102654 -0.164109 0.981086 0.000000 0.000000 0.000000 0.000000 1.000000
0.993001 -0.063536 0.099565 0.000000 0.044144 0.981541 0.186085 18.372400 -0.109550 -0.180387 0.977476 -0.000000 0.000000 0.000000 0.000000 1.000000
0.992521 -0.063247 0.104414 -0.000000 0.041432 0.979078 0.199222 18.372400 -0.114830 -0.193405 0.974376 0.000000 0.000000 0.000000 0.000000 1.000000
0.992032 -0.065899 0.107379 -0.000000 0.042175 0.976824 0.209846 18.372400 -0.118719 -0.203645 0.971820 0.000000 0.000000 0.000000 0.000000 1.000000
0.991454 -0.070548 0.109739 0.000000 0.045221 0.974867 0.218151 18.372400 -0.122371 -0.211324 0.969726 0.000000 0.000000 0.000000 0.000000 1.000000
0.991064 -0.075581 0.109908 -0.000000 0.049363 0.973293 0.224194 18.372400 -0.123917 -0.216766 0.968327 -0.000000 0.000000 0.000000 0.000000 1.000000
0.990672 -0.080226 0.110148 0.000000 0.053360 0.972163 0.228149 18.372400 -0.125385 -0.220143 0.967376 0.000000 0.000000 0.000000 0.000000 1.000000
0.990879 -0.082480 0.106568 0.000000 0.056154 0.971601 0.229865 18.372400 -0.122501 -0.221784 0.967370 0.000000 0.000000 0.000000 0.000000 1.000000</float_array>
        <technique_common>
          <accessor source="#mixamorig_Neck-Matrix-animation-output-transform-array" count="31" stride="16">
            <param type="float4x4"/>
          </accessor>
        </technique_common>
      </source>
      <source id="mixamorig_Neck-Interpolations">
        <Name_array id="mixamorig_Neck-Interpolations-array" count="31">
