<?xml version="1.0" encoding="utf-8"?>
<COLLADA xmlns="http://www.collada.org/2005/11/COLLADASchema" version="1.4.1">
  <asset>
    <contributor>
      <author>Mixamo</author>
      <authoring_tool>COLLADA Mixamo exporter</authoring_tool>
      <comments/>
    </contributor>
    <created>2024-04-05T10:41:51Z</created>
    <modified>2024-04-05T10:41:51Z</modified>
    <revision/>
    <title/>
    <unit meter="0.010000"/>
    <up_axis>Y_UP</up_axis>
  </asset>
  <library_animations>
    <animation id="Armature-anim" name="Armature">
      <source id="Armature-Matrix-animation-input">
        <float_array id="Armature-Matrix-animation-input-array" count="118">

0.000000 0.033333 0.066667 0.100000 0.133333 0.166667 0.200000 0.233333 0.266667 0.300000 0.333333 0.366667 0.400000 0.433333 0.466667 0.500000
0.533333 0.566667 0.600000 0.633333 0.666667 0.700000 0.733333 0.766667 0.800000 0.833333 0.866667 0.900000 0.933333 0.966667 1.000000 1.033333
1.066667 1.100000 1.133333 1.166667 1.200000 1.233333 1.266667 1.300000 1.333333 1.366667 1.400000 1.433333 1.466667 1.500000 1.533333 1.566667
1.600000 1.633333 1.666667 1.700000 1.733333 1.766667 1.800000 1.833333 1.866667 1.900000 1.933333 1.966667 2.000000 2.033333 2.066667 2.100000
2.133333 2.166667 2.200000 2.233333 2.266667 2.300000 2.333333 2.366667 2.400000 2.433333 2.466667 2.500000 2.533333 2.566667 2.600000 2.633333
2.666667 2.700000 2.733333 2.766667 2.800000 2.833333 2.866667 2.900000 2.933333 2.966667 3.000000 3.033333 3.066667 3.100000 3.133333 3.166667
3.200000 3.233333 3.266667 3.300000 3.333333 3.366667 3.400000 3.433333 3.466667 3.500000 3.533333 3.566667 3.600000 3.633333 3.666667 3.700000
3.733333 3.766667 3.800000 3.833333 3.866667 3.900000</float_array>
        <technique_common>
          <accessor source="#Armature-Matrix-animation-input-array" count="118">
            <param name="TIME" type="float"/>
          </accessor>
        </technique_common>
      </source>
      <source id="Armature-Matrix-animation-output-transform">
        <float_array id="Armature-Matrix-animation-output-transform-array" count="1888">

1.000000 0.000000 0.000000 0.000000 0.000000 1.000000 0.000000 0.000000 0.000000 0.000000 1.000000 0.000000 0.000000 0.000000 0.000000 1.000000
1.000000 0.000000 0.000000 0.000000 0.000000 1.000000 0.000000 0.000000 0.000000 0.000000 1.000000 0.000000 0.000000 0.000000 0.000000 1.000000
1.000000 0.000000 0.000000 0.000000 0.000000 1.000000 0.000000 0.000000 0.000000 0.000000 1.000000 0.000000 0.000000 0.000000 0.000000 1.000000
1.000000 0.000000 0.000000 0.000000 0.000000 1.000000 0.000000 0.000000 0.000000 0.000000 1.000000 0.000000 0.000000 0.000000 0.000000 1.000000
1.000000 0.000000 0.000000 0.000000 0.000000 1.000000 0.000000 0.000000 0.000000 0.000000 1.000000 0.000000 0.000000 0.000000 0.000000 1.000000
1.000000 0.000000 0.000000 0.000000 0.000000 1.000000 0.000000 0.000000 0.000000 0.000000 1.000000 0.000000 0.000000 0.000000 0.000000 1.000000
1.000000 0.000000 0.000000 0.000000 0.000000 1.000000 0.000000 0.000000 0.000000 0.000000 1.000000 0.000000 0.000000 0.000000 0.000000 1.000000
1.000000 0.000000 0.000000 0.000000 0.000000 1.000000 0.000000 0.000000 0.000000 0.000000 1.000000 0.000000 0.000000 0.000000 0.000000 1.000000
1.000000 0.000000 0.000000 0.000000 0.000000 1.000000 0.000000 0.000000 0.000000 0.000000 1.000000 0.000000 0.000000 0.000000 0.000000 1.000000
1.000000 0.000000 0.000000 0.000000 0.000000 1.000000 0.000000 0.000000 0.000000 0.000000 1.000000 0.000000 0.000000 0.000000 0.000000 1.000000
1.000000 0.000000 0.000000 0.000000 0.000000 1.000000 0.000000 0.000000 0.000000 0.000000 1.000000 0.000000 0.000000 0.000000 0.000000 1.000000
1.000000 0.000000 0.000000 0.000000 0.000000 1.000000 0.000000 0.000000 0.000000 0.000000 1.000000 0.000000 0.000000 0.000000 0.000000 1.000000
1.000000 0.000000 0.000000 0.000000 0.000000 1.000000 0.000000 0.000000 0.000000 0.000000 1.000000 0.000000 0.000000 0.000000 0.000000 1.000000
1.000000 0.000000 0.000000 0.000000 0.000000 1.000000 0.000000 0.000000 0.000000 0.000000 1.000000 0.000000 0.000000 0.000000 0.000000 1.000000
1.000000 0.000000 0.000000 0.000000 0.000000 1.000000 0.000000 0.000000 0.000000 0.000000 1.000000 0.000000 0.000000 0.000000 0.000000 1.000000
1.000000 0.000000 0.000000 0.000000 0.000000 1.000000 0.000000 0.000000 0.000000 0.000000 1.000000 0.000000 0.000000 0.000000 0.000000 1.000000
1.000000 0.000000 0.000000 0.000000 0.000000 1.000000 0.000000 0.000000 0.000000 0.000000 1.000000 0.000000 0.000000 0.000000 0.000000 1.000000
1.000000 0.000000 0.000000 0.000000 0.000000 1.000000 0.000000 0.000000 0.000000 0.000000 1.000000 0.000000 0.000000 0.000000 0.000000 1.000000
1.000000 0.000000 0.000000 0.000000 0.000000 1.000000 0.000000 0.000000 0.000000 0.000000 1.000000 0.000000 0.000000 0.000000 0.000000 1.000000
1.000000 0.000000 0.000000 0.000000 0.000000 1.000000 0.000000 0.000000 0.000000 0.000000 1.000000 0.000000 0.000000 0.000000 0.000000 1.000000
1.000000 0.000000 0.000000 0.000000 0.000000 1.000000 0.000000 0.000000 0.000000 0.000000 1.000000 0.000000 0.000000 0.000000 0.000000 1.000000
1.000000 0.000000 0.000000 0.000000 0.000000 1.000000 0.000000 0.000000 0.000000 0.000000 1.000000 0.000000 0.000000 0.000000 0.000000 1.000000
1.000000 0.000000 0.000000 0.000000 0.000000 1.000000 0.000000 0.000000 0.000000 0.000000 1.000000 0.000000 0.000000 0.000000 0.000000 1.000000
1.000000 0.000000 0.000000 0.000000 0.000000 1.000000 0.000000 0.000000 0.000000 0.000000 1.000000 0.000000 0.000000 0.000000 0.000000 1.000000
1.000000 0.000000 0.000000 0.000000 0.000000 1.000000 0.000000 0.000000 0.000000 0.000000 1.000000 0.000000 0.000000 0.000000 0.000000 1.000000
1.000000 0.000000 0.000000 0.000000 0.000000 1.000000 0.000000 0.000000 0.000000 0.000000 1.000000 0.000000 0.000000 0.000000 0.000000 1.000000
1.000000 0.000000 0.000000 0.000000 0.000000 1.000000 0.000000 0.000000 0.000000 0.000000 1.000000 0.000000 0.000000 0.000000 0.000000 1.000000
1.000000 0.000000 0.000000 0.000000 0.000000 1.000000 0.000000 0.000000 0.000000 0.000000 1.000000 0.000000 0.000000 0.000000 0.000000 1.000000
1.000000 0.000000 0.000000 0.000000 0.000000 1.000000 0.000000 0.000000 0.000000 0.000000 1.000000 0.000000 0.000000 0.000000 0.000000 1.000000
1.000000 0.000000 0.000000 0.000000 0.000000 1.000000 0.000000 0.000000 0.000000 0.000000 1.000000 0.000000 0.000000 0.000000 0.000000 1.000000
1.000000 0.000000 0.000000 0.000000 0.000000 1.000000 0.000000 0.000000 0.000000 0.000000 1.000000 0.000000 0.000000 0.000000 0.000000 1.000000
1.000000 0.000000 0.000000 0.000000 0.000000 1.000000 0.000000 0.000000 0.000000 0.000000 1.000000 0.000000 0.000000 0.000000 0.000000 1.000000
1.000000 0.000000 0.000000 0.000000 0.000000 1.000000 0.000000 0.000000 0.000000 0.000000 1.000000 0.000000 0.000000 0.000000 0.000000 1.000000
1.000000 0.000000 0.000000 0.000000 0.000000 1.000000 0.000000 0.000000 0.000000 0.000000 1.000000 0.000000 0.000000 0.000000 0.000000 1.000000
1.000000 0.000000 0.000000 0.000000 0.000000 1.000000 0.000000 0.000000 0.000000 0.000000 1.000000 0.000000 0.000000 0.000000 0.000000 1.000000
1.000000 0.000000 0.000000 0.000000 0.000000 1.000000 0.000000 0.000000 0.000000 0.000000 1.000000 0.000000 0.000000 0.000000 0.000000 1.000000
1.000000 0.000000 0.000000 0.000000 0.000000 1.000000 0.000000 0.000000 0.000000 0.000000 1.000000 0.000000 0.000000 0.000000 0.000000 1.000000
1.000000 0.000000 0.000000 0.000000 0.000000 1.000000 0.000000 0.000000 0.000000 0.000000 1.000000 0.000000 0.000000 0.000000 0.000000 1.000000
1.000000 0.000000 0.000000 0.000000 0.000000 1.000000 0.000000 0.000000 0.000000 0.000000 1.000000 0.000000 0.000000 0.000000 0.000000 1.000000
1.000000 0.000000 0.000000 0.000000 0.000000 1.000000 0.000000 0.000000 0.000000 0.000000 1.000000 0.000000 0.000000 0.000000 0.000000 1.000000
1.000000 0.000000 0.000000 0.000000 0.000000 1.000000 0.000000 0.000000 0.000000 0.000000 1.000000 0.000000 0.000000 0.000000 0.000000 1.000000
1.000000 0.000000 0.000000 0.000000 0.000000 1.000000 0.000000 0.000000 0.000000 0.000000 1.000000 0.000000 0.000000 0.000000 0.000000 1.000000
1.000000 0.000000 0.000000 0.000000 0.000000 1.000000 0.000000 0.000000 0.000000 0.000000 1.000000 0.000000 0.000000 0.000000 0.000000 1.000000
1.000000 0.000000 0.000000 0.000000 0.000000 1.000000 0.000000 0.000000 0.000000 0.000000 1.000000 0.000000 0.000000 0.000000 0.000000 1.000000
1.000000 0.000000 0.000000 0.000000 0.000000 1.000000 0.000000 0.000000 0.000000 0.000000 1.000000 0.000000 0.000000 0.000000 0.000000 1.000000
1.000000 0.000000 0.000000 0.000000 0.000000 1.000000 0.000000 0.000000 0.000000 0.000000 1.000000 0.000000 0.000000 0.000000 0.000000 1.000000
1.000000 0.000000 0.000000 0.000000 0.000000 1.000000 0.000000 0.000000 0.000000 0.000000 1.000000 0.000000 0.000000 0.000000 0.000000 1.000000
1.000000 0.000000 0.000000 0.000000 0.000000 1.000000 0.000000 0.000000 0.000000 0.000000 1.000000 0.000000 0.000000 0.000000 0.000000 1.000000
1.000000 0.000000 0.000000 0.000000 0.000000 1.000000 0.000000 0.000000 0.000000 0.000000 1.000000 0.000000 0.000000 0.000000 0.000000 1.000000
1.000000 0.000000 0.000000 0.000000 0.000000 1.000000 0.000000 0.000000 0.000000 0.000000 1.000000 0.000000 0.000000 0.000000 0.000000 1.000000
1.000000 0.000000 0.000000 0.000000 0.000000 1.000000 0.000000 0.000000 0.000000 0.000000 1.000000 0.000000 0.000000 0.000000 0.000000 1.000000
1.000000 0.000000 0.000000 0.000000 0.000000 1.000000 0.000000 0.000000 0.000000 0.000000 1.000000 0.000000 0.000000 0.000000 0.000000 1.000000
1.000000 0.000000 0.000000 0.000000 0.000000 1.000000 0.000000 0.000000 0.000000 0.000000 1.000000 0.000000 0.000000 0.000000 0.000000 1.000000
1.000000 0.000000 0.000000 0.000000 0.000000 1.000000 0.000000 0.000000 0.000000 0.000000 1.000000 0.000000 0.000000 0.000000 0.000000 1.000000
1.000000 0.000000 0.000000 0.000000 0.000000 1.000000 0.000000 0.000000 0.000000 0.000000 1.000000 0.000000 0.000000 0.000000 0.000000 1.000000
1.000000 0.000000 0.000000 0.000000 0.000000 1.000000 0.000000 0.000000 0.000000 0.000000 1.000000 0.000000 0.000000 0.000000 0.000000 1.000000
1.000000 0.000000 0.000000 0.000000 0.000000 1.000000 0.000000 0.000000 0.000000 0.000000 1.000000 0.000000 0.000000 0.000000 0.000000 1.000000
1.000000 0.000000 0.000000 0.000000 0.000000 1.000000 0.000000 0.000000 0.000000 0.000000 1.000000 0.000000 0.000000 0.000000 0.000000 1.000000
1.000000 0.000000 0.000000 0.000000 0.000000 1.000000 0.000000 0.000000 0.000000 0.000000 1.000000 0.000000 0.000000 0.000000 0.000000 1.000000
1.000000 0.000000 0.000000 0.000000 0.000000 1.000000 0.000000 0.000000 0.000000 0.000000 1.000000 0.000000 0.000000 0.000000 0.000000 1.000000
1.000000 0.000000 0.000000 0.000000 0.000000 1.000000 0.000000 0.000000 0.000000 0.000000 1.000000 0.000000 0.000000 0.000000 0.000000 1.000000
1.000000 0.000000 0.000000 0.000000 0.000000 1.000000 0.000000 0.000000 0.000000 0.000000 1.000000 0.000000 0.000000 0.000000 0.000000 1.000000
1.000000 0.000000 0.000000 0.000000 0.000000 1.000000 0.000000 0.000000 0.000000 0.000000 1.000000 0.000000 0.000000 0.000000 0.000000 1.000000
1.000000 0.000000 0.000000 0.000000 0.000000 1.000000 0.000000 0.000000 0.000000 0.000000 1.000000 0.000000 0.000000 0.000000 0.000000 1.000000
1.000000 0.000000 0.000000 0.000000 0.000000 1.000000 0.000000 0.000000 0.000000 0.000000 1.000000 0.000000 0.000000 0.000000 0.000000 1.000000
1.000000 0.000000 0.000000 0.000000 0.000000 1.000000 0.000000 0.000000 0.000000 0.000000 1.000000 0.000000 0.000000 0.000000 0.000000 1.000000
1.000000 0.000000 0.000000 0.000000 0.000000 1.000000 0.000000 0.000000 0.000000 0.000000 1.000000 0.000000 0.000000 0.000000 0.000000 1.000000
1.000000 0.000000 0.000000 0.000000 0.000000 1.000000 0.000000 0.000000 0.000000 0.000000 1.000000 0.000000 0.000000 0.000000 0.000000 1.000000
1.000000 0.000000 0.000000 0.000000 0.000000 1.000000 0.000000 0.000000 0.000000 0.000000 1.000000 0.000000 0.000000 0.000000 0.000000 1.000000
1.000000 0.000000 0.000000 0.000000 0.000000 1.000000 0.000000 0.000000 0.000000 0.000000 1.000000 0.000000 0.000000 0.000000 0.000000 1.000000
1.000000 0.000000 0.000000 0.000000 0.000000 1.000000 0.000000 0.000000 0.000000 0.000000 1.000000 0.000000 0.000000 0.000000 0.000000 1.000000
1.000000 0.000000 0.000000 0.000000 0.000000 1.000000 0.000000 0.000000 0.000000 0.000000 1.000000 0.000000 0.000000 0.000000 0.000000 1.000000
1.000000 0.000000 0.000000 0.000000 0.000000 1.000000 0.000000 0.000000 0.000000 0.000000 1.000000 0.000000 0.000000 0.000000 0.000000 1.000000
1.000000 0.000000 0.000000 0.000000 0.000000 1.000000 0.000000 0.000000 0.000000 0.000000 1.000000 0.000000 0.000000 0.000000 0.000000 1.000000
1.000000 0.000000 0.000000 0.000000 0.000000 1.000000 0.000000 0.000000 0.000000 0.000000 1.000000 0.000000 0.000000 0.000000 0.000000 1.000000
1.000000 0.000000 0.000000 0.000000 0.000000 1.000000 0.000000 0.000000 0.000000 0.000000 1.000000 0.000000 0.000000 0.000000 0.000000 1.000000
1.000000 0.000000 0.000000 0.000000 0.000000 1.000000 0.000000 0.000000 0.000000 0.000000 1.000000 0.000000 0.000000 0.000000 0.000000 1.000000
1.000000 0.000000 0.000000 0.000000 0.000000 1.000000 0.000000 0.000000 0.000000 0.000000 1.000000 0.000000 0.000000 0.000000 0.000000 1.000000
1.000000 0.000000 0.000000 0.000000 0.000000 1.000000 0.000000 0.000000 0.000000 0.000000 1.000000 0.000000 0.000000 0.000000 0.000000 1.000000
1.000000 0.000000 0.000000 0.000000 0.000000 1.000000 0.000000 0.000000 0.000000 0.000000 1.000000 0.000000 0.000000 0.000000 0.000000 1.000000
1.000000 0.000000 0.000000 0.000000 0.000000 1.000000 0.000000 0.000000 0.000000 0.000000 1.000000 0.000000 0.000000 0.000000 0.000000 1.000000
1.000000 0.000000 0.000000 0.000000 0.000000 1.000000 0.000000 0.000000 0.000000 0.000000 1.000000 0.000000 0.000000 0.000000 0.000000 1.000000
1.000000 0.000000 0.000000 0.000000 0.000000 1.000000 0.000000 0.000000 0.000000 0.000000 1.000000 0.000000 0.000000 0.000000 0.000000 1.000000
1.000000 0.000000 0.000000 0.000000 0.000000 1.000000 0.000000 0.000000 0.000000 0.000000 1.000000 0.000000 0.000000 0.000000 0.000000 1.000000
1.000000 0.000000 0.000000 0.000000 0.000000 1.000000 0.000000 0.000000 0.000000 0.000000 1.000000 0.000000 0.000000 0.000000 0.000000 1.000000
1.000000 0.000000 0.000000 0.000000 0.000000 1.000000 0.000000 0.000000 0.000000 0.000000 1.000000 0.000000 0.000000 0.000000 0.000000 1.000000
1.000000 0.000000 0.000000 0.000000 0.000000 1.000000 0.000000 0.000000 0.000000 0.000000 1.000000 0.000000 0.000000 0.000000 0.000000 1.000000
1.000000 0.000000 0.000000 0.000000 0.000000 1.000000 0.000000 0.000000 0.000000 0.000000 1.000000 0.000000 0.000000 0.000000 0.000000 1.000000
1.000000 0.000000 0.000000 0.000000 0.000000 1.000000 0.000000 0.000000 0.000000 0.000000 1.000000 0.000000 0.000000 0.000000 0.000000 1.000000
1.000000 0.000000 0.000000 0.000000 0.000000 1.000000 0.000000 0.000000 0.000000 0.000000 1.000000 0.000000 0.000000 0.000000 0.000000 1.000000
1.000000 0.000000 0.000000 0.000000 0.000000 1.000000 0.000000 0.000000 0.000000 0.000000 1.000000 0.000000 0.000000 0.000000 0.000000 1.000000
1.000000 0.000000 0.000000 0.000000 0.000000 1.000000 0.000000 0.000000 0.000000 0.000000 1.000000 0.000000 0.000000 0.000000 0.000000 1.000000
1.000000 0.000000 0.000000 0.000000 0.000000 1.000000 0.000000 0.000000 0.000000 0.000000 1.000000 0.000000 0.000000 0.000000 0.000000 1.000000
1.000000 0.000000 0.000000 0.000000 0.000000 1.000000 0.000000 0.000000 0.000000 0.000000 1.000000 0.000000 0.000000 0.000000 0.000000 1.000000
1.000000 0.000000 0.000000 0.000000 0.000000 1.000000 0.000000 0.000000 0.000000 0.000000 1.000000 0.000000 0.000000 0.000000 0.000000 1.000000
1.000000 0.000000 0.000000 0.000000 0.000000 1.000000 0.000000 0.000000 0.000000 0.000000 1.000000 0.000000 0.000000 0.000000 0.000000 1.000000
1.000000 0.000000 0.000000 0.000000 0.000000 1.000000 0.000000 0.000000 0.000000 0.000000 1.000000 0.000000 0.000000 0.000000 0.000000 1.000000
1.000000 0.000000 0.000000 0.000000 0.000000 1.000000 0.000000 0.000000 0.000000 0.000000 1.000000 0.000000 0.000000 0.000000 0.000000 1.000000
1.000000 0.000000 0.000000 0.000000 0.000000 1.000000 0.000000 0.000000 0.000000 0.000000 1.000000 0.000000 0.000000 0.000000 0.000000 1.000000
1.000000 0.000000 0.000000 0.000000 0.000000 1.000000 0.000000 0.000000 0.000000 0.000000 1.000000 0.000000 0.000000 0.000000 0.000000 1.000000
1.000000 0.000000 0.000000 0.000000 0.000000 1.000000 0.000000 0.000000 0.000000 0.000000 1.000000 0.000000 0.000000 0.000000 0.000000 1.000000
1.000000 0.000000 0.000000 0.000000 0.000000 1.000000 0.000000 0.000000 0.000000 0.000000 1.000000 0.000000 0.000000 0.000000 0.000000 1.000000
1.000000 0.000000 0.000000 0.000000 0.000000 1.000000 0.000000 0.000000 0.000000 0.000000 1.000000 0.000000 0.000000 0.000000 0.000000 1.000000
1.000000 0.000000 0.000000 0.000000 0.000000 1.000000 0.000000 0.000000 0.000000 0.000000 1.000000 0.000000 0.000000 0.000000 0.000000 1.000000
1.000000 0.000000 0.000000 0.000000 0.000000 1.000000 0.000000 0.000000 0.000000 0.000000 1.000000 0.000000 0.000000 0.000000 0.000000 1.000000
1.000000 0.000000 0.000000 0.000000 0.000000 1.000000 0.000000 0.000000 0.000000 0.000000 1.000000 0.000000 0.000000 0.000000 0.000000 1.000000
1.000000 0.000000 0.000000 0.000000 0.000000 1.000000 0.000000 0.000000 0.000000 0.000000 1.000000 0.000000 0.000000 0.000000 0.000000 1.000000
1.000000 0.000000 0.000000 0.000000 0.000000 1.000000 0.000000 0.000000 0.000000 0.000000 1.000000 0.000000 0.000000 0.000000 0.000000 1.000000
1.000000 0.000000 0.000000 0.000000 0.000000 1.000000 0.000000 0.000000 0.000000 0.000000 1.000000 0.000000 0.000000 0.000000 0.000000 1.000000
1.000000 0.000000 0.000000 0.000000 0.000000 1.000000 0.000000 0.000000 0.000000 0.000000 1.000000 0.000000 0.000000 0.000000 0.000000 1.000000
1.000000 0.000000 0.000000 0.000000 0.000000 1.000000 0.000000 0.000000 0.000000 0.000000 1.000000 0.000000 0.000000 0.000000 0.000000 1.000000
1.000000 0.000000 0.000000 0.000000 0.000000 1.000000 0.000000 0.000000 0.000000 0.000000 1.000000 0.000000 0.000000 0.000000 0.000000 1.000000
1.000000 0.000000 0.000000 0.000000 0.000000 1.000000 0.000000 0.000000 0.000000 0.000000 1.000000 0.000000 0.000000 0.000000 0.000000 1.000000
1.000000 0.000000 0.000000 0.000000 0.000000 1.000000 0.000000 0.000000 0.000000 0.000000 1.000000 0.000000 0.000000 0.000000 0.000000 1.000000
1.000000 0.000000 0.000000 0.000000 0.000000 1.000000 0.000000 0.000000 0.000000 0.000000 1.000000 0.000000 0.000000 0.000000 0.000000 1.000000
1.000000 0.000000 0.000000 0.000000 0.000000 1.000000 0.000000 0.000000 0.000000 0.000000 1.000000 0.000000 0.000000 0.000000 0.000000 1.000000
1.000000 0.000000 0.000000 0.000000 0.000000 1.000000 0.000000 0.000000 0.000000 0.000000 1.000000 0.000000 0.000000 0.000000 0.000000 1.000000
1.000000 0.000000 0.000000 0.000000 0.000000 1.000000 0.000000 0.000000 0.000000 0.000000 1.000000 0.000000 0.000000 0.000000 0.000000 1.000000</float_array>
        <technique_common>
          <accessor source="#Armature-Matrix-animation-output-transform-array" count="118" stride="16">
            <param type="float4x4"/>
          </accessor>
        </technique_common>
      </source>
      <source id="Armature-Interpolations">
        <Name_array id="Armature-Interpolations-array" count="118">
 LINEAR LINEAR LINEAR LINEAR LINEAR LINEAR LINEAR LINEAR LINEAR LINEAR LINEAR
LINEAR LINEAR LINEAR LINEAR LINEAR LINEAR LINEAR LINEAR LINEAR LINEAR LINEAR LINEAR
LINEAR LINEAR LINEAR LINEAR LINEAR LINEAR LINEAR LINEAR LINEAR LINEAR LINEAR LINEAR
LINEAR LINEAR LINEAR LINEAR LINEAR LINEAR LINEAR LINEAR LINEAR LINEAR LINEAR LINEAR
LINEAR LINEAR LINEAR LINEAR LINEAR LINEAR LINEAR LINEAR LINEAR LINEAR LINEAR LINEAR
LINEAR LINEAR LINEAR LINEAR LINEAR LINEAR LINEAR LINEAR LINEAR LINEAR LINEAR LINEAR
LINEAR LINEAR LINEAR LINEAR LINEAR LINEAR LINEAR LINEAR LINEAR LINEAR LINEAR LINEAR
LINEAR LINEAR LINEAR LINEAR LINEAR LINEAR LINEAR LINEAR LINEAR LINEAR LINEAR LINEAR
LINEAR LINEAR LINEAR LINEAR LINEAR LINEAR LINEAR LINEAR LINEAR LINEAR LINEAR LINEAR
LINEAR LINEAR LINEAR LINEAR LINEAR LINEAR LINEAR LINEAR LINEAR LINEAR LINEAR</Name_array>
        <technique_common>
          <accessor source="#Armature-Interpolations-array" count="118">
            <param type="name"/>
          </accessor>
        </technique_common>
      </source>
      <sampler id="Armature-Matrix-animation-transform">
        <input semantic="INPUT" source="#Armature-Matrix-animation-input"/>
        <input semantic="OUTPUT" source="#Armature-Matrix-animation-output-transform"/>
        <input semantic="INTERPOLATION" source="#Armature-Interpolations"/>
      </sampler>
      <channel source="#Armature-Matrix-animation-transform" target="Armature/matrix"/>
    </animation>
    <animation id="mixamorig_Hips-anim" name="mixamorig_Hips">
      <source id="mixamorig_Hips-Matrix-animation-input">
        <float_array id="mixamorig_Hips-Matrix-animation-input-array" count="118">

0.000000 0.033333 0.066667 0.100000 0.133333 0.166667 0.200000 0.233333 0.266667 0.300000 0.333333 0.366667 0.400000 0.433333 0.466667 0.500000
0.533333 0.566667 0.600000 0.633333 0.666667 0.700000 0.733333 0.766667 0.800000 0.833333 0.866667 0.900000 0.933333 0.966667 1.000000 1.033333
1.066667 1.100000 1.133333 1.166667 1.200000 1.233333 1.266667 1.300000 1.333333 1.366667 1.400000 1.433333 1.466667 1.500000 1.533333 1.566667
1.600000 1.633333 1.666667 1.700000 1.733333 1.766667 1.800000 1.833333 1.866667 1.900000 1.933333 1.966667 2.000000 2.033333 2.066667 2.100000
2.133333 2.166667 2.200000 2.233333 2.266667 2.300000 2.333333 2.366667 2.400000 2.433333 2.466667 2.500000 2.533333 2.566667 2.600000 2.633333
2.666667 2.700000 2.733333 2.766667 2.800000 2.833333 2.866667 2.900000 2.933333 2.966667 3.000000 3.033333 3.066667 3.100000 3.133333 3.166667
3.200000 3.233333 3.266667 3.300000 3.333333 3.366667 3.400000 3.433333 3.466667 3.500000 3.533333 3.566667 3.600000 3.633333 3.666667 3.700000
3.733333 3.766667 3.800000 3.833333 3.866667 3.900000</float_array>
        <technique_common>
          <accessor source="#mixamorig_Hips-Matrix-animation-input-array" count="118">
            <param name="TIME" type="float"/>
          </accessor>
        </technique_common>
      </source>
      <source id="mixamorig_Hips-Matrix-animation-output-transform">
        <float_array id="mixamorig_Hips-Matrix-animation-output-transform-array" count="1888">

0.582875 -0.121083 -0.803490 2.089424 -0.014462 0.987133 -0.159248 87.794823 0.812433 0.104442 0.573624 -1.514488 0.000000 0.000000 0.000000 1.000000
0.614745 -0.104260 -0.781804 1.739842 -0.001578 0.991060 -0.133406 87.667374 0.788724 0.083244 0.609085 -1.138212 0.000000 0.000000 0.000000 1.000000
0.654508 -0.082494 -0.751541 1.316146 0.014652 0.995227 -0.096482 87.509872 0.755913 0.052136 0.652593 -0.675560 0.000000 0.000000 0.000000 1.000000
0.704524 -0.054108 -0.707615 0.783419 0.021147 0.998247 -0.055277 87.525467 0.709365 0.023980 0.704433 -0.307598 0.000000 0.000000 0.000000 1.000000
0.747218 -0.041341 -0.663292 0.430795 0.011866 0.998734 -0.048880 88.156670 0.664473 0.028653 0.746763 -0.497285 0.000000 0.000000 0.000000 1.000000
0.777593 -0.059923 -0.625906 0.625033 0.003213 0.995814 -0.091345 89.710724 0.628759 0.069018 0.774531 -1.932121 0.000000 0.000000 0.000000 1.000000
0.807085 -0.079081 -0.585115 1.285158 -0.000810 0.990841 -0.135034 91.882614 0.590434 0.109458 0.799629 -4.229099 0.000000 0.000000 0.000000 1.000000
0.838440 -0.090992 -0.537345 2.149190 -0.002843 0.985220 -0.171269 94.459053 0.544987 0.145126 0.825789 -7.204029 0.000000 0.000000 0.000000 1.000000
0.866513 -0.097219 -0.489596 2.864192 -0.004332 0.979348 -0.202137 97.139145 0.499136 0.177275 0.848196 -10.046707 0.000000 0.000000 0.000000 1.000000
0.878942 -0.092606 -0.467851 3.294906 -0.012207 0.976278 -0.216177 99.011887 0.476772 0.195718 0.856962 -11.717105 0.000000 0.000000 0.000000 1.000000
0.875744 -0.080605 -0.475999 3.506723 -0.026107 0.976614 -0.213408 99.990570 0.482070 0.199318 0.853160 -12.323160 0.000000 0.000000 0.000000 1.000000
0.866221 -0.068166 -0.494990 3.633511 -0.041255 0.977511 -0.206811 100.530342 0.497956 0.199564 0.843928 -12.499036 0.000000 0.000000 0.000000 1.000000
0.861924 -0.060693 -0.503391 3.697235 -0.045442 0.979568 -0.195912 100.583267 0.504996 0.191736 0.841556 -12.350253 0.000000 0.000000 0.000000 1.000000
0.864120 -0.057678 -0.499970 3.796404 -0.041748 0.981773 -0.185415 100.527847 0.501551 0.181094 0.845962 -12.032681 0.000000 0.000000 0.000000 1.000000
0.867973 -0.056030 -0.493440 3.904100 -0.036085 0.983873 -0.175193 100.438919 0.495298 0.169869 0.851953 -11.666869 0.000000 0.000000 0.000000 1.000000
0.872203 -0.055227 -0.486016 4.006350 -0.029802 0.985760 -0.165496 100.347893 0.488235 0.158830 0.858137 -11.287050 0.000000 0.000000 0.000000 1.000000
0.876278 -0.055035 -0.478652 4.099788 -0.023500 0.987390 -0.156551 100.273102 0.481232 0.148431 0.863935 -10.905101 0.000000 0.000000 0.000000 1.000000
0.878357 -0.057115 -0.474581 4.156205 -0.019011 0.987876 -0.154075 100.277939 0.477628 0.144355 0.866622 -10.510645 0.000000 0.000000 0.000000 1.000000
0.877937 -0.059606 -0.475052 4.166575 -0.017513 0.987558 -0.156277 100.289124 0.478456 0.145521 0.865970 -10.075078 0.000000 0.000000 0.000000 1.000000
0.875995 -0.060208 -0.478548 4.136949 -0.018181 0.987351 -0.157503 100.222389 0.481978 0.146672 0.863820 -9.570326 0.000000 0.000000 0.000000 1.000000
0.874203 -0.059417 -0.481912 4.078671 -0.018317 0.987743 -0.155010 100.043152 0.485215 0.144337 0.862399 -9.018230 0.000000 0.000000 0.000000 1.000000
0.872801 -0.058450 -0.484564 4.009427 -0.017530 0.988409 -0.150802 99.804024 0.487761 0.140114 0.861659 -8.450667 0.000000 0.000000 0.000000 1.000000
0.871551 -0.057375 -0.486937 3.935070 -0.016450 0.989149 -0.145994 99.543541 0.490030 0.135252 0.861149 -7.874982 0.000000 0.000000 0.000000 1.000000
0.870344 -0.056233 -0.489223 3.858451 -0.015317 0.989887 -0.141031 99.276688 0.492206 0.130239 0.860681 -7.295272 0.000000 0.000000 0.000000 1.000000
0.869189 -0.055015 -0.491410 3.778306 -0.014152 0.990617 -0.135934 99.004059 0.494278 0.125107 0.860254 -6.709419 0.000000 0.000000 0.000000 1.000000
0.868930 -0.052322 -0.492162 3.651612 -0.013160 0.991602 -0.128652 98.694931 0.494761 0.118266 0.860944 -6.043652 0.000000 0.000000 0.000000 1.000000
0.873050 -0.049130 -0.485149 3.405966 -0.010138 0.992868 -0.118790 98.290627 0.487525 0.108628 0.866325 -5.089332 0.000000 0.000000 0.000000 1.000000
0.878250 -0.045977 -0.475986 3.146860 -0.006817 0.994062 -0.108598 97.923416 0.478153 0.098621 0.872722 -4.056857 0.000000 0.000000 0.000000 1.000000
0.884306 -0.043106 -0.464914 2.849340 -0.003001 0.995184 -0.097979 97.501968 0.466899 0.088039 0.879918 -2.979920 0.000000 0.000000 0.000000 1.000000
0.890958 -0.040417 -0.452284 2.524749 0.001117 0.996223 -0.086825 97.039299 0.454085 0.076852 0.887638 -1.853105 0.000000 0.000000 0.000000 1.000000
0.897976 -0.037789 -0.438419 2.172997 0.005330 0.997167 -0.075033 96.513901 0.440012 0.065041 0.895633 -0.683596 0.000000 0.000000 0.000000 1.000000
0.905149 -0.035054 -0.423646 1.796449 0.009394 0.998000 -0.062509 95.902557 0.424990 0.052600 0.903668 0.523020 0.000000 0.000000 0.000000 1.000000
0.912298 -0.031896 -0.408282 1.397940 0.012917 0.998707 -0.049159 95.191727 0.409323 0.039574 0.911531 1.761950 0.000000 0.000000 0.000000 1.000000
0.919254 -0.028151 -0.392658 0.976390 0.015690 0.999267 -0.034908 94.364151 0.393353 0.025929 0.919022 3.024913 0.000000 0.000000 0.000000 1.000000
0.926405 -0.023966 -0.375766 0.527368 0.017923 0.999648 -0.019568 93.444580 0.376103 0.011393 0.926508 4.312372 0.000000 0.000000 0.000000 1.000000
0.934011 -0.019740 -0.356699 0.047521 0.019936 0.999796 -0.003129 92.467278 0.356689 -0.004188 0.934214 5.627742 0.000000 0.000000 0.000000 1.000000
0.941747 -0.015596 -0.335959 -0.459933 0.021623 0.999665 0.014205 91.428596 0.335625 -0.020642 0.941769 6.968957 0.000000 0.000000 0.000000 1.000000
0.949328 -0.011621 -0.314074 -0.991892 0.022890 0.999219 0.032219 90.326126 0.313454 -0.037775 0.948852 8.334054 0.000000 0.000000 0.000000 1.000000
0.956500 -0.008173 -0.291618 -1.551566 0.023981 0.998427 0.050673 89.165001 0.290746 -0.055462 0.955192 9.718801 0.000000 0.000000 0.000000 1.000000
0.963087 -0.005209 -0.269140 -2.134291 0.024772 0.997285 0.069341 87.938614 0.268049 -0.073448 0.960602 11.121550 0.000000 0.000000 0.000000 1.000000
0.968930 -0.002611 -0.247320 -2.733627 0.025143 0.995804 0.087989 86.621140 0.246053 -0.091474 0.964930 12.539385 0.000000 0.000000 0.000000 1.000000
0.974001 -0.000156 -0.226545 -3.371969 0.024907 0.994011 0.106401 85.162399 0.225171 -0.109277 0.968172 13.948236 0.000000 0.000000 0.000000 1.000000
0.978237 0.002208 -0.207477 -4.018523 0.024135 0.991945 0.124350 83.609695 0.206081 -0.126651 0.970304 15.372407 0.000000 0.000000 0.000000 1.000000
0.981667 0.005009 -0.190536 -4.643569 0.022443 0.989663 0.141646 82.012070 0.189276 -0.143325 0.971407 16.829243 0.000000 0.000000 0.000000 1.000000
0.984318 0.008597 -0.176196 -5.226243 0.019678 0.987227 0.158100 80.416092 0.175305 -0.159088 0.971576 18.327501 0.000000 0.000000 0.000000 1.000000
0.985503 0.014424 -0.169044 -5.756536 0.015234 0.984831 0.172848 78.630219 0.168973 -0.172917 0.970334 19.908785 0.000000 0.000000 0.000000 1.000000
0.985081 0.021730 -0.170714 -6.237342 0.010280 0.982794 0.184418 76.169830 0.171785 -0.183421 0.967908 21.847282 0.000000 0.000000 0.000000 1.000000
0.983546 0.029632 -0.178210 -6.646770 0.005319 0.981278 0.192521 72.898872 0.180579 -0.190301 0.964975 24.341099 0.000000 0.000000 0.000000 1.000000
0.980505 0.040487 -0.192275 -6.978948 -0.001891 0.980440 0.196808 68.538040 0.196483 -0.192607 0.961404 27.667149 0.000000 0.000000 0.000000 1.000000
0.973555 0.055322 -0.221652 -7.287464 -0.011589 0.980946 0.193933 61.674343 0.228158 -0.186235 0.955647 32.722656 0.000000 0.000000 0.000000 1.000000
0.963300 0.069622 -0.259242 -7.417844 -0.021010 0.982371 0.185755 54.501881 0.267604 -0.173491 0.947781 38.143452 0.000000 0.000000 0.000000 1.000000
0.951943 0.078438 -0.296060 -6.986152 -0.027320 0.984542 0.173003 50.486660 0.305053 -0.156601 0.939371 41.889687 0.000000 0.000000 0.000000 1.000000
0.941050 0.081281 -0.328357 -5.620265 -0.031275 0.987451 0.154800 50.312195 0.336818 -0.135405 0.931783 43.217506 0.000000 0.000000 0.000000 1.000000
0.929964 0.079606 -0.358929 -4.037119 -0.032660 0.990305 0.135016 51.305771 0.366197 -0.113838 0.923548 43.820015 0.000000 0.000000 0.000000 1.000000
0.919448 0.080041 -0.384979 -2.466391 -0.037204 0.992379 0.117471 52.005646 0.391448 -0.093686 0.915419 44.246780 0.000000 0.000000 0.000000 1.000000
0.910769 0.086138 -0.403833 -1.327505 -0.045883 0.993055 0.108339 51.478168 0.410360 -0.080143 0.908395 44.717216 0.000000 0.000000 0.000000 1.000000
0.900690 0.088966 -0.425255 -0.734926 -0.049521 0.993453 0.102952 50.255165 0.431630 -0.071669 0.899199 45.371391 0.000000 0.000000 0.000000 1.000000
0.889005 0.093867 -0.448174 -0.370875 -0.053454 0.993346 0.102016 49.937943 0.454767 -0.066736 0.888106 46.066494 0.000000 0.000000 0.000000 1.000000
0.882160 0.104162 -0.459286 -0.074130 -0.063523 0.992639 0.103112 50.296272 0.466646 -0.061786 0.882283 46.570957 0.000000 0.000000 0.000000 1.000000
0.882659 0.115665 -0.455559 0.067157 -0.077471 0.991793 0.101710 50.869621 0.463584 -0.054482 0.884376 46.861080 0.000000 0.000000 0.000000 1.000000
0.888138 0.124240 -0.442465 0.045982 -0.088589 0.990991 0.100440 51.331707 0.450958 -0.050007 0.891143 47.035564 0.000000 0.000000 0.000000 1.000000
0.894170 0.130468 -0.428297 -0.094316 -0.094491 0.990045 0.104316 51.693634 0.437643 -0.052806 0.897597 47.239567 0.000000 0.000000 0.000000 1.000000
0.898311 0.136612 -0.417583 -0.238094 -0.101337 0.989229 0.105628 51.992935 0.427515 -0.052571 0.902478 47.559452 0.000000 0.000000 0.000000 1.000000
0.904156 0.138490 -0.404133 -0.361839 -0.106992 0.989255 0.099633 52.259552 0.413589 -0.046845 0.909258 47.886707 0.000000 0.000000 0.000000 1.000000
0.910819 0.134882 -0.390149 -0.519173 -0.109976 0.990241 0.085602 52.505669 0.397888 -0.035061 0.916764 48.250950 0.000000 0.000000 0.000000 1.000000
0.914622 0.128678 -0.383286 -0.723844 -0.109731 0.991423 0.070995 52.708183 0.389134 -0.022875 0.920897 48.680264 0.000000 0.000000 0.000000 1.000000
0.916594 0.123488 -0.380272 -1.018712 -0.108801 0.992253 0.059968 52.870056 0.384731 -0.013593 0.922929 49.142998 0.000000 0.000000 0.000000 1.000000
0.918383 0.116999 -0.378001 -1.394472 -0.107968 0.993132 0.045077 52.987835 0.380679 -0.000586 0.924707 49.654327 0.000000 0.000000 0.000000 1.000000
0.918301 0.111235 -0.379935 -1.844996 -0.107423 0.993721 0.031293 53.094894 0.381030 0.012077 0.924484 50.211662 0.000000 0.000000 0.000000 1.000000
0.918373 0.105818 -0.381306 -2.335831 -0.107454 0.994064 0.017066 53.181931 0.380848 0.025300 0.924291 50.766647 0.000000 0.000000 0.000000 1.000000
0.919640 0.098548 -0.380199 -2.815952 -0.106563 0.994306 -0.000031 53.247913 0.378031 0.040544 0.924905 51.337936 0.000000 0.000000 0.000000 1.000000
0.921405 0.090547 -0.377906 -3.286725 -0.105036 0.994308 -0.017858 53.304241 0.374138 0.056148 0.925672 51.907269 0.000000 0.000000 0.000000 1.000000
0.924052 0.080971 -0.373593 -3.759884 -0.101463 0.994206 -0.035480 53.363262 0.368556 0.070691 0.926914 52.443665 0.000000 0.000000 0.000000 1.000000
0.928752 0.067374 -0.364527 -4.219796 -0.093106 0.994220 -0.053461 53.406330 0.358819 0.083591 0.929657 52.894867 0.000000 0.000000 0.000000 1.000000
0.933187 0.052130 -0.355590 -4.761705 -0.084003 0.993656 -0.074781 53.444168 0.349435 0.099655 0.931646 53.421631 0.000000 0.000000 0.000000 1.000000
0.938059 0.038835 -0.344292 -5.360171 -0.076274 0.992467 -0.095871 53.449768 0.337975 0.116193 0.933955 54.007065 0.000000 0.000000 0.000000 1.000000
0.944037 0.026744 -0.328753 -6.037538 -0.068496 0.990875 -0.116083 53.416557 0.322648 0.132105 0.937255 54.649609 0.000000 0.000000 0.000000 1.000000
0.949862 0.014906 -0.312312 -6.735152 -0.060340 0.988825 -0.136323 53.375519 0.306790 0.148333 0.940147 55.321266 0.000000 0.000000 0.000000 1.000000
0.955470 0.002957 -0.295072 -7.450253 -0.051809 0.986098 -0.157880 53.296219 0.290504 0.166137 0.942341 56.066998 0.000000 0.000000 0.000000 1.000000
0.960876 -0.009171 -0.276829 -8.189832 -0.042790 0.982538 -0.181073 53.192047 0.273655 0.185834 0.943705 56.882465 0.000000 0.000000 0.000000 1.000000
0.966599 -0.021331 -0.255403 -8.973816 -0.033656 0.977336 -0.208999 53.004482 0.254073 0.210614 0.943975 57.819229 0.000000 0.000000 0.000000 1.000000
0.972194 -0.033325 -0.231792 -9.798024 -0.023887 0.970546 -0.239728 52.775684 0.232954 0.238599 0.942763 58.843082 0.000000 0.000000 0.000000 1.000000
0.977258 -0.044659 -0.207298 -10.625010 -0.013423 0.962584 -0.270652 52.528027 0.211629 0.267280 0.940093 59.886612 0.000000 0.000000 0.000000 1.000000
0.981845 -0.055159 -0.181489 -11.452228 -0.002302 0.953251 -0.302171 52.246552 0.189672 0.297103 0.935817 60.955017 0.000000 0.000000 0.000000 1.000000
0.986069 -0.064688 -0.153243 -12.297032 0.009649 0.941976 -0.335542 51.913937 0.166057 0.329389 0.929477 62.076309 0.000000 0.000000 0.000000 1.000000
0.990343 -0.072758 -0.118013 -13.207829 0.023269 0.926381 -0.375869 51.452972 0.136673 0.369493 0.919128 63.347290 0.000000 0.000000 0.000000 1.000000
0.994237 -0.082959 -0.067899 -14.318317 0.045276 0.899054 -0.435490 50.804863 0.097173 0.429906 0.897629 64.887497 0.000000 0.000000 0.000000 1.000000
0.995764 -0.091251 -0.011274 -15.499378 0.073401 0.862781 -0.500222 50.034882 0.055373 0.497275 0.865824 66.525352 0.000000 0.000000 0.000000 1.000000
0.994216 -0.096081 0.047982 -16.827009 0.106308 0.817039 -0.566697 49.015499 0.015245 0.568520 0.822528 68.384277 0.000000 0.000000 0.000000 1.000000
0.989533 -0.097310 0.106558 -18.448387 0.143068 0.758019 -0.636348 47.494030 -0.018850 0.644933 0.764007 70.911682 0.000000 0.000000 0.000000 1.000000
0.981701 -0.093467 0.165915 -20.376476 0.184518 0.682306 -0.707398 45.498512 -0.047086 0.725067 0.687067 74.215286 0.000000 0.000000 0.000000 1.000000
0.967728 -0.080372 0.238836 -22.766872 0.240587 0.576639 -0.780773 42.655968 -0.074970 0.813036 0.577366 78.496422 0.000000 0.000000 0.000000 1.000000
0.948948 -0.057045 0.310231 -24.973051 0.300694 0.460715 -0.835060 38.819271 -0.095293 0.885713 0.454348 82.858582 0.000000 0.000000 0.000000 1.000000
0.924628 -0.027076 0.379909 -26.875027 0.366108 0.338214 -0.866935 33.149456 -0.105018 0.940680 0.322635 86.956512 0.000000 0.000000 0.000000 1.000000
0.894199 -0.000216 0.447670 -28.293991 0.436326 0.224110 -0.871432 26.295101 -0.100139 0.974564 0.200493 90.490356 0.000000 0.000000 0.000000 1.000000
0.863278 0.010117 0.504628 -29.339830 0.499387 0.127958 -0.856877 21.468311 -0.073240 0.991728 0.105411 93.467438 0.000000 0.000000 0.000000 1.000000
0.851674 0.000164 0.524072 -29.932060 0.523747 0.034908 -0.851158 20.340176 -0.018434 0.999391 0.029644 96.379433 0.000000 0.000000 0.000000 1.000000
0.873725 -0.007670 0.486359 -29.806755 0.485206 -0.056835 -0.872551 21.250801 0.034335 0.998354 -0.045937 99.354950 0.000000 0.000000 0.000000 1.000000
0.893250 -0.001132 0.449559 -29.525349 0.446736 -0.109671 -0.887918 22.312954 0.050309 0.993967 -0.097458 101.683327 0.000000 0.000000 0.000000 1.000000
0.899662 0.007279 0.436527 -29.428272 0.433952 -0.124609 -0.892277 23.009384 0.047901 0.992179 -0.115265 102.774124 0.000000 0.000000 0.000000 1.000000
0.905618 0.010483 0.423966 -29.300148 0.421684 -0.128723 -0.897560 23.338064 0.045165 0.991625 -0.120994 103.461952 0.000000 0.000000 0.000000 1.000000
0.910782 0.005479 0.412850 -29.170685 0.410192 -0.126053 -0.903246 23.191025 0.047093 0.992008 -0.117055 103.679619 0.000000 0.000000 0.000000 1.000000
0.916256 -0.001213 0.400591 -28.999718 0.397493 -0.121399 -0.909539 22.856522 0.049734 0.992603 -0.110751 103.736435 0.000000 0.000000 0.000000 1.000000
0.923140 -0.006998 0.384401 -28.743324 0.381032 -0.116643 -0.917174 22.384703 0.051256 0.993149 -0.105012 103.726631 0.000000 0.000000 0.000000 1.000000
0.934309 -0.008953 0.356351 -28.286736 0.353126 -0.113224 -0.928699 21.712145 0.048662 0.993529 -0.102625 103.572487 0.000000 0.000000 0.000000 1.000000
0.944644 -0.008966 0.327975 -27.812571 0.325311 -0.104390 -0.939827 21.166061 0.042664 0.994496 -0.095695 103.321144 0.000000 0.000000 0.000000 1.000000
0.952385 -0.006649 0.304826 -27.455452 0.302900 -0.093626 -0.948412 20.849052 0.034846 0.995585 -0.087154 102.720894 0.000000 0.000000 0.000000 1.000000
0.958601 0.000288 0.284753 -27.123627 0.283750 -0.084827 -0.955139 20.613268 0.023880 0.996396 -0.081396 101.794556 0.000000 0.000000 0.000000 1.000000
0.962783 0.009376 0.270113 -26.903685 0.269959 -0.081694 -0.959400 20.281456 0.013071 0.996613 -0.081184 100.528679 0.000000 0.000000 0.000000 1.000000
0.965075 0.012736 0.261662 -26.890676 0.261818 -0.081163 -0.961698 19.891514 0.008989 0.996619 -0.081663 99.604324 0.000000 0.000000 0.000000 1.000000
0.966273 0.011128 0.257280 -26.939096 0.257343 -0.078772 -0.963104 19.661087 0.009549 0.996831 -0.078979 99.299698 0.000000 0.000000 0.000000 1.000000
0.967270 0.010769 0.253519 -26.872929 0.253603 -0.074762 -0.964415 19.567945 0.008568 0.997143 -0.075046 99.276337 0.000000 0.000000 0.000000 1.000000
0.967972 0.013450 0.250698 -26.664618 0.251016 -0.070102 -0.965441 19.497040 0.004589 0.997449 -0.071233 99.365959 0.000000 0.000000 0.000000 1.000000
0.967212 0.018726 0.253280 -26.528460 0.253969 -0.067114 -0.964881 19.482637 -0.001070 0.997570 -0.069670 99.605316 0.000000 0.000000 0.000000 1.000000
0.964351 0.021965 0.263712 -26.651329 0.264612 -0.070123 -0.961802 19.504251 -0.002633 0.997296 -0.073435 99.932381 0.000000 0.000000 0.000000 1.000000
