<?xml version="1.0" encoding="utf-8"?>
<COLLADA xmlns="http://www.collada.org/2005/11/COLLADASchema" version="1.4.1">
  <asset>
    <contributor>
      <author>Mixamo</author>
      <authoring_tool>COLLADA Mixamo exporter</authoring_tool>
      <comments/>
    </contributor>
    <created>2024-05-15T12:42:09Z</created>
    <modified>2024-05-15T12:42:09Z</modified>
    <revision/>
    <title/>
    <unit meter="0.010000"/>
    <up_axis>Y_UP</up_axis>
  </asset>
  <library_animations>
    <animation id="Armature-anim" name="Armature">
      <source id="Armature-Matrix-animation-input">
        <float_array id="Armature-Matrix-animation-input-array" count="46">

0.000000 0.033333 0.066667 0.100000 0.133333 0.166667 0.200000 0.233333 0.266667 0.300000 0.333333 0.366667 0.400000 0.433333 0.466667 0.500000
0.533333 0.566667 0.600000 0.633333 0.666667 0.700000 0.733333 0.766667 0.800000 0.833333 0.866667 0.900000 0.933333 0.966667 1.000000 1.033333
1.066667 1.100000 1.133333 1.166667 1.200000 1.233333 1.266667 1.300000 1.333333 1.366667 1.400000 1.433333 1.466667 1.500000</float_array>
        <technique_common>
          <accessor source="#Armature-Matrix-animation-input-array" count="46">
            <param name="TIME" type="float"/>
          </accessor>
        </technique_common>
      </source>
      <source id="Armature-Matrix-animation-output-transform">
        <float_array id="Armature-Matrix-animation-output-transform-array" count="736">

1.000000 0.000000 0.000000 0.000000 0.000000 1.000000 0.000000 0.000000 0.000000 0.000000 1.000000 0.000000 0.000000 0.000000 0.000000 1.000000
1.000000 0.000000 0.000000 0.000000 0.000000 1.000000 0.000000 0.000000 0.000000 0.000000 1.000000 0.000000 0.000000 0.000000 0.000000 1.000000
1.000000 0.000000 0.000000 0.000000 0.000000 1.000000 0.000000 0.000000 0.000000 0.000000 1.000000 0.000000 0.000000 0.000000 0.000000 1.000000
1.000000 0.000000 0.000000 0.000000 0.000000 1.000000 0.000000 0.000000 0.000000 0.000000 1.000000 0.000000 0.000000 0.000000 0.000000 1.000000
1.000000 0.000000 0.000000 0.000000 0.000000 1.000000 0.000000 0.000000 0.000000 0.000000 1.000000 0.000000 0.000000 0.000000 0.000000 1.000000
1.000000 0.000000 0.000000 0.000000 0.000000 1.000000 0.000000 0.000000 0.000000 0.000000 1.000000 0.000000 0.000000 0.000000 0.000000 1.000000
1.000000 0.000000 0.000000 0.000000 0.000000 1.000000 0.000000 0.000000 0.000000 0.000000 1.000000 0.000000 0.000000 0.000000 0.000000 1.000000
1.000000 0.000000 0.000000 0.000000 0.000000 1.000000 0.000000 0.000000 0.000000 0.000000 1.000000 0.000000 0.000000 0.000000 0.000000 1.000000
1.000000 0.000000 0.000000 0.000000 0.000000 1.000000 0.000000 0.000000 0.000000 0.000000 1.000000 0.000000 0.000000 0.000000 0.000000 1.000000
1.000000 0.000000 0.000000 0.000000 0.000000 1.000000 0.000000 0.000000 0.000000 0.000000 1.000000 0.000000 0.000000 0.000000 0.000000 1.000000
1.000000 0.000000 0.000000 0.000000 0.000000 1.000000 0.000000 0.000000 0.000000 0.000000 1.000000 0.000000 0.000000 0.000000 0.000000 1.000000
1.000000 0.000000 0.000000 0.000000 0.000000 1.000000 0.000000 0.000000 0.000000 0.000000 1.000000 0.000000 0.000000 0.000000 0.000000 1.000000
1.000000 0.000000 0.000000 0.000000 0.000000 1.000000 0.000000 0.000000 0.000000 0.000000 1.000000 0.000000 0.000000 0.000000 0.000000 1.000000
1.000000 0.000000 0.000000 0.000000 0.000000 1.000000 0.000000 0.000000 0.000000 0.000000 1.000000 0.000000 0.000000 0.000000 0.000000 1.000000
1.000000 0.000000 0.000000 0.000000 0.000000 1.000000 0.000000 0.000000 0.000000 0.000000 1.000000 0.000000 0.000000 0.000000 0.000000 1.000000
1.000000 0.000000 0.000000 0.000000 0.000000 1.000000 0.000000 0.000000 0.000000 0.000000 1.000000 0.000000 0.000000 0.000000 0.000000 1.000000
1.000000 0.000000 0.000000 0.000000 0.000000 1.000000 0.000000 0.000000 0.000000 0.000000 1.000000 0.000000 0.000000 0.000000 0.000000 1.000000
1.000000 0.000000 0.000000 0.000000 0.000000 1.000000 0.000000 0.000000 0.000000 0.000000 1.000000 0.000000 0.000000 0.000000 0.000000 1.000000
1.000000 0.000000 0.000000 0.000000 0.000000 1.000000 0.000000 0.000000 0.000000 0.000000 1.000000 0.000000 0.000000 0.000000 0.000000 1.000000
1.000000 0.000000 0.000000 0.000000 0.000000 1.000000 0.000000 0.000000 0.000000 0.000000 1.000000 0.000000 0.000000 0.000000 0.000000 1.000000
1.000000 0.000000 0.000000 0.000000 0.000000 1.000000 0.000000 0.000000 0.000000 0.000000 1.000000 0.000000 0.000000 0.000000 0.000000 1.000000
1.000000 0.000000 0.000000 0.000000 0.000000 1.000000 0.000000 0.000000 0.000000 0.000000 1.000000 0.000000 0.000000 0.000000 0.000000 1.000000
1.000000 0.000000 0.000000 0.000000 0.000000 1.000000 0.000000 0.000000 0.000000 0.000000 1.000000 0.000000 0.000000 0.000000 0.000000 1.000000
1.000000 0.000000 0.000000 0.000000 0.000000 1.000000 0.000000 0.000000 0.000000 0.000000 1.000000 0.000000 0.000000 0.000000 0.000000 1.000000
1.000000 0.000000 0.000000 0.000000 0.000000 1.000000 0.000000 0.000000 0.000000 0.000000 1.000000 0.000000 0.000000 0.000000 0.000000 1.000000
1.000000 0.000000 0.000000 0.000000 0.000000 1.000000 0.000000 0.000000 0.000000 0.000000 1.000000 0.000000 0.000000 0.000000 0.000000 1.000000
1.000000 0.000000 0.000000 0.000000 0.000000 1.000000 0.000000 0.000000 0.000000 0.000000 1.000000 0.000000 0.000000 0.000000 0.000000 1.000000
1.000000 0.000000 0.000000 0.000000 0.000000 1.000000 0.000000 0.000000 0.000000 0.000000 1.000000 0.000000 0.000000 0.000000 0.000000 1.000000
1.000000 0.000000 0.000000 0.000000 0.000000 1.000000 0.000000 0.000000 0.000000 0.000000 1.000000 0.000000 0.000000 0.000000 0.000000 1.000000
1.000000 0.000000 0.000000 0.000000 0.000000 1.000000 0.000000 0.000000 0.000000 0.000000 1.000000 0.000000 0.000000 0.000000 0.000000 1.000000
1.000000 0.000000 0.000000 0.000000 0.000000 1.000000 0.000000 0.000000 0.000000 0.000000 1.000000 0.000000 0.000000 0.000000 0.000000 1.000000
1.000000 0.000000 0.000000 0.000000 0.000000 1.000000 0.000000 0.000000 0.000000 0.000000 1.000000 0.000000 0.000000 0.000000 0.000000 1.000000
1.000000 0.000000 0.000000 0.000000 0.000000 1.000000 0.000000 0.000000 0.000000 0.000000 1.000000 0.000000 0.000000 0.000000 0.000000 1.000000
1.000000 0.000000 0.000000 0.000000 0.000000 1.000000 0.000000 0.000000 0.000000 0.000000 1.000000 0.000000 0.000000 0.000000 0.000000 1.000000
1.000000 0.000000 0.000000 0.000000 0.000000 1.000000 0.000000 0.000000 0.000000 0.000000 1.000000 0.000000 0.000000 0.000000 0.000000 1.000000
1.000000 0.000000 0.000000 0.000000 0.000000 1.000000 0.000000 0.000000 0.000000 0.000000 1.000000 0.000000 0.000000 0.000000 0.000000 1.000000
1.000000 0.000000 0.000000 0.000000 0.000000 1.000000 0.000000 0.000000 0.000000 0.000000 1.000000 0.000000 0.000000 0.000000 0.000000 1.000000
1.000000 0.000000 0.000000 0.000000 0.000000 1.000000 0.000000 0.000000 0.000000 0.000000 1.000000 0.000000 0.000000 0.000000 0.000000 1.000000
1.000000 0.000000 0.000000 0.000000 0.000000 1.000000 0.000000 0.000000 0.000000 0.000000 1.000000 0.000000 0.000000 0.000000 0.000000 1.000000
1.000000 0.000000 0.000000 0.000000 0.000000 1.000000 0.000000 0.000000 0.000000 0.000000 1.000000 0.000000 0.000000 0.000000 0.000000 1.000000
1.000000 0.000000 0.000000 0.000000 0.000000 1.000000 0.000000 0.000000 0.000000 0.000000 1.000000 0.000000 0.000000 0.000000 0.000000 1.000000
1.000000 0.000000 0.000000 0.000000 0.000000 1.000000 0.000000 0.000000 0.000000 0.000000 1.000000 0.000000 0.000000 0.000000 0.000000 1.000000
1.000000 0.000000 0.000000 0.000000 0.000000 1.000000 0.000000 0.000000 0.000000 0.000000 1.000000 0.000000 0.000000 0.000000 0.000000 1.000000
1.000000 0.000000 0.000000 0.000000 0.000000 1.000000 0.000000 0.000000 0.000000 0.000000 1.000000 0.000000 0.000000 0.000000 0.000000 1.000000
1.000000 0.000000 0.000000 0.000000 0.000000 1.000000 0.000000 0.000000 0.000000 0.000000 1.000000 0.000000 0.000000 0.000000 0.000000 1.000000
1.000000 0.000000 0.000000 0.000000 0.000000 1.000000 0.000000 0.000000 0.000000 0.000000 1.000000 0.000000 0.000000 0.000000 0.000000 1.000000</float_array>
        <technique_common>
          <accessor source="#Armature-Matrix-animation-output-transform-array" count="46" stride="16">
            <param type="float4x4"/>
          </accessor>
        </technique_common>
      </source>
      <source id="Armature-Interpolations">
        <Name_array id="Armature-Interpolations-array" count="46">
 LINEAR LINEAR LINEAR LINEAR LINEAR LINEAR LINEAR LINEAR LINEAR LINEAR LINEAR
LINEAR LINEAR LINEAR LINEAR LINEAR LINEAR LINEAR LINEAR LINEAR LINEAR LINEAR LINEAR
LINEAR LINEAR LINEAR LINEAR LINEAR LINEAR LINEAR LINEAR LINEAR LINEAR LINEAR LINEAR
LINEAR LINEAR LINEAR LINEAR LINEAR LINEAR LINEAR LINEAR LINEAR LINEAR LINEAR</Name_array>
        <technique_common>
          <accessor source="#Armature-Interpolations-array" count="46">
            <param type="name"/>
          </accessor>
        </technique_common>
      </source>
      <sampler id="Armature-Matrix-animation-transform">
        <input semantic="INPUT" source="#Armature-Matrix-animation-input"/>
        <input semantic="OUTPUT" source="#Armature-Matrix-animation-output-transform"/>
        <input semantic="INTERPOLATION" source="#Armature-Interpolations"/>
      </sampler>
      <channel source="#Armature-Matrix-animation-transform" target="Armature/matrix"/>
    </animation>
    <animation id="mixamorig_Hips-anim" name="mixamorig_Hips">
      <source id="mixamorig_Hips-Matrix-animation-input">
        <float_array id="mixamorig_Hips-Matrix-animation-input-array" count="46">

0.000000 0.033333 0.066667 0.100000 0.133333 0.166667 0.200000 0.233333 0.266667 0.300000 0.333333 0.366667 0.400000 0.433333 0.466667 0.500000
0.533333 0.566667 0.600000 0.633333 0.666667 0.700000 0.733333 0.766667 0.800000 0.833333 0.866667 0.900000 0.933333 0.966667 1.000000 1.033333
1.066667 1.100000 1.133333 1.166667 1.200000 1.233333 1.266667 1.300000 1.333333 1.366667 1.400000 1.433333 1.466667 1.500000</float_array>
        <technique_common>
          <accessor source="#mixamorig_Hips-Matrix-animation-input-array" count="46">
            <param name="TIME" type="float"/>
          </accessor>
        </technique_common>
      </source>
      <source id="mixamorig_Hips-Matrix-animation-output-transform">
        <float_array id="mixamorig_Hips-Matrix-animation-output-transform-array" count="736">

0.582885 -0.121150 -0.803472 2.086816 -0.014349 0.987134 -0.159253 87.809692 0.812428 0.104355 0.573647 -1.524729 0.000000 0.000000 0.000000 1.000000
0.573018 -0.144190 -0.806759 2.460574 0.007724 0.985307 -0.170615 87.888351 0.819506 0.091534 0.565713 -2.060023 0.000000 0.000000 0.000000 1.000000
0.564094 -0.168269 -0.808383 2.992817 0.030880 0.982630 -0.182991 87.921249 0.825133 0.078261 0.559492 -1.975945 0.000000 0.000000 0.000000 1.000000
0.553793 -0.191646 -0.810299 3.642993 0.053471 0.979329 -0.195080 87.913788 0.830936 0.064707 0.552593 -1.535584 0.000000 0.000000 0.000000 1.000000
0.539859 -0.212321 -0.814538 4.351274 0.073425 0.975855 -0.205706 87.750885 0.838547 0.051245 0.542414 -0.640174 0.000000 0.000000 0.000000 1.000000
0.520098 -0.229054 -0.822820 4.977870 0.090122 0.972708 -0.213814 87.524605 0.849339 0.037050 0.526546 0.638586 0.000000 0.000000 0.000000 1.000000
0.488893 -0.238462 -0.839118 5.214013 0.099642 0.970882 -0.217852 87.021049 0.866634 0.022895 0.498418 2.807487 0.000000 0.000000 0.000000 1.000000
0.463253 -0.262774 -0.846373 5.137271 0.110961 0.964713 -0.238781 86.545280 0.879252 0.016701 0.476064 5.406381 0.000000 0.000000 0.000000 1.000000
0.443018 -0.286102 -0.849636 4.907161 0.111154 0.957928 -0.264609 86.051025 0.889595 0.022786 0.456181 8.039211 0.000000 0.000000 0.000000 1.000000
0.448820 -0.304848 -0.840017 4.945663 0.106501 0.951561 -0.288425 85.476509 0.887253 0.039988 0.459546 10.883336 0.000000 0.000000 0.000000 1.000000
0.487037 -0.313187 -0.815297 5.380560 0.097507 0.947157 -0.305591 84.798691 0.867921 0.069337 0.491838 13.905930 0.000000 0.000000 0.000000 1.000000
0.545092 -0.294430 -0.784975 5.938948 0.075474 0.949736 -0.303819 84.639252 0.834972 0.106364 0.539915 16.990612 0.000000 0.000000 0.000000 1.000000
0.625076 -0.251213 -0.739035 6.319754 0.039575 0.955777 -0.291416 84.727936 0.779560 0.152910 0.607375 20.427641 0.000000 0.000000 0.000000 1.000000
0.724562 -0.187894 -0.663103 6.410707 -0.005719 0.960449 -0.278397 84.782104 0.689186 0.205508 0.694830 24.255638 0.000000 0.000000 0.000000 1.000000
0.847337 -0.115732 -0.518292 6.192469 -0.029632 0.964141 -0.263731 83.770058 0.530229 0.238827 0.813523 28.445623 0.000000 0.000000 0.000000 1.000000
0.940198 -0.055753 -0.336035 6.028718 -0.031695 0.967914 -0.249273 81.924942 0.339151 0.245017 0.908264 32.341801 0.000000 0.000000 0.000000 1.000000
0.985482 -0.044550 -0.163830 5.834602 0.003954 0.970719 -0.240183 79.791130 0.169733 0.236049 0.956803 35.204445 0.000000 0.000000 0.000000 1.000000
0.998633 -0.052034 -0.004864 5.566420 0.049526 0.971972 -0.229822 77.773811 0.016686 0.229267 0.973221 37.716175 0.000000 0.000000 0.000000 1.000000
0.991221 -0.050731 0.122092 5.203658 0.079223 0.967213 -0.241295 76.488281 -0.105848 0.248849 0.962741 40.169327 0.000000 0.000000 0.000000 1.000000
0.975876 -0.033537 0.215736 4.818968 0.093013 0.957837 -0.271839 75.881287 -0.197523 0.285348 0.937849 42.449753 0.000000 0.000000 0.000000 1.000000
0.959581 -0.010105 0.281251 4.403166 0.101895 0.944029 -0.313731 75.664474 -0.262338 0.329709 0.906902 44.369381 0.000000 0.000000 0.000000 1.000000
0.948012 0.014240 0.317915 3.948841 0.107722 0.925665 -0.362686 75.691063 -0.299447 0.378077 0.876008 45.728592 0.000000 0.000000 0.000000 1.000000
0.941201 0.040820 0.335371 3.481114 0.109501 0.902228 -0.417125 75.938477 -0.319608 0.429322 0.844709 46.805271 0.000000 0.000000 0.000000 1.000000
0.935450 0.068137 0.346829 3.020233 0.110889 0.875131 -0.471009 76.205170 -0.335614 0.479065 0.811086 47.793442 0.000000 0.000000 0.000000 1.000000
0.930881 0.095116 0.352724 2.589802 0.111358 0.845685 -0.521935 76.465614 -0.347937 0.525138 0.776640 48.670788 0.000000 0.000000 0.000000 1.000000
0.929635 0.119150 0.348687 2.258682 0.107281 0.817767 -0.565462 76.732422 -0.352520 0.563081 0.747442 49.278946 0.000000 0.000000 0.000000 1.000000
0.939707 0.130696 0.316021 2.291171 0.084871 0.806053 -0.585727 77.061409 -0.331282 0.577232 0.746361 48.976933 0.000000 0.000000 0.000000 1.000000
0.951554 0.138024 0.274762 2.427922 0.056889 0.799135 -0.598454 77.402496 -0.302173 0.585092 0.752568 48.419788 0.000000 0.000000 0.000000 1.000000
0.964205 0.140749 0.224720 2.667584 0.024590 0.796376 -0.604302 77.747986 -0.264017 0.588197 0.764408 47.650890 0.000000 0.000000 0.000000 1.000000
0.979515 0.131799 0.152249 3.170618 -0.015809 0.804056 -0.594344 78.098473 -0.200751 0.579761 0.789668 46.355705 0.000000 0.000000 0.000000 1.000000
0.991042 0.114960 0.067966 3.778948 -0.054879 0.814535 -0.577513 78.374329 -0.121752 0.568610 0.813547 44.899590 0.000000 0.000000 0.000000 1.000000
0.995008 0.077830 -0.062463 4.699676 -0.099188 0.840217 -0.533102 78.461235 0.010991 0.536636 0.843742 42.737122 0.000000 0.000000 0.000000 1.000000
0.970350 0.057436 -0.234781 5.428341 -0.162277 0.874691 -0.456707 78.418396 0.179130 0.481265 0.858077 40.406197 0.000000 0.000000 0.000000 1.000000
0.911060 0.039032 -0.410423 6.124016 -0.204298 0.907427 -0.367205 78.550133 0.358096 0.418394 0.834694 37.899178 0.000000 0.000000 0.000000 1.000000
0.843444 0.015163 -0.537003 6.260526 -0.198998 0.937311 -0.286091 79.660904 0.499001 0.348164 0.793587 34.831078 0.000000 0.000000 0.000000 1.000000
0.789305 -0.019663 -0.613687 5.955049 -0.173125 0.951807 -0.253164 80.941635 0.589089 0.306067 0.747861 30.930590 0.000000 0.000000 0.000000 1.000000
0.754484 -0.055933 -0.653930 5.542593 -0.141104 0.959238 -0.244850 82.033852 0.640970 0.277008 0.715838 26.629622 0.000000 0.000000 0.000000 1.000000
0.722130 -0.090039 -0.685872 5.112044 -0.107794 0.964735 -0.240140 83.079674 0.683307 0.247345 0.686958 22.138308 0.000000 0.000000 0.000000 1.000000
0.691590 -0.119964 -0.712258 4.665874 -0.075860 0.968593 -0.236796 83.984528 0.718295 0.217798 0.660769 17.591536 0.000000 0.000000 0.000000 1.000000
0.663512 -0.141909 -0.734584 4.192079 -0.049914 0.971263 -0.232716 84.561836 0.746499 0.191076 0.637361 13.336846 0.000000 0.000000 0.000000 1.000000
0.634091 -0.151088 -0.758354 3.670764 -0.033054 0.974533 -0.221796 85.295181 0.772551 0.165705 0.612949 9.508974 0.000000 0.000000 0.000000 1.000000
0.617423 -0.148002 -0.772583 3.262652 -0.026510 0.977668 -0.208476 85.968277 0.786184 0.149199 0.599711 6.793674 0.000000 0.000000 0.000000 1.000000
0.606360 -0.142477 -0.782322 2.931126 -0.022377 0.980371 -0.195890 86.512856 0.794876 0.136286 0.591269 4.512755 0.000000 0.000000 0.000000 1.000000
0.598603 -0.135789 -0.789453 2.634290 -0.019328 0.982792 -0.183700 87.026016 0.800813 0.125222 0.585677 2.445641 0.000000 0.000000 0.000000 1.000000
0.591620 -0.128358 -0.795934 2.363141 -0.017112 0.985023 -0.171571 87.435120 0.806036 0.115125 0.580563 0.498326 0.000000 0.000000 0.000000 1.000000
0.582885 -0.121150 -0.803472 2.086814 -0.014349 0.987134 -0.159253 87.809685 0.812428 0.104355 0.573647 -1.524730 0.000000 0.000000 0.000000 1.000000</float_array>
        <technique_common>
          <accessor source="#mixamorig_Hips-Matrix-animation-output-transform-array" count="46" stride="16">
            <param type="float4x4"/>
          </accessor>
        </technique_common>
      </source>
      <source id="mixamorig_Hips-Interpolations">
        <Name_array id="mixamorig_Hips-Interpolations-array" count="46">
 LINEAR LINEAR LINEAR LINEAR LINEAR LINEAR LINEAR LINEAR LINEAR LINEAR LINEAR
LINEAR LINEAR LINEAR LINEAR LINEAR LINEAR LINEAR LINEAR LINEAR LINEAR LINEAR LINEAR
LINEAR LINEAR LINEAR LINEAR LINEAR LINEAR LINEAR LINEAR LINEAR LINEAR LINEAR LINEAR
LINEAR LINEAR LINEAR LINEAR LINEAR LINEAR LINEAR LINEAR LINEAR LINEAR LINEAR</Name_array>
        <technique_common>
          <accessor source="#mixamorig_Hips-Interpolations-array" count="46">
            <param type="name"/>
          </accessor>
        </technique_common>
      </source>
      <sampler id="mixamorig_Hips-Matrix-animation-transform">
        <input semantic="INPUT" source="#mixamorig_Hips-Matrix-animation-input"/>
        <input semantic="OUTPUT" source="#mixamorig_Hips-Matrix-animation-output-transform"/>
        <input semantic="INTERPOLATION" source="#mixamorig_Hips-Interpolations"/>
      </sampler>
      <channel source="#mixamorig_Hips-Matrix-animation-transform" target="mixamorig_Hips/matrix"/>
    </animation>
    <animation id="mixamorig_Spine-anim" name="mixamorig_Spine">
      <source id="mixamorig_Spine-Matrix-animation-input">
        <float_array id="mixamorig_Spine-Matrix-animation-input-array" count="46">

0.000000 0.033333 0.066667 0.100000 0.133333 0.166667 0.200000 0.233333 0.266667 0.300000 0.333333 0.366667 0.400000 0.433333 0.466667 0.500000
0.533333 0.566667 0.600000 0.633333 0.666667 0.700000 0.733333 0.766667 0.800000 0.833333 0.866667 0.900000 0.933333 0.966667 1.000000 1.033333
1.066667 1.100000 1.133333 1.166667 1.200000 1.233333 1.266667 1.300000 1.333333 1.366667 1.400000 1.433333 1.466667 1.500000</float_array>
        <technique_common>
          <accessor source="#mixamorig_Spine-Matrix-animation-input-array" count="46">
            <param name="TIME" type="float"/>
          </accessor>
        </technique_common>
      </source>
      <source id="mixamorig_Spine-Matrix-animation-output-transform">
        <float_array id="mixamorig_Spine-Matrix-animation-output-transform-array" count="736">

0.996650 0.055486 0.060089 -0.000000 -0.046097 0.987959 -0.147692 12.246100 -0.067560 0.144427 0.987206 0.234600 0.000000 0.000000 0.000000 1.000000
0.997878 0.033819 0.055635 0.000000 -0.025494 0.989238 -0.144076 12.246100 -0.059908 0.142352 0.988002 0.234600 0.000000 0.000000 0.000000 1.000000
0.999165 0.012080 0.039031 -0.000000 -0.006179 0.988979 -0.147926 12.246100 -0.040388 0.147561 0.988228 0.234600 0.000000 0.000000 0.000000 1.000000
0.999859 -0.009116 0.014098 0.000000 0.011258 0.987012 -0.160254 12.246100 -0.012454 0.160390 0.986975 0.234600 0.000000 0.000000 0.000000 1.000000
0.999451 -0.029490 -0.015109 0.000000 0.026384 0.984121 -0.175530 12.246100 0.020046 0.175035 0.984358 0.234600 0.000000 0.000000 0.000000 1.000000
0.997853 -0.047446 -0.045151 -0.000000 0.038142 0.981369 -0.188307 12.246100 0.053244 0.186181 0.981072 0.234600 0.000000 0.000000 0.000000 1.000000
0.995439 -0.062345 -0.072205 0.000000 0.047661 0.980686 -0.189694 12.246100 0.082637 0.185388 0.979185 0.234600 0.000000 0.000000 0.000000 1.000000
0.992169 -0.074607 -0.100171 -0.000000 0.056797 0.983779 -0.170157 12.246100 0.111241 0.163135 0.980313 0.234600 0.000000 0.000000 0.000000 1.000000
0.988847 -0.083126 -0.123581 0.000000 0.064556 0.986978 -0.147336 12.246100 0.134219 0.137715 0.981336 0.234600 0.000000 0.000000 0.000000 1.000000
0.986180 -0.088512 -0.140052 0.000000 0.071198 0.989707 -0.124144 12.246100 0.149598 0.112457 0.982331 0.234600 0.000000 0.000000 0.000000 1.000000
0.985079 -0.088757 -0.147448 0.000000 0.074544 0.992263 -0.099283 12.246100 0.155120 0.086811 0.984074 0.234600 0.000000 0.000000 0.000000 1.000000
0.988625 -0.076823 -0.129304 0.000000 0.063996 0.992868 -0.100589 12.246100 0.136110 0.091170 0.986490 0.234600 0.000000 0.000000 0.000000 1.000000
0.994951 -0.055740 -0.083462 -0.000000 0.046336 0.992778 -0.110655 12.246100 0.089027 0.106229 0.990348 0.234600 0.000000 0.000000 0.000000 1.000000
0.999476 -0.029159 -0.014055 -0.000000 0.027126 0.991424 -0.127835 12.246100 0.017662 0.127387 0.991696 0.234600 0.000000 0.000000 0.000000 1.000000
0.998563 0.002773 0.053516 0.000000 0.005538 0.987974 -0.154524 12.246100 -0.053301 0.154598 0.986539 0.234600 0.000000 0.000000 0.000000 1.000000
0.994387 0.040366 0.097800 -0.000000 -0.021146 0.981535 -0.190113 12.246100 -0.103668 0.186977 0.976879 0.234600 0.000000 0.000000 0.000000 1.000000
0.988829 0.095351 0.114568 0.000000 -0.065843 0.968989 -0.238170 12.246100 -0.133725 0.227966 0.964443 0.234600 0.000000 0.000000 0.000000 1.000000
0.980030 0.154041 0.125746 0.000000 -0.112849 0.951526 -0.286117 12.246100 -0.163725 0.266213 0.949908 0.234600 0.000000 0.000000 0.000000 1.000000
0.966924 0.199240 0.159252 -0.000000 -0.141016 0.937840 -0.317129 12.246100 -0.212538 0.284183 0.934916 0.234600 0.000000 0.000000 0.000000 1.000000
0.948289 0.232665 0.215905 -0.000000 -0.152575 0.930604 -0.332711 12.246100 -0.278332 0.282565 0.917980 0.234600 0.000000 0.000000 0.000000 1.000000
0.928972 0.263111 0.260352 0.000000 -0.165691 0.924553 -0.343144 12.246100 -0.330994 0.275633 0.902480 0.234600 0.000000 0.000000 0.000000 1.000000
0.914526 0.292578 0.279358 0.000000 -0.186443 0.917709 -0.350784 12.246100 -0.359001 0.268717 0.893818 0.234600 0.000000 0.000000 0.000000 1.000000
0.903439 0.319307 0.286080 -0.000000 -0.209769 0.911194 -0.354574 12.246100 -0.373892 0.260325 0.890189 0.234600 0.000000 0.000000 0.000000 1.000000
0.892739 0.345030 0.289780 0.000000 -0.233399 0.904239 -0.357600 12.246100 -0.385413 0.251609 0.887778 0.234600 0.000000 0.000000 0.000000 1.000000
0.882656 0.369139 0.290954 0.000000 -0.256578 0.897073 -0.359762 12.246100 -0.393809 0.242894 0.886520 0.234600 0.000000 0.000000 0.000000 1.000000
0.875413 0.388741 0.287284 0.000000 -0.277780 0.890972 -0.359175 12.246100 -0.395588 0.234624 0.887954 0.234600 0.000000 0.000000 0.000000 1.000000
0.879306 0.393179 0.268757 0.000000 -0.291709 0.890700 -0.348654 12.246100 -0.376466 0.228175 0.897892 0.234600 0.000000 0.000000 0.000000 1.000000
0.885829 0.393403 0.246051 0.000000 -0.303138 0.892115 -0.335021 12.246100 -0.351303 0.222184 0.909516 0.234600 0.000000 0.000000 0.000000 1.000000
0.893969 0.390324 0.220154 0.000000 -0.312151 0.894866 -0.319023 12.246100 -0.321530 0.216476 0.921822 0.234600 0.000000 0.000000 0.000000 1.000000
0.906083 0.379496 0.187073 0.000000 -0.315573 0.900679 -0.298650 12.246100 -0.281829 0.211567 0.935848 0.234600 0.000000 0.000000 0.000000 1.000000
0.917662 0.366120 0.154442 0.000000 -0.315080 0.907254 -0.278595 12.246100 -0.242117 0.206995 0.947910 0.234600 0.000000 0.000000 0.000000 1.000000
0.929347 0.349562 0.118827 -0.000000 -0.310852 0.914483 -0.259023 12.246100 -0.199210 0.203785 0.958534 0.234600 0.000000 0.000000 0.000000 1.000000
0.939261 0.332088 0.086640 -0.000000 -0.302173 0.919880 -0.250025 12.246100 -0.162729 0.208658 0.964355 0.234600 0.000000 0.000000 0.000000 1.000000
0.948785 0.312264 0.047934 0.000000 -0.291721 0.924202 -0.246473 12.246100 -0.121265 0.219866 0.967964 0.234600 0.000000 0.000000 0.000000 1.000000
0.956233 0.291961 0.019418 -0.000000 -0.279236 0.930358 -0.237617 12.246100 -0.087441 0.221795 0.971165 0.234600 0.000000 0.000000 0.000000 1.000000
0.962771 0.270294 -0.003612 0.000000 -0.264689 0.939926 -0.215588 12.246100 -0.054877 0.208517 0.976478 0.234600 0.000000 0.000000 0.000000 1.000000
0.968440 0.248790 -0.015074 0.000000 -0.247011 0.949916 -0.191429 12.246100 -0.033307 0.189111 0.981391 0.234600 0.000000 0.000000 0.000000 1.000000
0.973689 0.226459 -0.025427 0.000000 -0.227498 0.959507 -0.166105 12.246100 -0.013219 0.167519 0.985780 0.234600 0.000000 0.000000 0.000000 1.000000
0.978479 0.203950 -0.031367 -0.000000 -0.206347 0.967648 -0.145185 12.246100 0.000741 0.148533 0.988907 0.234600 0.000000 0.000000 0.000000 1.000000
0.982967 0.182142 -0.024507 0.000000 -0.183778 0.973174 -0.138411 12.246100 -0.001361 0.140558 0.990072 0.234600 0.000000 0.000000 0.000000 1.000000
0.986987 0.160405 -0.011246 -0.000000 -0.160293 0.975934 -0.147846 12.246100 -0.012740 0.147725 0.988946 0.234600 0.000000 0.000000 0.000000 1.000000
0.990224 0.139457 0.002754 0.000000 -0.137397 0.978619 -0.153056 12.246100 -0.024040 0.151181 0.988214 0.234600 0.000000 0.000000 0.000000 1.000000
0.992797 0.118602 0.016946 0.000000 -0.114608 0.981383 -0.154117 12.246100 -0.034909 0.151065 0.987907 0.234600 0.000000 0.000000 0.000000 1.000000
0.994694 0.098059 0.031113 0.000000 -0.092231 0.983981 -0.152560 12.246100 -0.045575 0.148881 0.987804 0.234600 0.000000 0.000000 0.000000 1.000000
0.995992 0.076984 0.045541 -0.000000 -0.069377 0.986261 -0.149917 12.246100 -0.056457 0.146157 0.987649 0.234600 0.000000 0.000000 0.000000 1.000000
0.996650 0.055486 0.060088 -0.000000 -0.046097 0.987959 -0.147692 12.246100 -0.067560 0.144427 0.987206 0.234600 0.000000 0.000000 0.000000 1.000000</float_array>
        <technique_common>
          <accessor source="#mixamorig_Spine-Matrix-animation-output-transform-array" count="46" stride="16">
            <param type="float4x4"/>
          </accessor>
        </technique_common>
      </source>
      <source id="mixamorig_Spine-Interpolations">
        <Name_array id="mixamorig_Spine-Interpolations-array" count="46">
 LINEAR LINEAR LINEAR LINEAR LINEAR LINEAR LINEAR LINEAR LINEAR LINEAR LINEAR
LINEAR LINEAR LINEAR LINEAR LINEAR LINEAR LINEAR LINEAR LINEAR LINEAR LINEAR LINEAR
LINEAR LINEAR LINEAR LINEAR LINEAR LINEAR LINEAR LINEAR LINEAR LINEAR LINEAR LINEAR
LINEAR LINEAR LINEAR LINEAR LINEAR LINEAR LINEAR LINEAR LINEAR LINEAR LINEAR</Name_array>
        <technique_common>
          <accessor source="#mixamorig_Spine-Interpolations-array" count="46">
            <param type="name"/>
          </accessor>
        </technique_common>
      </source>
      <sampler id="mixamorig_Spine-Matrix-animation-transform">
        <input semantic="INPUT" source="#mixamorig_Spine-Matrix-animation-input"/>
        <input semantic="OUTPUT" source="#mixamorig_Spine-Matrix-animation-output-transform"/>
        <input semantic="INTERPOLATION" source="#mixamorig_Spine-Interpolations"/>
      </sampler>
      <channel source="#mixamorig_Spine-Matrix-animation-transform" target="mixamorig_Spine/matrix"/>
    </animation>
    <animation id="mixamorig_Spine1-anim" name="mixamorig_Spine1">
      <source id="mixamorig_Spine1-Matrix-animation-input">
        <float_array id="mixamorig_Spine1-Matrix-animation-input-array" count="46">

0.000000 0.033333 0.066667 0.100000 0.133333 0.166667 0.200000 0.233333 0.266667 0.300000 0.333333 0.366667 0.400000 0.433333 0.466667 0.500000
0.533333 0.566667 0.600000 0.633333 0.666667 0.700000 0.733333 0.766667 0.800000 0.833333 0.866667 0.900000 0.933333 0.966667 1.000000 1.033333
1.066667 1.100000 1.133333 1.166667 1.200000 1.233333 1.266667 1.300000 1.333333 1.366667 1.400000 1.433333 1.466667 1.500000</float_array>
        <technique_common>
          <accessor source="#mixamorig_Spine1-Matrix-animation-input-array" count="46">
            <param name="TIME" type="float"/>
          </accessor>
        </technique_common>
      </source>
      <source id="mixamorig_Spine1-Matrix-animation-output-transform">
        <float_array id="mixamorig_Spine1-Matrix-animation-output-transform-array" count="736">

0.998870 -0.040074 0.025565 -0.000000 0.040617 0.998952 -0.021086 14.289700 -0.024694 0.022101 0.999451 -0.000000 0.000000 0.000000 0.000000 1.000000
0.999047 -0.036984 0.023199 0.000000 0.037229 0.999254 -0.010227 14.289700 -0.022804 0.011081 0.999679 0.000000 0.000000 0.000000 0.000000 1.000000
0.999436 -0.029015 0.016924 0.000000 0.028926 0.999567 0.005450 14.289700 -0.017075 -0.004957 0.999842 0.000000 0.000000 0.000000 0.000000 1.000000
0.999804 -0.018117 0.007991 0.000000 0.018030 0.999779 0.010781 14.289700 -0.008184 -0.010635 0.999910 0.000000 0.000000 0.000000 0.000000 1.000000
0.999978 -0.006239 -0.002308 0.000000 0.006270 0.999884 0.013876 14.289700 0.002222 -0.013890 0.999901 -0.000000 0.000000 0.000000 0.000000 1.000000
0.999909 0.004668 -0.012684 0.000000 -0.004457 0.999852 0.016629 14.289700 0.012760 -0.016571 0.999781 0.000000 0.000000 0.000000 0.000000 1.000000
0.999681 0.012653 -0.021851 -0.000000 -0.012255 0.999758 0.018251 14.289700 0.022077 -0.017977 0.999595 0.000000 0.000000 0.000000 0.000000 1.000000
0.999397 0.015718 -0.030958 0.000000 -0.015061 0.999659 0.021342 14.289700 0.031283 -0.020863 0.999293 0.000000 0.000000 0.000000 0.000000 1.000000
0.999085 0.018112 -0.038750 0.000000 -0.017214 0.999579 0.023371 14.289700 0.039157 -0.022683 0.998976 0.000000 0.000000 0.000000 0.000000 1.000000
0.998824 0.019387 -0.044445 0.000000 -0.018274 0.999512 0.025318 14.289700 0.044914 -0.024476 0.998691 0.000000 0.000000 0.000000 0.000000 1.000000
0.998686 0.020325 -0.047052 0.000000 -0.019001 0.999416 0.028414 14.289700 0.047602 -0.027483 0.998488 0.000000 0.000000 0.000000 0.000000 1.000000
0.999031 0.016617 -0.040757 0.000000 -0.015461 0.999473 0.028526 14.289700 0.041210 -0.027868 0.998762 0.000000 0.000000 0.000000 0.000000 1.000000
0.999618 0.008944 -0.026168 -0.000000 -0.008152 0.999510 0.030230 14.289700 0.026425 -0.030005 0.999200 0.000000 0.000000 0.000000 0.000000 1.000000
0.999987 -0.001361 -0.004991 0.000000 0.001526 0.999445 0.033271 14.289700 0.004943 -0.033279 0.999434 0.000000 0.000000 0.000000 0.000000 1.000000
0.999844 -0.008741 0.015366 -0.000000 0.008270 0.999503 0.030410 14.289700 -0.015624 -0.030279 0.999419 0.000000 0.000000 0.000000 0.000000 1.000000
0.999505 -0.007388 0.030589 0.000000 0.006648 0.999684 0.024226 14.289700 -0.030758 -0.024011 0.999238 -0.000000 0.000000 0.000000 0.000000 1.000000
0.999191 -0.000817 0.040217 -0.000000 0.000300 0.999917 0.012849 14.289700 -0.040224 -0.012826 0.999108 0.000000 0.000000 0.000000 0.000000 1.000000
0.998786 0.008390 0.048530 0.000000 -0.008381 0.999965 -0.000399 14.289700 -0.048531 -0.000008 0.998822 0.000000 0.000000 0.000000 0.000000 1.000000
0.997962 0.019342 0.060803 0.000000 -0.018561 0.999738 -0.013382 14.289700 -0.061046 0.012226 0.998060 -0.000000 0.000000 0.000000 0.000000 1.000000
0.996459 0.032692 0.077469 0.000000 -0.030687 0.999166 -0.026931 14.289700 -0.078285 0.024458 0.996631 0.000000 0.000000 0.000000 0.000000 1.000000
0.994863 0.046022 0.090160 0.000000 -0.042652 0.998330 -0.038950 14.289700 -0.091802 0.034904 0.995165 0.000000 0.000000 0.000000 0.000000 1.000000
0.993757 0.057842 0.095404 0.000000 -0.053455 0.997420 -0.047919 14.289700 -0.097930 0.042520 0.994285 0.000000 0.000000 0.000000 0.000000 1.000000
0.992935 0.068704 0.096742 0.000000 -0.063576 0.996453 -0.055126 14.289700 -0.100187 0.048586 0.993782 -0.000000 0.000000 0.000000 0.000000 1.000000
0.992103 0.079276 0.097197 0.000000 -0.073475 0.995375 -0.061879 14.289700 -0.101654 0.054249 0.993340 -0.000000 0.000000 0.000000 0.000000 1.000000
0.991265 0.089391 0.096971 -0.000000 -0.083001 0.994224 -0.068044 14.289700 -0.102493 0.059401 0.992959 0.000000 0.000000 0.000000 0.000000 1.000000
0.990587 0.098176 0.095391 0.000000 -0.091443 0.993162 -0.072575 14.289700 -0.101864 0.063169 0.992791 0.000000 0.000000 0.000000 0.000000 1.000000
0.990719 0.102217 0.089600 0.000000 -0.095991 0.992829 -0.071252 14.289700 -0.096240 0.061989 0.993426 0.000000 0.000000 0.000000 0.000000 1.000000
0.991051 0.104799 0.082673 0.000000 -0.099285 0.992718 -0.068213 14.289700 -0.089220 0.059395 0.994239 0.000000 0.000000 0.000000 0.000000 1.000000
0.991581 0.105603 0.074940 0.000000 -0.100929 0.992856 -0.063648 14.289700 -0.081126 0.055549 0.995155 0.000000 0.000000 0.000000 0.000000 1.000000
0.992708 0.101175 0.065532 -0.000000 -0.097609 0.993676 -0.055503 14.289700 -0.070733 0.048702 0.996306 0.000000 0.000000 0.000000 0.000000 1.000000
0.994144 0.092054 0.056597 0.000000 -0.089471 0.994898 -0.046607 14.289700 -0.060599 0.041270 0.997309 0.000000 0.000000 0.000000 0.000000 1.000000
0.996286 0.071610 0.047821 0.000000 -0.069986 0.996940 -0.034807 14.289700 -0.050167 0.031331 0.998249 0.000000 0.000000 0.000000 0.000000 1.000000
0.997535 0.057472 0.040267 -0.000000 -0.056472 0.998077 -0.025551 14.289700 -0.041658 0.023214 0.998862 -0.000000 0.000000 0.000000 0.000000 1.000000
0.998373 0.048338 0.030238 0.000000 -0.047906 0.998741 -0.014853 14.289700 -0.030918 0.013380 0.999432 0.000000 0.000000 0.000000 0.000000 1.000000
0.998950 0.040554 0.021320 0.000000 -0.040393 0.999152 -0.007918 14.289700 -0.021623 0.007049 0.999741 0.000000 0.000000 0.000000 0.000000 1.000000
0.999262 0.035433 0.014829 0.000000 -0.035387 0.999368 -0.003332 14.289700 -0.014938 0.002805 0.999884 0.000000 0.000000 0.000000 0.000000 1.000000
0.999410 0.033013 0.009529 0.000000 -0.033021 0.999454 0.000669 14.289700 -0.009502 -0.000983 0.999954 0.000000 0.000000 0.000000 0.000000 1.000000
0.999475 0.032101 0.004334 -0.000000 -0.032124 0.999469 0.005405 14.289700 -0.004158 -0.005541 0.999976 0.000000 0.000000 0.000000 0.000000 1.000000
0.999494 0.031818 0.000483 -0.000000 -0.031821 0.999447 0.009642 14.289700 -0.000176 -0.009653 0.999953 -0.000000 0.000000 0.000000 0.000000 1.000000
0.999507 0.031374 0.000775 0.000000 -0.031381 0.999436 0.011914 14.289700 -0.000400 -0.011932 0.999929 0.000000 0.000000 0.000000 0.000000 1.000000
0.999576 0.028895 0.003599 0.000000 -0.028934 0.999519 0.011199 14.289700 -0.003273 -0.011298 0.999931 0.000000 0.000000 0.000000 0.000000 1.000000
0.999802 0.018404 0.007606 0.000000 -0.018450 0.999811 0.006135 14.289700 -0.007492 -0.006274 0.999952 -0.000000 0.000000 0.000000 0.000000 1.000000
0.999916 0.005021 0.011955 0.000000 -0.005018 0.999987 -0.000239 14.289700 -0.011956 0.000179 0.999929 0.000000 0.000000 0.000000 0.000000 1.000000
0.999814 -0.010014 0.016498 -0.000000 0.010136 0.999922 -0.007299 14.289700 -0.016423 0.007465 0.999837 0.000000 0.000000 0.000000 0.000000 1.000000
0.999453 -0.025460 0.021084 -0.000000 0.025767 0.999564 -0.014442 14.289700 -0.020707 0.014978 0.999673 -0.000000 0.000000 0.000000 0.000000 1.000000
0.998870 -0.040074 0.025565 0.000000 0.040617 0.998952 -0.021086 14.289700 -0.024694 0.022101 0.999451 -0.000000 0.000000 0.000000 0.000000 1.000000</float_array>
        <technique_common>
          <accessor source="#mixamorig_Spine1-Matrix-animation-output-transform-array" count="46" stride="16">
            <param type="float4x4"/>
          </accessor>
        </technique_common>
      </source>
      <source id="mixamorig_Spine1-Interpolations">
        <Name_array id="mixamorig_Spine1-Interpolations-array" count="46">
 LINEAR LINEAR LINEAR LINEAR LINEAR LINEAR LINEAR LINEAR LINEAR LINEAR LINEAR
LINEAR LINEAR LINEAR LINEAR LINEAR LINEAR LINEAR LINEAR LINEAR LINEAR LINEAR LINEAR
LINEAR LINEAR LINEAR LINEAR LINEAR LINEAR LINEAR LINEAR LINEAR LINEAR LINEAR LINEAR
LINEAR LINEAR LINEAR LINEAR LINEAR LINEAR LINEAR LINEAR LINEAR LINEAR LINEAR</Name_array>
        <technique_common>
          <accessor source="#mixamorig_Spine1-Interpolations-array" count="46">
            <param type="name"/>
          </accessor>
        </technique_common>
      </source>
      <sampler id="mixamorig_Spine1-Matrix-animation-transform">
        <input semantic="INPUT" source="#mixamorig_Spine1-Matrix-animation-input"/>
        <input semantic="OUTPUT" source="#mixamorig_Spine1-Matrix-animation-output-transform"/>
        <input semantic="INTERPOLATION" source="#mixamorig_Spine1-Interpolations"/>
      </sampler>
      <channel source="#mixamorig_Spine1-Matrix-animation-transform" target="mixamorig_Spine1/matrix"/>
    </animation>
    <animation id="mixamorig_Spine2-anim" name="mixamorig_Spine2">
      <source id="mixamorig_Spine2-Matrix-animation-input">
        <float_array id="mixamorig_Spine2-Matrix-animation-input-array" count="46">

0.000000 0.033333 0.066667 0.100000 0.133333 0.166667 0.200000 0.233333 0.266667 0.300000 0.333333 0.366667 0.400000 0.433333 0.466667 0.500000
0.533333 0.566667 0.600000 0.633333 0.666667 0.700000 0.733333 0.766667 0.800000 0.833333 0.866667 0.900000 0.933333 0.966667 1.000000 1.033333
1.066667 1.100000 1.133333 1.166667 1.200000 1.233333 1.266667 1.300000 1.333333 1.366667 1.400000 1.433333 1.466667 1.500000</float_array>
        <technique_common>
          <accessor source="#mixamorig_Spine2-Matrix-animation-input-array" count="46">
            <param name="TIME" type="float"/>
          </accessor>
        </technique_common>
      </source>
      <source id="mixamorig_Spine2-Matrix-animation-output-transform">
        <float_array id="mixamorig_Spine2-Matrix-animation-output-transform-array" count="736">

0.999575 -0.017878 0.023014 0.000000 0.017967 0.999832 -0.003653 16.330999 -0.022945 0.004065 0.999728 -0.000000 0.000000 0.000000 0.000000 1.000000
0.999628 -0.017061 0.021258 0.000000 0.016971 0.999846 0.004392 16.330999 -0.021330 -0.004030 0.999764 -0.000000 0.000000 0.000000 0.000000 1.000000
0.999791 -0.012553 0.016158 0.000000 0.012305 0.999807 0.015343 16.330999 -0.016348 -0.015141 0.999752 -0.000000 0.000000 0.000000 0.000000 1.000000
0.999959 -0.003596 0.008265 0.000000 0.003457 0.999853 0.016790 16.330999 -0.008324 -0.016761 0.999825 -0.000000 0.000000 0.000000 0.000000 1.000000
0.999981 0.005970 -0.001263 0.000000 -0.005949 0.999849 0.016338 16.330999 0.001360 -0.016330 0.999866 0.000000 0.000000 0.000000 0.000000 1.000000
0.999859 0.012459 -0.011289 0.000000 -0.012271 0.999787 0.016579 16.330999 0.011494 -0.016439 0.999799 -0.000000 0.000000 0.000000 0.000000 1.000000
0.999656 0.015566 -0.021107 0.000000 -0.015185 0.999720 0.018128 16.330999 0.021383 -0.017801 0.999613 -0.000000 0.000000 0.000000 0.000000 1.000000
0.999373 0.018125 -0.030402 0.000000 -0.017486 0.999623 0.021153 16.330999 0.030774 -0.020608 0.999314 0.000000 0.000000 0.000000 0.000000 1.000000
0.999059 0.019972 -0.038491 0.000000 -0.019090 0.999550 0.023149 16.330999 0.038936 -0.022392 0.998991 0.000000 0.000000 0.000000 0.000000 1.000000
0.998790 0.020968 -0.044485 0.000000 -0.019859 0.999485 0.025213 16.330999 0.044991 -0.024299 0.998692 0.000000 0.000000 0.000000 0.000000 1.000000
0.998675 0.021041 -0.046968 -0.000000 -0.019744 0.999415 0.027918 16.330999 0.047528 -0.026953 0.998506 -0.000000 0.000000 0.000000 0.000000 1.000000
0.999025 0.017262 -0.040644 -0.000000 -0.016030 0.999407 0.030462 16.330999 0.041146 -0.029781 0.998709 0.000000 0.000000 0.000000 0.000000 1.000000
