<?xml version="1.0" encoding="utf-8"?>
<COLLADA xmlns="http://www.collada.org/2005/11/COLLADASchema" version="1.4.1">
  <asset>
    <contributor>
      <author>Mixamo</author>
      <authoring_tool>COLLADA Mixamo exporter</authoring_tool>
      <comments/>
    </contributor>
    <created>2024-04-04T04:21:37Z</created>
    <modified>2024-04-04T04:21:37Z</modified>
    <revision/>
    <title/>
    <unit meter="0.010000"/>
    <up_axis>Y_UP</up_axis>
  </asset>
  <library_animations>
    <animation id="Armature-anim" name="Armature">
      <source id="Armature-Matrix-animation-input">
        <float_array id="Armature-Matrix-animation-input-array" count="86">

0.000000 0.033333 0.066667 0.100000 0.133333 0.166667 0.200000 0.233333 0.266667 0.300000 0.333333 0.366667 0.400000 0.433333 0.466667 0.500000
0.533333 0.566667 0.600000 0.633333 0.666667 0.700000 0.733333 0.766667 0.800000 0.833333 0.866667 0.900000 0.933333 0.966667 1.000000 1.033333
1.066667 1.100000 1.133333 1.166667 1.200000 1.233333 1.266667 1.300000 1.333333 1.366667 1.400000 1.433333 1.466667 1.500000 1.533333 1.566667
1.600000 1.633333 1.666667 1.700000 1.733333 1.766667 1.800000 1.833333 1.866667 1.900000 1.933333 1.966667 2.000000 2.033333 2.066667 2.100000
2.133333 2.166667 2.200000 2.233333 2.266667 2.300000 2.333333 2.366667 2.400000 2.433333 2.466667 2.500000 2.533333 2.566667 2.600000 2.633333
2.666667 2.700000 2.733333 2.766667 2.800000 2.833333</float_array>
        <technique_common>
          <accessor source="#Armature-Matrix-animation-input-array" count="86">
            <param name="TIME" type="float"/>
          </accessor>
        </technique_common>
      </source>
      <source id="Armature-Matrix-animation-output-transform">
        <float_array id="Armature-Matrix-animation-output-transform-array" count="1376">

1.000000 0.000000 0.000000 0.000000 0.000000 1.000000 0.000000 0.000000 0.000000 0.000000 1.000000 0.000000 0.000000 0.000000 0.000000 1.000000
1.000000 0.000000 0.000000 0.000000 0.000000 1.000000 0.000000 0.000000 0.000000 0.000000 1.000000 0.000000 0.000000 0.000000 0.000000 1.000000
1.000000 0.000000 0.000000 0.000000 0.000000 1.000000 0.000000 0.000000 0.000000 0.000000 1.000000 0.000000 0.000000 0.000000 0.000000 1.000000
1.000000 0.000000 0.000000 0.000000 0.000000 1.000000 0.000000 0.000000 0.000000 0.000000 1.000000 0.000000 0.000000 0.000000 0.000000 1.000000
1.000000 0.000000 0.000000 0.000000 0.000000 1.000000 0.000000 0.000000 0.000000 0.000000 1.000000 0.000000 0.000000 0.000000 0.000000 1.000000
1.000000 0.000000 0.000000 0.000000 0.000000 1.000000 0.000000 0.000000 0.000000 0.000000 1.000000 0.000000 0.000000 0.000000 0.000000 1.000000
1.000000 0.000000 0.000000 0.000000 0.000000 1.000000 0.000000 0.000000 0.000000 0.000000 1.000000 0.000000 0.000000 0.000000 0.000000 1.000000
1.000000 0.000000 0.000000 0.000000 0.000000 1.000000 0.000000 0.000000 0.000000 0.000000 1.000000 0.000000 0.000000 0.000000 0.000000 1.000000
1.000000 0.000000 0.000000 0.000000 0.000000 1.000000 0.000000 0.000000 0.000000 0.000000 1.000000 0.000000 0.000000 0.000000 0.000000 1.000000
1.000000 0.000000 0.000000 0.000000 0.000000 1.000000 0.000000 0.000000 0.000000 0.000000 1.000000 0.000000 0.000000 0.000000 0.000000 1.000000
1.000000 0.000000 0.000000 0.000000 0.000000 1.000000 0.000000 0.000000 0.000000 0.000000 1.000000 0.000000 0.000000 0.000000 0.000000 1.000000
1.000000 0.000000 0.000000 0.000000 0.000000 1.000000 0.000000 0.000000 0.000000 0.000000 1.000000 0.000000 0.000000 0.000000 0.000000 1.000000
1.000000 0.000000 0.000000 0.000000 0.000000 1.000000 0.000000 0.000000 0.000000 0.000000 1.000000 0.000000 0.000000 0.000000 0.000000 1.000000
1.000000 0.000000 0.000000 0.000000 0.000000 1.000000 0.000000 0.000000 0.000000 0.000000 1.000000 0.000000 0.000000 0.000000 0.000000 1.000000
1.000000 0.000000 0.000000 0.000000 0.000000 1.000000 0.000000 0.000000 0.000000 0.000000 1.000000 0.000000 0.000000 0.000000 0.000000 1.000000
1.000000 0.000000 0.000000 0.000000 0.000000 1.000000 0.000000 0.000000 0.000000 0.000000 1.000000 0.000000 0.000000 0.000000 0.000000 1.000000
1.000000 0.000000 0.000000 0.000000 0.000000 1.000000 0.000000 0.000000 0.000000 0.000000 1.000000 0.000000 0.000000 0.000000 0.000000 1.000000
1.000000 0.000000 0.000000 0.000000 0.000000 1.000000 0.000000 0.000000 0.000000 0.000000 1.000000 0.000000 0.000000 0.000000 0.000000 1.000000
1.000000 0.000000 0.000000 0.000000 0.000000 1.000000 0.000000 0.000000 0.000000 0.000000 1.000000 0.000000 0.000000 0.000000 0.000000 1.000000
1.000000 0.000000 0.000000 0.000000 0.000000 1.000000 0.000000 0.000000 0.000000 0.000000 1.000000 0.000000 0.000000 0.000000 0.000000 1.000000
1.000000 0.000000 0.000000 0.000000 0.000000 1.000000 0.000000 0.000000 0.000000 0.000000 1.000000 0.000000 0.000000 0.000000 0.000000 1.000000
1.000000 0.000000 0.000000 0.000000 0.000000 1.000000 0.000000 0.000000 0.000000 0.000000 1.000000 0.000000 0.000000 0.000000 0.000000 1.000000
1.000000 0.000000 0.000000 0.000000 0.000000 1.000000 0.000000 0.000000 0.000000 0.000000 1.000000 0.000000 0.000000 0.000000 0.000000 1.000000
1.000000 0.000000 0.000000 0.000000 0.000000 1.000000 0.000000 0.000000 0.000000 0.000000 1.000000 0.000000 0.000000 0.000000 0.000000 1.000000
1.000000 0.000000 0.000000 0.000000 0.000000 1.000000 0.000000 0.000000 0.000000 0.000000 1.000000 0.000000 0.000000 0.000000 0.000000 1.000000
1.000000 0.000000 0.000000 0.000000 0.000000 1.000000 0.000000 0.000000 0.000000 0.000000 1.000000 0.000000 0.000000 0.000000 0.000000 1.000000
1.000000 0.000000 0.000000 0.000000 0.000000 1.000000 0.000000 0.000000 0.000000 0.000000 1.000000 0.000000 0.000000 0.000000 0.000000 1.000000
1.000000 0.000000 0.000000 0.000000 0.000000 1.000000 0.000000 0.000000 0.000000 0.000000 1.000000 0.000000 0.000000 0.000000 0.000000 1.000000
1.000000 0.000000 0.000000 0.000000 0.000000 1.000000 0.000000 0.000000 0.000000 0.000000 1.000000 0.000000 0.000000 0.000000 0.000000 1.000000
1.000000 0.000000 0.000000 0.000000 0.000000 1.000000 0.000000 0.000000 0.000000 0.000000 1.000000 0.000000 0.000000 0.000000 0.000000 1.000000
1.000000 0.000000 0.000000 0.000000 0.000000 1.000000 0.000000 0.000000 0.000000 0.000000 1.000000 0.000000 0.000000 0.000000 0.000000 1.000000
1.000000 0.000000 0.000000 0.000000 0.000000 1.000000 0.000000 0.000000 0.000000 0.000000 1.000000 0.000000 0.000000 0.000000 0.000000 1.000000
1.000000 0.000000 0.000000 0.000000 0.000000 1.000000 0.000000 0.000000 0.000000 0.000000 1.000000 0.000000 0.000000 0.000000 0.000000 1.000000
1.000000 0.000000 0.000000 0.000000 0.000000 1.000000 0.000000 0.000000 0.000000 0.000000 1.000000 0.000000 0.000000 0.000000 0.000000 1.000000
1.000000 0.000000 0.000000 0.000000 0.000000 1.000000 0.000000 0.000000 0.000000 0.000000 1.000000 0.000000 0.000000 0.000000 0.000000 1.000000
1.000000 0.000000 0.000000 0.000000 0.000000 1.000000 0.000000 0.000000 0.000000 0.000000 1.000000 0.000000 0.000000 0.000000 0.000000 1.000000
1.000000 0.000000 0.000000 0.000000 0.000000 1.000000 0.000000 0.000000 0.000000 0.000000 1.000000 0.000000 0.000000 0.000000 0.000000 1.000000
1.000000 0.000000 0.000000 0.000000 0.000000 1.000000 0.000000 0.000000 0.000000 0.000000 1.000000 0.000000 0.000000 0.000000 0.000000 1.000000
1.000000 0.000000 0.000000 0.000000 0.000000 1.000000 0.000000 0.000000 0.000000 0.000000 1.000000 0.000000 0.000000 0.000000 0.000000 1.000000
1.000000 0.000000 0.000000 0.000000 0.000000 1.000000 0.000000 0.000000 0.000000 0.000000 1.000000 0.000000 0.000000 0.000000 0.000000 1.000000
1.000000 0.000000 0.000000 0.000000 0.000000 1.000000 0.000000 0.000000 0.000000 0.000000 1.000000 0.000000 0.000000 0.000000 0.000000 1.000000
1.000000 0.000000 0.000000 0.000000 0.000000 1.000000 0.000000 0.000000 0.000000 0.000000 1.000000 0.000000 0.000000 0.000000 0.000000 1.000000
1.000000 0.000000 0.000000 0.000000 0.000000 1.000000 0.000000 0.000000 0.000000 0.000000 1.000000 0.000000 0.000000 0.000000 0.000000 1.000000
1.000000 0.000000 0.000000 0.000000 0.000000 1.000000 0.000000 0.000000 0.000000 0.000000 1.000000 0.000000 0.000000 0.000000 0.000000 1.000000
1.000000 0.000000 0.000000 0.000000 0.000000 1.000000 0.000000 0.000000 0.000000 0.000000 1.000000 0.000000 0.000000 0.000000 0.000000 1.000000
1.000000 0.000000 0.000000 0.000000 0.000000 1.000000 0.000000 0.000000 0.000000 0.000000 1.000000 0.000000 0.000000 0.000000 0.000000 1.000000
1.000000 0.000000 0.000000 0.000000 0.000000 1.000000 0.000000 0.000000 0.000000 0.000000 1.000000 0.000000 0.000000 0.000000 0.000000 1.000000
1.000000 0.000000 0.000000 0.000000 0.000000 1.000000 0.000000 0.000000 0.000000 0.000000 1.000000 0.000000 0.000000 0.000000 0.000000 1.000000
1.000000 0.000000 0.000000 0.000000 0.000000 1.000000 0.000000 0.000000 0.000000 0.000000 1.000000 0.000000 0.000000 0.000000 0.000000 1.000000
1.000000 0.000000 0.000000 0.000000 0.000000 1.000000 0.000000 0.000000 0.000000 0.000000 1.000000 0.000000 0.000000 0.000000 0.000000 1.000000
1.000000 0.000000 0.000000 0.000000 0.000000 1.000000 0.000000 0.000000 0.000000 0.000000 1.000000 0.000000 0.000000 0.000000 0.000000 1.000000
1.000000 0.000000 0.000000 0.000000 0.000000 1.000000 0.000000 0.000000 0.000000 0.000000 1.000000 0.000000 0.000000 0.000000 0.000000 1.000000
1.000000 0.000000 0.000000 0.000000 0.000000 1.000000 0.000000 0.000000 0.000000 0.000000 1.000000 0.000000 0.000000 0.000000 0.000000 1.000000
1.000000 0.000000 0.000000 0.000000 0.000000 1.000000 0.000000 0.000000 0.000000 0.000000 1.000000 0.000000 0.000000 0.000000 0.000000 1.000000
1.000000 0.000000 0.000000 0.000000 0.000000 1.000000 0.000000 0.000000 0.000000 0.000000 1.000000 0.000000 0.000000 0.000000 0.000000 1.000000
1.000000 0.000000 0.000000 0.000000 0.000000 1.000000 0.000000 0.000000 0.000000 0.000000 1.000000 0.000000 0.000000 0.000000 0.000000 1.000000
1.000000 0.000000 0.000000 0.000000 0.000000 1.000000 0.000000 0.000000 0.000000 0.000000 1.000000 0.000000 0.000000 0.000000 0.000000 1.000000
1.000000 0.000000 0.000000 0.000000 0.000000 1.000000 0.000000 0.000000 0.000000 0.000000 1.000000 0.000000 0.000000 0.000000 0.000000 1.000000
1.000000 0.000000 0.000000 0.000000 0.000000 1.000000 0.000000 0.000000 0.000000 0.000000 1.000000 0.000000 0.000000 0.000000 0.000000 1.000000
1.000000 0.000000 0.000000 0.000000 0.000000 1.000000 0.000000 0.000000 0.000000 0.000000 1.000000 0.000000 0.000000 0.000000 0.000000 1.000000
1.000000 0.000000 0.000000 0.000000 0.000000 1.000000 0.000000 0.000000 0.000000 0.000000 1.000000 0.000000 0.000000 0.000000 0.000000 1.000000
1.000000 0.000000 0.000000 0.000000 0.000000 1.000000 0.000000 0.000000 0.000000 0.000000 1.000000 0.000000 0.000000 0.000000 0.000000 1.000000
1.000000 0.000000 0.000000 0.000000 0.000000 1.000000 0.000000 0.000000 0.000000 0.000000 1.000000 0.000000 0.000000 0.000000 0.000000 1.000000
1.000000 0.000000 0.000000 0.000000 0.000000 1.000000 0.000000 0.000000 0.000000 0.000000 1.000000 0.000000 0.000000 0.000000 0.000000 1.000000
1.000000 0.000000 0.000000 0.000000 0.000000 1.000000 0.000000 0.000000 0.000000 0.000000 1.000000 0.000000 0.000000 0.000000 0.000000 1.000000
1.000000 0.000000 0.000000 0.000000 0.000000 1.000000 0.000000 0.000000 0.000000 0.000000 1.000000 0.000000 0.000000 0.000000 0.000000 1.000000
1.000000 0.000000 0.000000 0.000000 0.000000 1.000000 0.000000 0.000000 0.000000 0.000000 1.000000 0.000000 0.000000 0.000000 0.000000 1.000000
1.000000 0.000000 0.000000 0.000000 0.000000 1.000000 0.000000 0.000000 0.000000 0.000000 1.000000 0.000000 0.000000 0.000000 0.000000 1.000000
1.000000 0.000000 0.000000 0.000000 0.000000 1.000000 0.000000 0.000000 0.000000 0.000000 1.000000 0.000000 0.000000 0.000000 0.000000 1.000000
1.000000 0.000000 0.000000 0.000000 0.000000 1.000000 0.000000 0.000000 0.000000 0.000000 1.000000 0.000000 0.000000 0.000000 0.000000 1.000000
1.000000 0.000000 0.000000 0.000000 0.000000 1.000000 0.000000 0.000000 0.000000 0.000000 1.000000 0.000000 0.000000 0.000000 0.000000 1.000000
1.000000 0.000000 0.000000 0.000000 0.000000 1.000000 0.000000 0.000000 0.000000 0.000000 1.000000 0.000000 0.000000 0.000000 0.000000 1.000000
1.000000 0.000000 0.000000 0.000000 0.000000 1.000000 0.000000 0.000000 0.000000 0.000000 1.000000 0.000000 0.000000 0.000000 0.000000 1.000000
1.000000 0.000000 0.000000 0.000000 0.000000 1.000000 0.000000 0.000000 0.000000 0.000000 1.000000 0.000000 0.000000 0.000000 0.000000 1.000000
1.000000 0.000000 0.000000 0.000000 0.000000 1.000000 0.000000 0.000000 0.000000 0.000000 1.000000 0.000000 0.000000 0.000000 0.000000 1.000000
1.000000 0.000000 0.000000 0.000000 0.000000 1.000000 0.000000 0.000000 0.000000 0.000000 1.000000 0.000000 0.000000 0.000000 0.000000 1.000000
1.000000 0.000000 0.000000 0.000000 0.000000 1.000000 0.000000 0.000000 0.000000 0.000000 1.000000 0.000000 0.000000 0.000000 0.000000 1.000000
1.000000 0.000000 0.000000 0.000000 0.000000 1.000000 0.000000 0.000000 0.000000 0.000000 1.000000 0.000000 0.000000 0.000000 0.000000 1.000000
1.000000 0.000000 0.000000 0.000000 0.000000 1.000000 0.000000 0.000000 0.000000 0.000000 1.000000 0.000000 0.000000 0.000000 0.000000 1.000000
1.000000 0.000000 0.000000 0.000000 0.000000 1.000000 0.000000 0.000000 0.000000 0.000000 1.000000 0.000000 0.000000 0.000000 0.000000 1.000000
1.000000 0.000000 0.000000 0.000000 0.000000 1.000000 0.000000 0.000000 0.000000 0.000000 1.000000 0.000000 0.000000 0.000000 0.000000 1.000000
1.000000 0.000000 0.000000 0.000000 0.000000 1.000000 0.000000 0.000000 0.000000 0.000000 1.000000 0.000000 0.000000 0.000000 0.000000 1.000000
1.000000 0.000000 0.000000 0.000000 0.000000 1.000000 0.000000 0.000000 0.000000 0.000000 1.000000 0.000000 0.000000 0.000000 0.000000 1.000000
1.000000 0.000000 0.000000 0.000000 0.000000 1.000000 0.000000 0.000000 0.000000 0.000000 1.000000 0.000000 0.000000 0.000000 0.000000 1.000000
1.000000 0.000000 0.000000 0.000000 0.000000 1.000000 0.000000 0.000000 0.000000 0.000000 1.000000 0.000000 0.000000 0.000000 0.000000 1.000000
1.000000 0.000000 0.000000 0.000000 0.000000 1.000000 0.000000 0.000000 0.000000 0.000000 1.000000 0.000000 0.000000 0.000000 0.000000 1.000000</float_array>
        <technique_common>
          <accessor source="#Armature-Matrix-animation-output-transform-array" count="86" stride="16">
            <param type="float4x4"/>
          </accessor>
        </technique_common>
      </source>
      <source id="Armature-Interpolations">
        <Name_array id="Armature-Interpolations-array" count="86">
 LINEAR LINEAR LINEAR LINEAR LINEAR LINEAR LINEAR LINEAR LINEAR LINEAR LINEAR
LINEAR LINEAR LINEAR LINEAR LINEAR LINEAR LINEAR LINEAR LINEAR LINEAR LINEAR LINEAR
LINEAR LINEAR LINEAR LINEAR LINEAR LINEAR LINEAR LINEAR LINEAR LINEAR LINEAR LINEAR
LINEAR LINEAR LINEAR LINEAR LINEAR LINEAR LINEAR LINEAR LINEAR LINEAR LINEAR LINEAR
LINEAR LINEAR LINEAR LINEAR LINEAR LINEAR LINEAR LINEAR LINEAR LINEAR LINEAR LINEAR
LINEAR LINEAR LINEAR LINEAR LINEAR LINEAR LINEAR LINEAR LINEAR LINEAR LINEAR LINEAR
LINEAR LINEAR LINEAR LINEAR LINEAR LINEAR LINEAR LINEAR LINEAR LINEAR LINEAR LINEAR
LINEAR LINEAR LINEAR</Name_array>
        <technique_common>
          <accessor source="#Armature-Interpolations-array" count="86">
            <param type="name"/>
          </accessor>
        </technique_common>
      </source>
      <sampler id="Armature-Matrix-animation-transform">
        <input semantic="INPUT" source="#Armature-Matrix-animation-input"/>
        <input semantic="OUTPUT" source="#Armature-Matrix-animation-output-transform"/>
        <input semantic="INTERPOLATION" source="#Armature-Interpolations"/>
      </sampler>
      <channel source="#Armature-Matrix-animation-transform" target="Armature/matrix"/>
    </animation>
    <animation id="mixamorig_Hips-anim" name="mixamorig_Hips">
      <source id="mixamorig_Hips-Matrix-animation-input">
        <float_array id="mixamorig_Hips-Matrix-animation-input-array" count="86">

0.000000 0.033333 0.066667 0.100000 0.133333 0.166667 0.200000 0.233333 0.266667 0.300000 0.333333 0.366667 0.400000 0.433333 0.466667 0.500000
0.533333 0.566667 0.600000 0.633333 0.666667 0.700000 0.733333 0.766667 0.800000 0.833333 0.866667 0.900000 0.933333 0.966667 1.000000 1.033333
1.066667 1.100000 1.133333 1.166667 1.200000 1.233333 1.266667 1.300000 1.333333 1.366667 1.400000 1.433333 1.466667 1.500000 1.533333 1.566667
1.600000 1.633333 1.666667 1.700000 1.733333 1.766667 1.800000 1.833333 1.866667 1.900000 1.933333 1.966667 2.000000 2.033333 2.066667 2.100000
2.133333 2.166667 2.200000 2.233333 2.266667 2.300000 2.333333 2.366667 2.400000 2.433333 2.466667 2.500000 2.533333 2.566667 2.600000 2.633333
2.666667 2.700000 2.733333 2.766667 2.800000 2.833333</float_array>
        <technique_common>
          <accessor source="#mixamorig_Hips-Matrix-animation-input-array" count="86">
            <param name="TIME" type="float"/>
          </accessor>
        </technique_common>
      </source>
      <source id="mixamorig_Hips-Matrix-animation-output-transform">
        <float_array id="mixamorig_Hips-Matrix-animation-output-transform-array" count="1376">

0.691996 0.115645 -0.712578 1.886773 -0.004506 0.987758 0.155928 88.305771 0.721887 -0.104691 0.684046 -0.214464 0.000000 0.000000 0.000000 1.000000
0.694811 0.117046 -0.709604 1.678753 -0.002618 0.987073 0.160250 88.296776 0.719188 -0.109485 0.686136 -0.512047 0.000000 0.000000 0.000000 1.000000
0.697693 0.117756 -0.706653 1.401267 -0.002858 0.986848 0.161626 88.534470 0.716391 -0.110746 0.688854 -0.880852 0.000000 0.000000 0.000000 1.000000
0.700741 0.117014 -0.703754 1.064372 -0.005138 0.987259 0.159036 89.034515 0.713398 -0.107828 0.692414 -1.332818 0.000000 0.000000 0.000000 1.000000
0.704527 0.114787 -0.700333 0.671672 -0.008873 0.988180 0.153040 89.701004 0.709622 -0.101607 0.697218 -1.894896 0.000000 0.000000 0.000000 1.000000
0.708998 0.112780 -0.696134 0.241560 -0.013973 0.989182 0.146024 90.343750 0.705072 -0.093803 0.702904 -2.576504 0.000000 0.000000 0.000000 1.000000
0.711799 0.111309 -0.693508 -0.188289 -0.018790 0.990027 0.139616 90.830643 0.702132 -0.086348 0.706792 -3.325632 0.000000 0.000000 0.000000 1.000000
0.713479 0.112513 -0.691584 -0.584088 -0.024115 0.990382 0.136246 91.101738 0.700261 -0.080531 0.709330 -4.137632 0.000000 0.000000 0.000000 1.000000
0.715032 0.116394 -0.689334 -0.937113 -0.029063 0.990139 0.137038 91.142624 0.698487 -0.077953 0.711364 -4.964957 0.000000 0.000000 0.000000 1.000000
0.717006 0.122212 -0.686270 -1.243486 -0.033202 0.989381 0.141501 90.956139 0.696275 -0.078672 0.713450 -5.749186 0.000000 0.000000 0.000000 1.000000
0.717981 0.128685 -0.684063 -1.493878 -0.035582 0.988262 0.148565 90.604866 0.695152 -0.082327 0.714133 -6.425181 0.000000 0.000000 0.000000 1.000000
0.715580 0.131673 -0.686009 -1.718142 -0.033510 0.987413 0.154570 90.246384 0.697727 -0.087619 0.710985 -6.872877 0.000000 0.000000 0.000000 1.000000
0.718376 0.137142 -0.682003 -1.921201 -0.034427 0.986183 0.162045 89.959579 0.694803 -0.092930 0.713171 -7.159939 0.000000 0.000000 0.000000 1.000000
0.726622 0.146747 -0.671183 -2.099919 -0.039210 0.984188 0.172734 89.795929 0.685918 -0.099195 0.720886 -7.275509 0.000000 0.000000 0.000000 1.000000
0.731106 0.150695 -0.665413 -2.250610 -0.039023 0.982942 0.179730 89.828156 0.681147 -0.105435 0.724515 -7.082292 0.000000 0.000000 0.000000 1.000000
0.735736 0.148830 -0.660713 -2.350174 -0.035182 0.982638 0.182169 89.972107 0.676354 -0.110783 0.728198 -6.700944 0.000000 0.000000 0.000000 1.000000
0.739598 0.145704 -0.657089 -2.408510 -0.031861 0.982771 0.182059 90.145889 0.672295 -0.113715 0.731498 -6.206311 0.000000 0.000000 0.000000 1.000000
0.740406 0.142138 -0.656959 -2.429523 -0.029668 0.983344 0.179318 90.307899 0.671505 -0.113277 0.732291 -5.676209 0.000000 0.000000 0.000000 1.000000
0.738248 0.138547 -0.660147 -2.433747 -0.028139 0.984152 0.175078 90.475990 0.673942 -0.110675 0.730447 -5.130949 0.000000 0.000000 0.000000 1.000000
0.735545 0.133749 -0.664142 -2.400857 -0.024406 0.984913 0.171318 90.672394 0.677037 -0.109803 0.727712 -4.583662 0.000000 0.000000 0.000000 1.000000
0.732736 0.128479 -0.668275 -2.355107 -0.020219 0.985693 0.167334 90.894684 0.680212 -0.109099 0.724851 -4.043925 0.000000 0.000000 0.000000 1.000000
0.729624 0.122714 -0.672748 -2.317344 -0.017127 0.986738 0.161412 91.109215 0.683634 -0.106248 0.722050 -3.528049 0.000000 0.000000 0.000000 1.000000
0.727171 0.115443 -0.676679 -2.259088 -0.013710 0.988003 0.153823 91.275322 0.686319 -0.102579 0.720030 -3.071407 0.000000 0.000000 0.000000 1.000000
0.725455 0.108865 -0.679605 -2.172537 -0.010736 0.989081 0.146979 91.385071 0.688186 -0.099330 0.718703 -2.694354 0.000000 0.000000 0.000000 1.000000
0.724986 0.104940 -0.680722 -2.064317 -0.008631 0.989632 0.143369 91.445038 0.688710 -0.098065 0.718375 -2.403354 0.000000 0.000000 0.000000 1.000000
0.727180 0.103821 -0.678551 -1.952710 -0.007651 0.989661 0.143222 91.455574 0.686404 -0.098957 0.720456 -2.196431 0.000000 0.000000 0.000000 1.000000
0.732399 0.104463 -0.672814 -1.848877 -0.008892 0.989544 0.143959 91.412621 0.680818 -0.099452 0.725670 -2.068375 0.000000 0.000000 0.000000 1.000000
0.738556 0.105746 -0.665847 -1.773113 -0.012305 0.989572 0.143510 91.325478 0.674079 -0.097796 0.732156 -2.006542 0.000000 0.000000 0.000000 1.000000
0.744360 0.107463 -0.659076 -1.722600 -0.017203 0.989725 0.141946 91.225113 0.667557 -0.094321 0.738560 -1.999608 0.000000 0.000000 0.000000 1.000000
0.749151 0.109323 -0.653316 -1.681077 -0.022567 0.989927 0.139772 91.138161 0.662015 -0.089967 0.744072 -2.026600 0.000000 0.000000 0.000000 1.000000
0.753539 0.109863 -0.648158 -1.632222 -0.026262 0.990181 0.137303 91.076797 0.656878 -0.086441 0.749026 -2.066092 0.000000 0.000000 0.000000 1.000000
0.756559 0.109645 -0.644668 -1.570403 -0.029003 0.990499 0.134427 91.042969 0.653282 -0.083005 0.752551 -2.085805 0.000000 0.000000 0.000000 1.000000
0.758027 0.109429 -0.642978 -1.514229 -0.032354 0.990920 0.130502 91.027199 0.651420 -0.078121 0.754685 -2.086233 0.000000 0.000000 0.000000 1.000000
0.762312 0.107557 -0.638210 -1.451725 -0.034964 0.991498 0.125333 91.019363 0.646265 -0.073229 0.759591 -2.077518 0.000000 0.000000 0.000000 1.000000
0.766399 0.105963 -0.633565 -1.407627 -0.038878 0.992144 0.118905 91.033493 0.641188 -0.066497 0.764498 -2.002910 0.000000 0.000000 0.000000 1.000000
0.767425 0.105725 -0.632361 -1.405904 -0.043031 0.992580 0.113728 91.067169 0.639693 -0.060067 0.766280 -1.880201 0.000000 0.000000 0.000000 1.000000
0.767772 0.105133 -0.632039 -1.403543 -0.045344 0.992888 0.110075 91.113800 0.639116 -0.055853 0.767079 -1.740961 0.000000 0.000000 0.000000 1.000000
0.767876 0.104296 -0.632052 -1.385624 -0.046150 0.993100 0.107805 91.148705 0.638934 -0.053612 0.767391 -1.601287 0.000000 0.000000 0.000000 1.000000
0.766274 0.103430 -0.634135 -1.371870 -0.046645 0.993309 0.105647 91.164024 0.640819 -0.051376 0.765971 -1.483503 0.000000 0.000000 0.000000 1.000000
0.763822 0.102972 -0.637160 -1.371562 -0.047904 0.993513 0.103135 91.159271 0.643647 -0.048254 0.763800 -1.392281 0.000000 0.000000 0.000000 1.000000
0.761074 0.103921 -0.640286 -1.405067 -0.050201 0.993559 0.101587 91.136765 0.646719 -0.045172 0.761389 -1.319604 0.000000 0.000000 0.000000 1.000000
0.758996 0.105100 -0.642556 -1.479690 -0.051162 0.993461 0.102063 91.122681 0.649082 -0.044591 0.759411 -1.247947 0.000000 0.000000 0.000000 1.000000
0.757159 0.105959 -0.644580 -1.579075 -0.051305 0.993355 0.103026 91.120789 0.651213 -0.044937 0.757563 -1.169255 0.000000 0.000000 0.000000 1.000000
0.754893 0.107189 -0.647030 -1.688407 -0.052158 0.993241 0.103691 91.119034 0.653771 -0.044528 0.755381 -1.091077 0.000000 0.000000 0.000000 1.000000
0.753706 0.108473 -0.648198 -1.796978 -0.053231 0.993120 0.104298 91.106155 0.655052 -0.044106 0.754295 -1.028676 0.000000 0.000000 0.000000 1.000000
0.753381 0.109873 -0.648340 -1.905808 -0.054627 0.992992 0.104803 91.079727 0.655311 -0.043540 0.754103 -0.980709 0.000000 0.000000 0.000000 1.000000
0.752425 0.111442 -0.649182 -2.024809 -0.055728 0.992820 0.105842 91.064491 0.656316 -0.043461 0.753233 -0.925713 0.000000 0.000000 0.000000 1.000000
0.750862 0.112681 -0.650775 -2.147703 -0.055562 0.992623 0.107764 91.069870 0.658117 -0.044758 0.751584 -0.857295 0.000000 0.000000 0.000000 1.000000
0.749650 0.113132 -0.652093 -2.264587 -0.054247 0.992470 0.109822 91.064392 0.659607 -0.046954 0.750142 -0.792936 0.000000 0.000000 0.000000 1.000000
0.747918 0.113392 -0.654034 -2.372442 -0.052048 0.992286 0.112516 91.046844 0.661747 -0.050112 0.748051 -0.729980 0.000000 0.000000 0.000000 1.000000
0.746182 0.113872 -0.655931 -2.470049 -0.049025 0.991987 0.116441 91.022179 0.663935 -0.054729 0.745785 -0.675392 0.000000 0.000000 0.000000 1.000000
0.744590 0.114519 -0.657625 -2.569164 -0.045571 0.991596 0.121079 90.986038 0.665964 -0.060185 0.743552 -0.635726 0.000000 0.000000 0.000000 1.000000
0.742377 0.115293 -0.659987 -2.666948 -0.041557 0.991110 0.126392 90.938957 0.668692 -0.066404 0.740568 -0.605524 0.000000 0.000000 0.000000 1.000000
0.740049 0.116041 -0.662467 -2.754935 -0.037010 0.990537 0.132162 90.887093 0.671534 -0.073288 0.737340 -0.590665 0.000000 0.000000 0.000000 1.000000
0.738172 0.116125 -0.664543 -2.835258 -0.031591 0.989943 0.137895 90.842636 0.673872 -0.080796 0.734417 -0.595927 0.000000 0.000000 0.000000 1.000000
0.735880 0.116687 -0.666982 -2.917446 -0.026342 0.989227 0.144000 90.790428 0.676599 -0.088397 0.731026 -0.619422 0.000000 0.000000 0.000000 1.000000
0.733261 0.118206 -0.669593 -3.001292 -0.022417 0.988440 0.149945 90.735062 0.679577 -0.094938 0.727435 -0.674842 0.000000 0.000000 0.000000 1.000000
0.730703 0.119534 -0.672150 -3.090543 -0.017652 0.987531 0.156431 90.694313 0.682468 -0.102440 0.723702 -0.762148 0.000000 0.000000 0.000000 1.000000
0.727785 0.120635 -0.675112 -3.199197 -0.011402 0.986400 0.163966 90.674706 0.685710 -0.111634 0.719263 -0.869743 0.000000 0.000000 0.000000 1.000000
0.725222 0.121491 -0.677711 -3.307064 -0.006092 0.985403 0.170131 90.683548 0.688488 -0.119254 0.715376 -1.017156 0.000000 0.000000 0.000000 1.000000
0.723226 0.121827 -0.679781 -3.407268 -0.001600 0.984611 0.174755 90.737923 0.690609 -0.125300 0.712291 -1.213210 0.000000 0.000000 0.000000 1.000000
0.722174 0.122545 -0.680770 -3.513990 0.001850 0.983836 0.179062 90.859856 0.691709 -0.130573 0.710274 -1.470184 0.000000 0.000000 0.000000 1.000000
0.722895 0.123069 -0.679910 -3.625166 0.002697 0.983500 0.180889 91.053711 0.690953 -0.132597 0.710635 -1.813862 0.000000 0.000000 0.000000 1.000000
0.726047 0.122464 -0.676652 -3.724453 0.001807 0.983671 0.179969 91.281410 0.687643 -0.131888 0.713970 -2.233208 0.000000 0.000000 0.000000 1.000000
0.731704 0.121369 -0.670730 -3.792377 -0.000939 0.984199 0.177066 91.506081 0.681622 -0.128930 0.720256 -2.699842 0.000000 0.000000 0.000000 1.000000
0.738063 0.119683 -0.664033 -3.827010 -0.004814 0.985052 0.172191 91.708832 0.674715 -0.123891 0.727606 -3.153707 0.000000 0.000000 0.000000 1.000000
0.742227 0.118779 -0.659538 -3.823480 -0.009238 0.985887 0.167156 91.846962 0.670085 -0.117975 0.732849 -3.529962 0.000000 0.000000 0.000000 1.000000
0.743297 0.119484 -0.658204 -3.766137 -0.013505 0.986399 0.163810 91.895279 0.668825 -0.112870 0.734801 -3.824925 0.000000 0.000000 0.000000 1.000000
0.741945 0.120839 -0.659481 -3.646811 -0.016525 0.986621 0.162191 91.843414 0.670257 -0.109439 0.734015 -4.048745 0.000000 0.000000 0.000000 1.000000
0.738213 0.122322 -0.663384 -3.457283 -0.017763 0.986605 0.162155 91.684502 0.674334 -0.107921 0.730498 -4.171587 0.000000 0.000000 0.000000 1.000000
0.733307 0.124101 -0.668476 -3.216875 -0.017943 0.986390 0.163439 91.450523 0.679661 -0.107856 0.725553 -4.178285 0.000000 0.000000 0.000000 1.000000
0.729906 0.125781 -0.671875 -2.932406 -0.018521 0.986202 0.164506 91.166183 0.683297 -0.107630 0.722164 -4.092019 0.000000 0.000000 0.000000 1.000000
0.727671 0.126875 -0.674090 -2.593521 -0.019755 0.986213 0.164296 90.879936 0.685642 -0.106237 0.720145 -3.911347 0.000000 0.000000 0.000000 1.000000
0.725186 0.127651 -0.676617 -2.210541 -0.021599 0.986399 0.162945 90.682213 0.688214 -0.103551 0.718080 -3.617256 0.000000 0.000000 0.000000 1.000000
0.721941 0.127843 -0.680043 -1.787014 -0.023331 0.986723 0.160728 90.635246 0.691562 -0.100170 0.715338 -3.195159 0.000000 0.000000 0.000000 1.000000
0.717639 0.126046 -0.684914 -1.309707 -0.024263 0.987413 0.156292 90.739624 0.695992 -0.095543 0.711664 -2.676716 0.000000 0.000000 0.000000 1.000000
0.712217 0.120656 -0.691512 -0.764731 -0.024214 0.988754 0.147580 90.924103 0.701541 -0.088364 0.707129 -2.133148 0.000000 0.000000 0.000000 1.000000
0.706043 0.112672 -0.699148 -0.171229 -0.023558 0.990452 0.135827 91.106277 0.707777 -0.079430 0.701956 -1.620704 0.000000 0.000000 0.000000 1.000000
0.700696 0.104940 -0.705700 0.429551 -0.022727 0.991905 0.124934 91.196152 0.713098 -0.071502 0.697409 -1.140014 0.000000 0.000000 0.000000 1.000000
0.696957 0.100234 -0.710073 0.972061 -0.022514 0.992754 0.118040 91.092400 0.716759 -0.066282 0.694163 -0.709762 0.000000 0.000000 0.000000 1.000000
0.694692 0.100008 -0.712321 1.398266 -0.022537 0.992828 0.117411 90.776031 0.718954 -0.065511 0.691964 -0.381747 0.000000 0.000000 0.000000 1.000000
0.693246 0.103179 -0.713277 1.702365 -0.020787 0.992150 0.123316 90.262741 0.720401 -0.070662 0.689949 -0.157136 0.000000 0.000000 0.000000 1.000000
0.691450 0.107287 -0.714413 1.893950 -0.016963 0.991049 0.132413 89.635132 0.722225 -0.079439 0.687081 -0.019580 0.000000 0.000000 0.000000 1.000000
0.689817 0.111065 -0.715414 1.993190 -0.012847 0.989885 0.141288 89.043816 0.723869 -0.088272 0.684267 0.025400 0.000000 0.000000 0.000000 1.000000
0.690293 0.113712 -0.714538 1.987299 -0.008104 0.988726 0.149517 88.562401 0.723484 -0.097420 0.683432 -0.037047 0.000000 0.000000 0.000000 1.000000
0.691996 0.115645 -0.712578 1.886775 -0.004506 0.987758 0.155928 88.305771 0.721887 -0.104691 0.684046 -0.214462 0.000000 0.000000 0.000000 1.000000</float_array>
        <technique_common>
          <accessor source="#mixamorig_Hips-Matrix-animation-output-transform-array" count="86" stride="16">
            <param type="float4x4"/>
          </accessor>
        </technique_common>
      </source>
      <source id="mixamorig_Hips-Interpolations">
        <Name_array id="mixamorig_Hips-Interpolations-array" count="86">
 LINEAR LINEAR LINEAR LINEAR LINEAR LINEAR LINEAR LINEAR LINEAR LINEAR LINEAR
LINEAR LINEAR LINEAR LINEAR LINEAR LINEAR LINEAR LINEAR LINEAR LINEAR LINEAR LINEAR
LINEAR LINEAR LINEAR LINEAR LINEAR LINEAR LINEAR LINEAR LINEAR LINEAR LINEAR LINEAR
LINEAR LINEAR LINEAR LINEAR LINEAR LINEAR LINEAR LINEAR LINEAR LINEAR LINEAR LINEAR
LINEAR LINEAR LINEAR LINEAR LINEAR LINEAR LINEAR LINEAR LINEAR LINEAR LINEAR LINEAR
LINEAR LINEAR LINEAR LINEAR LINEAR LINEAR LINEAR LINEAR LINEAR LINEAR LINEAR LINEAR
LINEAR LINEAR LINEAR LINEAR LINEAR LINEAR LINEAR LINEAR LINEAR LINEAR LINEAR LINEAR
LINEAR LINEAR LINEAR</Name_array>
        <technique_common>
          <accessor source="#mixamorig_Hips-Interpolations-array" count="86">
            <param type="name"/>
          </accessor>
        </technique_common>
      </source>
      <sampler id="mixamorig_Hips-Matrix-animation-transform">
        <input semantic="INPUT" source="#mixamorig_Hips-Matrix-animation-input"/>
        <input semantic="OUTPUT" source="#mixamorig_Hips-Matrix-animation-output-transform"/>
        <input semantic="INTERPOLATION" source="#mixamorig_Hips-Interpolations"/>
      </sampler>
      <channel source="#mixamorig_Hips-Matrix-animation-transform" target="mixamorig_Hips/matrix"/>
    </animation>
    <animation id="mixamorig_Spine-anim" name="mixamorig_Spine">
      <source id="mixamorig_Spine-Matrix-animation-input">
        <float_array id="mixamorig_Spine-Matrix-animation-input-array" count="86">

0.000000 0.033333 0.066667 0.100000 0.133333 0.166667 0.200000 0.233333 0.266667 0.300000 0.333333 0.366667 0.400000 0.433333 0.466667 0.500000
0.533333 0.566667 0.600000 0.633333 0.666667 0.700000 0.733333 0.766667 0.800000 0.833333 0.866667 0.900000 0.933333 0.966667 1.000000 1.033333
1.066667 1.100000 1.133333 1.166667 1.200000 1.233333 1.266667 1.300000 1.333333 1.366667 1.400000 1.433333 1.466667 1.500000 1.533333 1.566667
1.600000 1.633333 1.666667 1.700000 1.733333 1.766667 1.800000 1.833333 1.866667 1.900000 1.933333 1.966667 2.000000 2.033333 2.066667 2.100000
2.133333 2.166667 2.200000 2.233333 2.266667 2.300000 2.333333 2.366667 2.400000 2.433333 2.466667 2.500000 2.533333 2.566667 2.600000 2.633333
2.666667 2.700000 2.733333 2.766667 2.800000 2.833333</float_array>
        <technique_common>
          <accessor source="#mixamorig_Spine-Matrix-animation-input-array" count="86">
            <param name="TIME" type="float"/>
          </accessor>
        </technique_common>
      </source>
      <source id="mixamorig_Spine-Matrix-animation-output-transform">
        <float_array id="mixamorig_Spine-Matrix-animation-output-transform-array" count="1376">

0.998283 0.033824 0.047820 -0.000000 -0.012290 0.919199 -0.393602 12.246100 -0.057269 0.392338 0.918036 0.234600 0.000000 0.000000 0.000000 1.000000
0.998409 0.031511 0.046769 0.000000 -0.010567 0.919171 -0.393718 12.246100 -0.055395 0.392597 0.918041 0.234600 0.000000 0.000000 0.000000 1.000000
0.998490 0.028892 0.046732 0.000000 -0.008375 0.920662 -0.390271 12.246100 -0.054300 0.389290 0.919513 0.234600 0.000000 0.000000 0.000000 1.000000
0.998502 0.026424 0.047906 0.000000 -0.006127 0.924130 -0.382028 12.246100 -0.054366 0.381162 0.922908 0.234600 0.000000 0.000000 0.000000 1.000000
0.998613 0.023678 0.047031 0.000000 -0.004531 0.928514 -0.371270 12.246100 -0.052460 0.370542 0.927333 0.234600 0.000000 0.000000 0.000000 1.000000
0.998847 0.018650 0.044235 0.000000 -0.001287 0.931524 -0.363677 12.246100 -0.047988 0.363201 0.930474 0.234600 0.000000 0.000000 0.000000 1.000000
0.998924 0.014442 0.044066 0.000000 0.002134 0.934938 -0.354805 12.246100 -0.046323 0.354517 0.933901 0.234600 0.000000 0.000000 0.000000 1.000000
0.998964 0.009572 0.044499 -0.000000 0.006650 0.936460 -0.350712 12.246100 -0.045028 0.350644 0.935426 0.234600 0.000000 0.000000 0.000000 1.000000
0.999016 0.004903 0.044075 0.000000 0.010951 0.935819 -0.352310 12.246100 -0.042973 0.352446 0.934845 0.234600 0.000000 0.000000 0.000000 1.000000
0.999071 0.000270 0.043105 0.000000 0.015166 0.933838 -0.357373 12.246100 -0.040350 0.357695 0.932966 0.234600 0.000000 0.000000 0.000000 1.000000
0.999057 -0.003154 0.043296 0.000000 0.018658 0.931730 -0.362672 12.246100 -0.039196 0.363138 0.930911 0.234600 0.000000 0.000000 0.000000 1.000000
0.998999 -0.000726 0.044718 0.000000 0.016935 0.931560 -0.363194 12.246100 -0.041394 0.363587 0.930640 0.234600 0.000000 0.000000 0.000000 1.000000
0.998994 -0.002802 0.044748 0.000000 0.019104 0.929506 -0.368313 12.246100 -0.040562 0.368797 0.928625 0.234600 0.000000 0.000000 0.000000 1.000000
0.999058 -0.012030 0.041691 0.000000 0.026906 0.925545 -0.377681 12.246100 -0.034043 0.378447 0.924997 0.234600 0.000000 0.000000 0.000000 1.000000
0.998940 -0.018312 0.042232 0.000000 0.032770 0.927225 -0.373068 12.246100 -0.032327 0.374056 0.926842 0.234600 0.000000 0.000000 0.000000 1.000000
0.998858 -0.022148 0.042327 0.000000 0.035887 0.932719 -0.358815 12.246100 -0.031532 0.359924 0.932449 0.234600 0.000000 0.000000 0.000000 1.000000
0.998805 -0.028847 0.039446 -0.000000 0.040600 0.939090 -0.341266 12.246100 -0.027199 0.342460 0.939139 0.234600 0.000000 0.000000 0.000000 1.000000
0.998571 -0.037696 0.037890 0.000000 0.047906 0.945607 -0.321764 12.246100 -0.023700 0.323119 0.946062 0.234600 0.000000 0.000000 0.000000 1.000000
0.998259 -0.044154 0.039115 -0.000000 0.053947 0.951587 -0.302609 12.246100 -0.023860 0.304192 0.952312 0.234600 0.000000 0.000000 0.000000 1.000000
0.998119 -0.045702 0.040873 -0.000000 0.055544 0.956280 -0.287130 12.246100 -0.025964 0.288860 0.957019 0.234600 0.000000 0.000000 0.000000 1.000000
0.997953 -0.047646 0.042659 0.000000 0.057518 0.960293 -0.273001 12.246100 -0.027957 0.274896 0.961067 0.234600 0.000000 0.000000 0.000000 1.000000
0.997635 -0.052147 0.044781 -0.000000 0.061931 0.964569 -0.256458 12.246100 -0.029821 0.258625 0.965517 0.234600 0.000000 0.000000 0.000000 1.000000
0.997373 -0.053706 0.048609 0.000000 0.063863 0.968633 -0.240149 12.246100 -0.034187 0.242622 0.969518 0.234600 0.000000 0.000000 0.000000 1.000000
0.997161 -0.052889 0.053589 0.000000 0.063795 0.971508 -0.228261 12.246100 -0.039990 0.231032 0.972124 0.234600 0.000000 0.000000 0.000000 1.000000
0.996968 -0.051183 0.058602 0.000000 0.063084 0.972608 -0.223729 12.246100 -0.045546 0.226748 0.972888 0.234600 0.000000 0.000000 0.000000 1.000000
0.996869 -0.048854 0.062167 0.000000 0.061741 0.972150 -0.226082 12.246100 -0.049391 0.229213 0.972122 0.234600 0.000000 0.000000 0.000000 1.000000
0.996889 -0.046989 0.063283 -0.000000 0.060438 0.971067 -0.231034 12.246100 -0.050596 0.234140 0.970886 0.234600 0.000000 0.000000 0.000000 1.000000
0.997008 -0.043803 0.063696 0.000000 0.057694 0.970048 -0.235964 12.246100 -0.051452 0.238933 0.969672 0.234600 0.000000 0.000000 0.000000 1.000000
0.997117 -0.039694 0.064662 -0.000000 0.054179 0.969120 -0.240563 12.246100 -0.053116 0.243373 0.968477 0.234600 0.000000 0.000000 0.000000 1.000000
0.997065 -0.036134 0.067498 0.000000 0.051676 0.968126 -0.245075 12.246100 -0.056491 0.247844 0.967152 0.234600 0.000000 0.000000 0.000000 1.000000
0.997032 -0.031670 0.070173 0.000000 0.048317 0.967023 -0.250065 12.246100 -0.059940 0.252714 0.965683 0.234600 0.000000 0.000000 0.000000 1.000000
0.996967 -0.026701 0.073105 0.000000 0.044507 0.966162 -0.254067 12.246100 -0.063848 0.256550 0.964420 0.234600 0.000000 0.000000 0.000000 1.000000
0.996611 -0.021734 0.079335 0.000000 0.041495 0.965588 -0.256744 12.246100 -0.071024 0.259166 0.963218 0.234600 0.000000 0.000000 0.000000 1.000000
0.996306 -0.015062 0.084538 0.000000 0.036653 0.964898 -0.260055 12.246100 -0.077653 0.262193 0.961886 0.234600 0.000000 0.000000 0.000000 1.000000
0.995933 -0.010176 0.089519 0.000000 0.033409 0.964475 -0.262054 12.246100 -0.083672 0.263979 0.960892 0.234600 0.000000 0.000000 0.000000 1.000000
0.995597 -0.007171 0.093461 0.000000 0.031604 0.964367 -0.262673 12.246100 -0.088247 0.264471 0.960348 0.234600 0.000000 0.000000 0.000000 1.000000
0.995573 -0.003539 0.093920 0.000000 0.028316 0.964154 -0.263828 12.246100 -0.089620 0.265320 0.959986 0.234600 0.000000 0.000000 0.000000 1.000000
0.995726 -0.000017 0.092354 0.000000 0.024656 0.963756 -0.265644 12.246100 -0.089002 0.266786 0.959637 0.234600 0.000000 0.000000 0.000000 1.000000
0.995759 0.003107 0.091946 0.000000 0.021690 0.963327 -0.267450 12.246100 -0.089405 0.268311 0.959175 0.234600 0.000000 0.000000 0.000000 1.000000
0.995792 0.004338 0.091539 0.000000 0.020486 0.963062 -0.268499 12.246100 -0.089323 0.269245 0.958921 0.234600 0.000000 0.000000 0.000000 1.000000
0.995917 0.003451 0.090212 0.000000 0.021053 0.962839 -0.269254 12.246100 -0.087788 0.270054 0.958835 0.234600 0.000000 0.000000 0.000000 1.000000
0.996175 0.003597 0.087305 0.000000 0.020289 0.962325 -0.271145 12.246100 -0.084991 0.271879 0.958571 0.234600 0.000000 0.000000 0.000000 1.000000
0.996426 0.004448 0.084349 0.000000 0.018757 0.962024 -0.272319 12.246100 -0.082357 0.272928 0.958503 0.234600 0.000000 0.000000 0.000000 1.000000
0.996527 0.005163 0.083106 -0.000000 0.017728 0.962036 -0.272347 12.246100 -0.081357 0.272875 0.958603 0.234600 0.000000 0.000000 0.000000 1.000000
0.996662 0.005769 0.081437 0.000000 0.016722 0.961926 -0.272796 12.246100 -0.079910 0.273248 0.958619 0.234600 0.000000 0.000000 0.000000 1.000000
0.996925 0.004963 0.078202 0.000000 0.016674 0.961701 -0.273593 12.246100 -0.076565 0.274056 0.958661 0.234600 0.000000 0.000000 0.000000 1.000000
