<?xml version="1.0" encoding="utf-8"?>
<COLLADA xmlns="http://www.collada.org/2005/11/COLLADASchema" version="1.4.1">
  <asset>
    <contributor>
      <author>Mixamo</author>
      <authoring_tool>COLLADA Mixamo exporter</authoring_tool>
      <comments/>
    </contributor>
    <created>2024-04-05T10:49:13Z</created>
    <modified>2024-04-05T10:49:13Z</modified>
    <revision/>
    <title/>
    <unit meter="0.010000"/>
    <up_axis>Y_UP</up_axis>
  </asset>
  <library_animations>
    <animation id="Armature-anim" name="Armature">
      <source id="Armature-Matrix-animation-input">
        <float_array id="Armature-Matrix-animation-input-array" count="51">

0.000000 0.033333 0.066667 0.100000 0.133333 0.166667 0.200000 0.233333 0.266667 0.300000 0.333333 0.366667 0.400000 0.433333 0.466667 0.500000
0.533333 0.566667 0.600000 0.633333 0.666667 0.700000 0.733333 0.766667 0.800000 0.833333 0.866667 0.900000 0.933333 0.966667 1.000000 1.033333
1.066667 1.100000 1.133333 1.166667 1.200000 1.233333 1.266667 1.300000 1.333333 1.366667 1.400000 1.433333 1.466667 1.500000 1.533333 1.566667
1.600000 1.633333 1.666667</float_array>
        <technique_common>
          <accessor source="#Armature-Matrix-animation-input-array" count="51">
            <param name="TIME" type="float"/>
          </accessor>
        </technique_common>
      </source>
      <source id="Armature-Matrix-animation-output-transform">
        <float_array id="Armature-Matrix-animation-output-transform-array" count="816">

1.000000 0.000000 0.000000 0.000000 0.000000 1.000000 0.000000 0.000000 0.000000 0.000000 1.000000 0.000000 0.000000 0.000000 0.000000 1.000000
1.000000 0.000000 0.000000 0.000000 0.000000 1.000000 0.000000 0.000000 0.000000 0.000000 1.000000 0.000000 0.000000 0.000000 0.000000 1.000000
1.000000 0.000000 0.000000 0.000000 0.000000 1.000000 0.000000 0.000000 0.000000 0.000000 1.000000 0.000000 0.000000 0.000000 0.000000 1.000000
1.000000 0.000000 0.000000 0.000000 0.000000 1.000000 0.000000 0.000000 0.000000 0.000000 1.000000 0.000000 0.000000 0.000000 0.000000 1.000000
1.000000 0.000000 0.000000 0.000000 0.000000 1.000000 0.000000 0.000000 0.000000 0.000000 1.000000 0.000000 0.000000 0.000000 0.000000 1.000000
1.000000 0.000000 0.000000 0.000000 0.000000 1.000000 0.000000 0.000000 0.000000 0.000000 1.000000 0.000000 0.000000 0.000000 0.000000 1.000000
1.000000 0.000000 0.000000 0.000000 0.000000 1.000000 0.000000 0.000000 0.000000 0.000000 1.000000 0.000000 0.000000 0.000000 0.000000 1.000000
1.000000 0.000000 0.000000 0.000000 0.000000 1.000000 0.000000 0.000000 0.000000 0.000000 1.000000 0.000000 0.000000 0.000000 0.000000 1.000000
1.000000 0.000000 0.000000 0.000000 0.000000 1.000000 0.000000 0.000000 0.000000 0.000000 1.000000 0.000000 0.000000 0.000000 0.000000 1.000000
1.000000 0.000000 0.000000 0.000000 0.000000 1.000000 0.000000 0.000000 0.000000 0.000000 1.000000 0.000000 0.000000 0.000000 0.000000 1.000000
1.000000 0.000000 0.000000 0.000000 0.000000 1.000000 0.000000 0.000000 0.000000 0.000000 1.000000 0.000000 0.000000 0.000000 0.000000 1.000000
1.000000 0.000000 0.000000 0.000000 0.000000 1.000000 0.000000 0.000000 0.000000 0.000000 1.000000 0.000000 0.000000 0.000000 0.000000 1.000000
1.000000 0.000000 0.000000 0.000000 0.000000 1.000000 0.000000 0.000000 0.000000 0.000000 1.000000 0.000000 0.000000 0.000000 0.000000 1.000000
1.000000 0.000000 0.000000 0.000000 0.000000 1.000000 0.000000 0.000000 0.000000 0.000000 1.000000 0.000000 0.000000 0.000000 0.000000 1.000000
1.000000 0.000000 0.000000 0.000000 0.000000 1.000000 0.000000 0.000000 0.000000 0.000000 1.000000 0.000000 0.000000 0.000000 0.000000 1.000000
1.000000 0.000000 0.000000 0.000000 0.000000 1.000000 0.000000 0.000000 0.000000 0.000000 1.000000 0.000000 0.000000 0.000000 0.000000 1.000000
1.000000 0.000000 0.000000 0.000000 0.000000 1.000000 0.000000 0.000000 0.000000 0.000000 1.000000 0.000000 0.000000 0.000000 0.000000 1.000000
1.000000 0.000000 0.000000 0.000000 0.000000 1.000000 0.000000 0.000000 0.000000 0.000000 1.000000 0.000000 0.000000 0.000000 0.000000 1.000000
1.000000 0.000000 0.000000 0.000000 0.000000 1.000000 0.000000 0.000000 0.000000 0.000000 1.000000 0.000000 0.000000 0.000000 0.000000 1.000000
1.000000 0.000000 0.000000 0.000000 0.000000 1.000000 0.000000 0.000000 0.000000 0.000000 1.000000 0.000000 0.000000 0.000000 0.000000 1.000000
1.000000 0.000000 0.000000 0.000000 0.000000 1.000000 0.000000 0.000000 0.000000 0.000000 1.000000 0.000000 0.000000 0.000000 0.000000 1.000000
1.000000 0.000000 0.000000 0.000000 0.000000 1.000000 0.000000 0.000000 0.000000 0.000000 1.000000 0.000000 0.000000 0.000000 0.000000 1.000000
1.000000 0.000000 0.000000 0.000000 0.000000 1.000000 0.000000 0.000000 0.000000 0.000000 1.000000 0.000000 0.000000 0.000000 0.000000 1.000000
1.000000 0.000000 0.000000 0.000000 0.000000 1.000000 0.000000 0.000000 0.000000 0.000000 1.000000 0.000000 0.000000 0.000000 0.000000 1.000000
1.000000 0.000000 0.000000 0.000000 0.000000 1.000000 0.000000 0.000000 0.000000 0.000000 1.000000 0.000000 0.000000 0.000000 0.000000 1.000000
1.000000 0.000000 0.000000 0.000000 0.000000 1.000000 0.000000 0.000000 0.000000 0.000000 1.000000 0.000000 0.000000 0.000000 0.000000 1.000000
1.000000 0.000000 0.000000 0.000000 0.000000 1.000000 0.000000 0.000000 0.000000 0.000000 1.000000 0.000000 0.000000 0.000000 0.000000 1.000000
1.000000 0.000000 0.000000 0.000000 0.000000 1.000000 0.000000 0.000000 0.000000 0.000000 1.000000 0.000000 0.000000 0.000000 0.000000 1.000000
1.000000 0.000000 0.000000 0.000000 0.000000 1.000000 0.000000 0.000000 0.000000 0.000000 1.000000 0.000000 0.000000 0.000000 0.000000 1.000000
1.000000 0.000000 0.000000 0.000000 0.000000 1.000000 0.000000 0.000000 0.000000 0.000000 1.000000 0.000000 0.000000 0.000000 0.000000 1.000000
1.000000 0.000000 0.000000 0.000000 0.000000 1.000000 0.000000 0.000000 0.000000 0.000000 1.000000 0.000000 0.000000 0.000000 0.000000 1.000000
1.000000 0.000000 0.000000 0.000000 0.000000 1.000000 0.000000 0.000000 0.000000 0.000000 1.000000 0.000000 0.000000 0.000000 0.000000 1.000000
1.000000 0.000000 0.000000 0.000000 0.000000 1.000000 0.000000 0.000000 0.000000 0.000000 1.000000 0.000000 0.000000 0.000000 0.000000 1.000000
1.000000 0.000000 0.000000 0.000000 0.000000 1.000000 0.000000 0.000000 0.000000 0.000000 1.000000 0.000000 0.000000 0.000000 0.000000 1.000000
1.000000 0.000000 0.000000 0.000000 0.000000 1.000000 0.000000 0.000000 0.000000 0.000000 1.000000 0.000000 0.000000 0.000000 0.000000 1.000000
1.000000 0.000000 0.000000 0.000000 0.000000 1.000000 0.000000 0.000000 0.000000 0.000000 1.000000 0.000000 0.000000 0.000000 0.000000 1.000000
1.000000 0.000000 0.000000 0.000000 0.000000 1.000000 0.000000 0.000000 0.000000 0.000000 1.000000 0.000000 0.000000 0.000000 0.000000 1.000000
1.000000 0.000000 0.000000 0.000000 0.000000 1.000000 0.000000 0.000000 0.000000 0.000000 1.000000 0.000000 0.000000 0.000000 0.000000 1.000000
1.000000 0.000000 0.000000 0.000000 0.000000 1.000000 0.000000 0.000000 0.000000 0.000000 1.000000 0.000000 0.000000 0.000000 0.000000 1.000000
1.000000 0.000000 0.000000 0.000000 0.000000 1.000000 0.000000 0.000000 0.000000 0.000000 1.000000 0.000000 0.000000 0.000000 0.000000 1.000000
1.000000 0.000000 0.000000 0.000000 0.000000 1.000000 0.000000 0.000000 0.000000 0.000000 1.000000 0.000000 0.000000 0.000000 0.000000 1.000000
1.000000 0.000000 0.000000 0.000000 0.000000 1.000000 0.000000 0.000000 0.000000 0.000000 1.000000 0.000000 0.000000 0.000000 0.000000 1.000000
1.000000 0.000000 0.000000 0.000000 0.000000 1.000000 0.000000 0.000000 0.000000 0.000000 1.000000 0.000000 0.000000 0.000000 0.000000 1.000000
1.000000 0.000000 0.000000 0.000000 0.000000 1.000000 0.000000 0.000000 0.000000 0.000000 1.000000 0.000000 0.000000 0.000000 0.000000 1.000000
1.000000 0.000000 0.000000 0.000000 0.000000 1.000000 0.000000 0.000000 0.000000 0.000000 1.000000 0.000000 0.000000 0.000000 0.000000 1.000000
1.000000 0.000000 0.000000 0.000000 0.000000 1.000000 0.000000 0.000000 0.000000 0.000000 1.000000 0.000000 0.000000 0.000000 0.000000 1.000000
1.000000 0.000000 0.000000 0.000000 0.000000 1.000000 0.000000 0.000000 0.000000 0.000000 1.000000 0.000000 0.000000 0.000000 0.000000 1.000000
1.000000 0.000000 0.000000 0.000000 0.000000 1.000000 0.000000 0.000000 0.000000 0.000000 1.000000 0.000000 0.000000 0.000000 0.000000 1.000000
1.000000 0.000000 0.000000 0.000000 0.000000 1.000000 0.000000 0.000000 0.000000 0.000000 1.000000 0.000000 0.000000 0.000000 0.000000 1.000000
1.000000 0.000000 0.000000 0.000000 0.000000 1.000000 0.000000 0.000000 0.000000 0.000000 1.000000 0.000000 0.000000 0.000000 0.000000 1.000000
1.000000 0.000000 0.000000 0.000000 0.000000 1.000000 0.000000 0.000000 0.000000 0.000000 1.000000 0.000000 0.000000 0.000000 0.000000 1.000000</float_array>
        <technique_common>
          <accessor source="#Armature-Matrix-animation-output-transform-array" count="51" stride="16">
            <param type="float4x4"/>
          </accessor>
        </technique_common>
      </source>
      <source id="Armature-Interpolations">
        <Name_array id="Armature-Interpolations-array" count="51">
 LINEAR LINEAR LINEAR LINEAR LINEAR LINEAR LINEAR LINEAR LINEAR LINEAR LINEAR
LINEAR LINEAR LINEAR LINEAR LINEAR LINEAR LINEAR LINEAR LINEAR LINEAR LINEAR LINEAR
LINEAR LINEAR LINEAR LINEAR LINEAR LINEAR LINEAR LINEAR LINEAR LINEAR LINEAR LINEAR
LINEAR LINEAR LINEAR LINEAR LINEAR LINEAR LINEAR LINEAR LINEAR LINEAR LINEAR LINEAR
LINEAR LINEAR LINEAR LINEAR</Name_array>
        <technique_common>
          <accessor source="#Armature-Interpolations-array" count="51">
            <param type="name"/>
          </accessor>
        </technique_common>
      </source>
      <sampler id="Armature-Matrix-animation-transform">
        <input semantic="INPUT" source="#Armature-Matrix-animation-input"/>
        <input semantic="OUTPUT" source="#Armature-Matrix-animation-output-transform"/>
        <input semantic="INTERPOLATION" source="#Armature-Interpolations"/>
      </sampler>
      <channel source="#Armature-Matrix-animation-transform" target="Armature/matrix"/>
    </animation>
    <animation id="mixamorig_Hips-anim" name="mixamorig_Hips">
      <source id="mixamorig_Hips-Matrix-animation-input">
        <float_array id="mixamorig_Hips-Matrix-animation-input-array" count="51">

0.000000 0.033333 0.066667 0.100000 0.133333 0.166667 0.200000 0.233333 0.266667 0.300000 0.333333 0.366667 0.400000 0.433333 0.466667 0.500000
0.533333 0.566667 0.600000 0.633333 0.666667 0.700000 0.733333 0.766667 0.800000 0.833333 0.866667 0.900000 0.933333 0.966667 1.000000 1.033333
1.066667 1.100000 1.133333 1.166667 1.200000 1.233333 1.266667 1.300000 1.333333 1.366667 1.400000 1.433333 1.466667 1.500000 1.533333 1.566667
1.600000 1.633333 1.666667</float_array>
        <technique_common>
          <accessor source="#mixamorig_Hips-Matrix-animation-input-array" count="51">
            <param name="TIME" type="float"/>
          </accessor>
        </technique_common>
      </source>
      <source id="mixamorig_Hips-Matrix-animation-output-transform">
        <float_array id="mixamorig_Hips-Matrix-animation-output-transform-array" count="816">

0.979199 0.049823 0.196692 -0.667786 -0.057061 0.997880 0.031305 96.884720 -0.194715 -0.041878 0.979965 -3.241076 0.000000 0.000000 0.000000 1.000000
0.980456 0.046425 0.191185 -0.616033 -0.050217 0.998625 0.015031 96.883743 -0.190224 -0.024338 0.981439 -3.325362 0.000000 0.000000 0.000000 1.000000
0.981645 0.042634 0.185892 -0.570742 -0.043274 0.999063 -0.000610 96.893890 -0.185744 -0.007445 0.982570 -3.403285 0.000000 0.000000 0.000000 1.000000
0.982701 0.038778 0.181095 -0.538283 -0.036294 0.999196 -0.017007 96.920578 -0.181609 0.010140 0.983319 -3.478741 0.000000 0.000000 0.000000 1.000000
0.983654 0.034865 0.176661 -0.514995 -0.028946 0.998934 -0.035971 96.959351 -0.177727 0.030269 0.983614 -3.546960 0.000000 0.000000 0.000000 1.000000
0.984488 0.030966 0.172698 -0.497451 -0.021460 0.998164 -0.056639 96.984398 -0.174135 0.052054 0.983345 -3.610531 0.000000 0.000000 0.000000 1.000000
0.985171 0.026582 0.169502 -0.504609 -0.013876 0.997033 -0.075708 96.959419 -0.171011 0.072233 0.982618 -3.696092 0.000000 0.000000 0.000000 1.000000
0.985473 0.019372 0.168726 -0.607993 -0.003990 0.995840 -0.091029 96.899422 -0.169788 0.089034 0.981451 -3.840911 0.000000 0.000000 0.000000 1.000000
0.984315 0.008147 0.176233 -0.870787 0.009819 0.994855 -0.100832 96.856873 -0.176148 0.100981 0.979170 -4.081762 0.000000 0.000000 0.000000 1.000000
0.980172 -0.004560 0.198097 -1.220918 0.025417 0.994370 -0.102872 96.755508 -0.196512 0.105867 0.974769 -4.476933 0.000000 0.000000 0.000000 1.000000
0.973058 -0.017571 0.229888 -1.471186 0.041610 0.994103 -0.100143 96.417877 -0.226773 0.107011 0.968051 -5.096610 0.000000 0.000000 0.000000 1.000000
0.966579 -0.035380 0.253917 -1.530870 0.063184 0.992756 -0.102193 95.852638 -0.248462 0.114821 0.961812 -5.963408 0.000000 0.000000 0.000000 1.000000
0.966265 -0.063696 0.249549 -1.486366 0.095042 0.988734 -0.115640 95.055992 -0.239372 0.135456 0.961433 -7.081561 0.000000 0.000000 0.000000 1.000000
0.973654 -0.100053 0.204907 -1.194702 0.129880 0.981923 -0.137692 93.656456 -0.187426 0.160678 0.969048 -8.410583 0.000000 0.000000 0.000000 1.000000
0.983712 -0.132802 0.121135 -0.519260 0.151378 0.975457 -0.159902 91.624092 -0.096927 0.175635 0.979672 -9.902360 0.000000 0.000000 0.000000 1.000000
0.989071 -0.146956 0.011960 0.472993 0.146817 0.974170 -0.171571 89.511436 0.013562 0.171452 0.985099 -11.602176 0.000000 0.000000 0.000000 1.000000
0.985007 -0.139243 -0.101848 1.552916 0.121941 0.979573 -0.159899 87.564049 0.122032 0.145082 0.981865 -13.529072 0.000000 0.000000 0.000000 1.000000
0.970180 -0.119346 -0.210966 2.514766 0.092797 0.986953 -0.131580 85.641235 0.223917 0.108079 0.968597 -15.306666 0.000000 0.000000 0.000000 1.000000
0.942301 -0.099614 -0.319604 3.040420 0.069381 0.992086 -0.104653 83.601082 0.327499 0.076440 0.941754 -16.327633 0.000000 0.000000 0.000000 1.000000
0.900619 -0.088579 -0.425487 2.703542 0.053991 0.994229 -0.092700 81.534531 0.431243 0.060515 0.900204 -16.338821 0.000000 0.000000 0.000000 1.000000
0.852173 -0.091104 -0.515269 1.296927 0.047990 0.994184 -0.096412 79.830444 0.521055 0.057431 0.851589 -15.819728 0.000000 0.000000 0.000000 1.000000
0.809648 -0.094383 -0.579277 -1.102238 0.050014 0.994490 -0.092131 78.748161 0.584780 0.045622 0.809908 -15.334164 0.000000 0.000000 0.000000 1.000000
0.768935 -0.112383 -0.629371 -4.351168 0.065357 0.993089 -0.097480 78.322502 0.635977 0.033821 0.770967 -14.795173 0.000000 0.000000 0.000000 1.000000
0.720031 -0.146683 -0.678262 -8.892473 0.085811 0.988723 -0.122729 78.555664 0.688616 0.030166 0.724499 -13.683480 0.000000 0.000000 0.000000 1.000000
0.652653 -0.192180 -0.732879 -15.138397 0.093644 0.980340 -0.173677 79.565582 0.751848 0.044721 0.657818 -11.758101 0.000000 0.000000 0.000000 1.000000
0.564937 -0.244133 -0.788191 -22.945869 0.077752 0.966728 -0.243703 80.926491 0.821462 0.076393 0.565123 -9.304531 0.000000 0.000000 0.000000 1.000000
0.471934 -0.297978 -0.829751 -31.822718 0.050100 0.948695 -0.312197 82.038254 0.880209 0.105766 0.462651 -7.218967 0.000000 0.000000 0.000000 1.000000
0.398401 -0.324375 -0.857938 -41.016582 0.028987 0.939362 -0.341700 82.829880 0.916753 0.111264 0.383645 -6.387774 0.000000 0.000000 0.000000 1.000000
0.340892 -0.296021 -0.892280 -49.390469 0.014589 0.950682 -0.309823 83.587784 0.939989 0.092599 0.328398 -6.666309 0.000000 0.000000 0.000000 1.000000
0.262788 -0.238872 -0.934817 -56.776096 -0.011541 0.968022 -0.250602 84.142410 0.964785 0.076644 0.251628 -6.944937 0.000000 0.000000 0.000000 1.000000
0.133313 -0.217410 -0.966934 -64.153893 -0.045582 0.973265 -0.225118 84.373390 0.990025 0.074086 0.119839 -6.682764 0.000000 0.000000 0.000000 1.000000
-0.029459 -0.253367 -0.966921 -71.995316 -0.059634 0.966064 -0.251326 84.099022 0.997786 0.050257 -0.043568 -6.001706 0.000000 0.000000 0.000000 1.000000
-0.164536 -0.299511 -0.939798 -80.496689 -0.038680 0.954010 -0.297269 83.538147 0.985612 -0.012560 -0.168554 -5.421611 0.000000 0.000000 0.000000 1.000000
-0.214268 -0.316681 -0.924014 -89.613670 0.017710 0.944570 -0.327832 83.669891 0.976614 -0.086608 -0.196783 -5.562599 0.000000 0.000000 0.000000 1.000000
-0.164080 -0.309938 -0.936491 -99.624397 0.112165 0.937339 -0.329871 84.668236 0.980049 -0.159167 -0.119034 -6.283387 0.000000 0.000000 0.000000 1.000000
-0.038812 -0.293189 -0.955266 -111.666245 0.219241 0.930194 -0.294402 85.798851 0.974898 -0.220860 0.028176 -7.056600 0.000000 0.000000 0.000000 1.000000
0.103848 -0.270014 -0.957240 -125.469582 0.282018 0.930936 -0.231999 86.523979 0.953772 -0.245866 0.172825 -7.422884 0.000000 0.000000 0.000000 1.000000
0.194070 -0.248869 -0.948895 -139.404099 0.284421 0.940012 -0.188369 87.091789 0.938851 -0.233329 0.253212 -6.920038 0.000000 0.000000 0.000000 1.000000
0.217469 -0.249015 -0.943768 -152.525162 0.270481 0.944417 -0.186860 87.534256 0.937842 -0.214635 0.272735 -5.854572 0.000000 0.000000 0.000000 1.000000
0.233548 -0.265161 -0.935492 -164.370728 0.277082 0.940357 -0.197366 87.041473 0.932030 -0.213114 0.293090 -5.068661 0.000000 0.000000 0.000000 1.000000
0.287135 -0.281539 -0.915581 -175.666458 0.292043 0.936055 -0.196247 86.079102 0.912285 -0.211040 0.350996 -4.797042 0.000000 0.000000 0.000000 1.000000
0.340630 -0.303134 -0.889990 -187.145599 0.288672 0.934596 -0.207842 85.662918 0.894785 -0.186118 0.405857 -4.394087 0.000000 0.000000 0.000000 1.000000
0.328205 -0.330832 -0.884778 -199.191498 0.255755 0.932800 -0.253917 86.145798 0.909324 -0.142949 0.390761 -3.609691 0.000000 0.000000 0.000000 1.000000
0.235557 -0.349293 -0.906922 -212.523132 0.186152 0.932119 -0.310647 87.772789 0.953866 -0.095651 0.284589 -2.603897 0.000000 0.000000 0.000000 1.000000
0.106060 -0.354567 -0.928996 -227.402786 0.091810 0.933766 -0.345906 89.669891 0.990112 -0.048604 0.131588 -1.538534 0.000000 0.000000 0.000000 1.000000
0.006250 -0.356764 -0.934174 -242.975800 0.025723 0.933940 -0.356502 90.738464 0.999650 -0.021802 0.015014 -0.965721 0.000000 0.000000 0.000000 1.000000
-0.021697 -0.340470 -0.940005 -258.467285 0.020180 0.939886 -0.340893 91.865616 0.999561 -0.026366 -0.013522 -1.630181 0.000000 0.000000 0.000000 1.000000
0.005509 -0.284621 -0.958624 -272.921112 0.040548 0.957914 -0.284177 92.440643 0.999162 -0.037304 0.016818 -3.156049 0.000000 0.000000 0.000000 1.000000
0.019683 -0.217917 -0.975769 -286.309845 0.031566 0.975607 -0.217244 91.608627 0.999308 -0.026526 0.026082 -4.601362 0.000000 0.000000 0.000000 1.000000
-0.039858 -0.206027 -0.977734 -299.285217 -0.005554 0.978542 -0.205971 90.267128 0.999190 -0.002779 -0.040147 -5.567793 0.000000 0.000000 0.000000 1.000000
-0.152992 -0.250934 -0.955838 -312.350708 -0.028713 0.967945 -0.249517 89.077507 0.987810 -0.010729 -0.155292 -6.216717 0.000000 0.000000 0.000000 1.000000</float_array>
        <technique_common>
          <accessor source="#mixamorig_Hips-Matrix-animation-output-transform-array" count="51" stride="16">
            <param type="float4x4"/>
          </accessor>
        </technique_common>
      </source>
      <source id="mixamorig_Hips-Interpolations">
        <Name_array id="mixamorig_Hips-Interpolations-array" count="51">
 LINEAR LINEAR LINEAR LINEAR LINEAR LINEAR LINEAR LINEAR LINEAR LINEAR LINEAR
LINEAR LINEAR LINEAR LINEAR LINEAR LINEAR LINEAR LINEAR LINEAR LINEAR LINEAR LINEAR
LINEAR LINEAR LINEAR LINEAR LINEAR LINEAR LINEAR LINEAR LINEAR LINEAR LINEAR LINEAR
LINEAR LINEAR LINEAR LINEAR LINEAR LINEAR LINEAR LINEAR LINEAR LINEAR LINEAR LINEAR
LINEAR LINEAR LINEAR LINEAR</Name_array>
        <technique_common>
          <accessor source="#mixamorig_Hips-Interpolations-array" count="51">
            <param type="name"/>
          </accessor>
        </technique_common>
      </source>
      <sampler id="mixamorig_Hips-Matrix-animation-transform">
        <input semantic="INPUT" source="#mixamorig_Hips-Matrix-animation-input"/>
        <input semantic="OUTPUT" source="#mixamorig_Hips-Matrix-animation-output-transform"/>
        <input semantic="INTERPOLATION" source="#mixamorig_Hips-Interpolations"/>
      </sampler>
      <channel source="#mixamorig_Hips-Matrix-animation-transform" target="mixamorig_Hips/matrix"/>
    </animation>
    <animation id="mixamorig_Spine-anim" name="mixamorig_Spine">
      <source id="mixamorig_Spine-Matrix-animation-input">
        <float_array id="mixamorig_Spine-Matrix-animation-input-array" count="51">

0.000000 0.033333 0.066667 0.100000 0.133333 0.166667 0.200000 0.233333 0.266667 0.300000 0.333333 0.366667 0.400000 0.433333 0.466667 0.500000
0.533333 0.566667 0.600000 0.633333 0.666667 0.700000 0.733333 0.766667 0.800000 0.833333 0.866667 0.900000 0.933333 0.966667 1.000000 1.033333
1.066667 1.100000 1.133333 1.166667 1.200000 1.233333 1.266667 1.300000 1.333333 1.366667 1.400000 1.433333 1.466667 1.500000 1.533333 1.566667
1.600000 1.633333 1.666667</float_array>
        <technique_common>
          <accessor source="#mixamorig_Spine-Matrix-animation-input-array" count="51">
            <param name="TIME" type="float"/>
          </accessor>
        </technique_common>
      </source>
      <source id="mixamorig_Spine-Matrix-animation-output-transform">
        <float_array id="mixamorig_Spine-Matrix-animation-output-transform-array" count="816">

0.999715 -0.018406 0.015194 0.000000 0.020252 0.991049 -0.131954 12.246100 -0.012630 0.132224 0.991139 0.234600 0.000000 0.000000 0.000000 1.000000
0.999753 -0.017324 0.013923 0.000000 0.018969 0.991551 -0.128319 12.246100 -0.011582 0.128552 0.991635 0.234600 0.000000 0.000000 0.000000 1.000000
0.999787 -0.016394 0.012539 -0.000000 0.017831 0.992028 -0.124751 12.246100 -0.010394 0.124948 0.992109 0.234600 0.000000 0.000000 0.000000 1.000000
0.999817 -0.015617 0.011071 0.000000 0.016843 0.992509 -0.121009 12.246100 -0.009098 0.121173 0.992590 0.234600 0.000000 0.000000 0.000000 1.000000
0.999843 -0.014874 0.009626 0.000000 0.015897 0.993035 -0.116746 12.246100 -0.007823 0.116880 0.993115 0.234600 0.000000 0.000000 0.000000 1.000000
0.999865 -0.014183 0.008257 0.000000 0.015020 0.993583 -0.112100 12.246100 -0.006614 0.112209 0.993663 0.234600 0.000000 0.000000 0.000000 1.000000
0.999884 -0.013604 0.006922 0.000000 0.014270 0.994089 -0.107628 12.246100 -0.005417 0.107715 0.994167 0.234600 0.000000 0.000000 0.000000 1.000000
0.999903 -0.012832 0.005410 0.000000 0.013324 0.994518 -0.103711 12.246100 -0.004049 0.103773 0.994593 0.234600 0.000000 0.000000 0.000000 1.000000
0.999923 -0.011930 0.003290 -0.000000 0.012201 0.994817 -0.100950 12.246100 -0.002068 0.100983 0.994886 0.234600 0.000000 0.000000 0.000000 1.000000
0.999933 -0.011571 0.000618 0.000000 0.011575 0.994894 -0.100258 12.246100 0.000545 0.100258 0.994961 0.234600 0.000000 0.000000 0.000000 1.000000
0.999937 -0.011160 -0.001154 0.000000 0.010986 0.994811 -0.101145 12.246100 0.002276 0.101126 0.994871 0.234600 0.000000 0.000000 0.000000 1.000000
0.999970 -0.007779 0.000192 -0.000000 0.007758 0.994762 -0.101922 12.246100 0.000602 0.101921 0.994792 0.234600 0.000000 0.000000 0.000000 1.000000
0.999984 0.001375 0.005533 0.000000 -0.000798 0.994689 -0.102923 12.246100 -0.005645 0.102917 0.994674 0.234600 0.000000 0.000000 0.000000 1.000000
0.999815 0.013380 0.013825 0.000000 -0.011827 0.994199 -0.106908 12.246100 -0.015175 0.106725 0.994173 0.234600 0.000000 0.000000 0.000000 1.000000
0.999485 0.023090 0.022263 0.000000 -0.020360 0.993053 -0.115890 12.246100 -0.024785 0.115378 0.993012 0.234600 0.000000 0.000000 0.000000 1.000000
0.999270 0.026989 0.027037 -0.000000 -0.023241 0.991182 -0.130450 12.246100 -0.030320 0.129727 0.991086 0.234600 0.000000 0.000000 0.000000 1.000000
0.999326 0.026556 0.025363 -0.000000 -0.022474 0.988501 -0.149535 12.246100 -0.029043 0.148864 0.988431 0.234600 0.000000 0.000000 0.000000 1.000000
0.999477 0.026767 0.018120 0.000000 -0.023344 0.985485 -0.168149 12.246100 -0.022357 0.167638 0.985595 0.234600 0.000000 0.000000 0.000000 1.000000
0.999517 0.030061 0.007830 -0.000000 -0.028154 0.983160 -0.180565 12.246100 -0.013126 0.180257 0.983532 0.234600 0.000000 0.000000 0.000000 1.000000
0.999410 0.034066 -0.004403 -0.000000 -0.034293 0.982204 -0.184657 12.246100 -0.001966 0.184699 0.982793 0.234600 0.000000 0.000000 0.000000 1.000000
0.999265 0.034000 -0.017684 0.000000 -0.036645 0.982761 -0.181214 12.246100 0.011218 0.181729 0.983285 0.234600 0.000000 0.000000 0.000000 1.000000
0.999209 0.026390 -0.029737 -0.000000 -0.031221 0.983915 -0.175886 12.246100 0.024617 0.176675 0.983961 0.234600 0.000000 0.000000 0.000000 1.000000
0.999027 0.013018 -0.042144 0.000000 -0.019885 0.985778 -0.166874 12.246100 0.039372 0.167549 0.985077 0.234600 0.000000 0.000000 0.000000 1.000000
0.998483 -0.001457 -0.055043 0.000000 -0.007136 0.987796 -0.155592 12.246100 0.054598 0.155749 0.986287 0.234600 0.000000 0.000000 0.000000 1.000000
0.997769 -0.015708 -0.064891 0.000000 0.006331 0.989811 -0.142250 12.246100 0.066464 0.141522 0.987701 0.234600 0.000000 0.000000 0.000000 1.000000
0.997246 -0.030653 -0.067541 0.000000 0.021909 0.991714 -0.126586 12.246100 0.070861 0.124757 0.989654 0.234600 0.000000 0.000000 0.000000 1.000000
0.997034 -0.043688 -0.063359 -0.000000 0.036460 0.993146 -0.111051 12.246100 0.067776 0.108411 0.991793 0.234600 0.000000 0.000000 0.000000 1.000000
0.997033 -0.051723 -0.057015 -0.000000 0.045569 0.993491 -0.104396 12.246100 0.062044 0.101488 0.992900 0.234600 0.000000 0.000000 0.000000 1.000000
0.997483 -0.049708 -0.050562 0.000000 0.043692 0.992538 -0.113835 12.246100 0.055843 0.111339 0.992212 0.234600 0.000000 0.000000 0.000000 1.000000
0.998278 -0.042064 -0.040885 0.000000 0.036264 0.990386 -0.133496 12.246100 0.046108 0.131783 0.990206 0.234600 0.000000 0.000000 0.000000 1.000000
0.999160 -0.032540 -0.024894 0.000000 0.028488 0.988479 -0.148654 12.246100 0.029445 0.147820 0.988576 0.234600 0.000000 0.000000 0.000000 1.000000
0.999851 -0.016822 -0.003952 0.000000 0.016024 0.988200 -0.152328 12.246100 0.006468 0.152242 0.988322 0.234600 0.000000 0.000000 0.000000 1.000000
0.999805 0.007179 0.018418 -0.000000 -0.004333 0.988661 -0.150100 12.246100 -0.019287 0.149991 0.988499 0.234600 0.000000 0.000000 0.000000 1.000000
0.998803 0.032042 0.036954 0.000000 -0.026179 0.988423 -0.149447 12.246100 -0.041315 0.148301 0.988079 0.234600 0.000000 0.000000 0.000000 1.000000
0.997674 0.049891 0.046443 0.000000 -0.042364 0.987637 -0.150923 12.246100 -0.053399 0.148605 0.987454 0.234600 0.000000 0.000000 0.000000 1.000000
0.997329 0.056520 0.046274 -0.000000 -0.048947 0.987321 -0.150999 12.246100 -0.054221 0.148331 0.987450 0.234600 0.000000 0.000000 0.000000 1.000000
0.997742 0.052293 0.042154 0.000000 -0.045644 0.988283 -0.145645 12.246100 -0.049277 0.143392 0.988438 0.234600 0.000000 0.000000 0.000000 1.000000
0.998113 0.047519 0.038878 0.000000 -0.041925 0.990116 -0.133834 12.246100 -0.044854 0.131952 0.990241 0.234600 0.000000 0.000000 0.000000 1.000000
0.998264 0.049306 0.032230 0.000000 -0.045078 0.991650 -0.120826 12.246100 -0.037918 0.119163 0.992150 0.234600 0.000000 0.000000 0.000000 1.000000
0.998560 0.051870 0.013676 0.000000 -0.049929 0.991926 -0.116575 12.246100 -0.019612 0.115724 0.993088 0.234600 0.000000 0.000000 0.000000 1.000000
0.998881 0.044470 -0.016072 0.000000 -0.046107 0.991405 -0.122432 12.246100 0.010490 0.123037 0.992347 0.234600 0.000000 0.000000 0.000000 1.000000
0.998622 0.027884 -0.044453 0.000000 -0.033281 0.991508 -0.125712 12.246100 0.040570 0.127018 0.991070 0.234600 0.000000 0.000000 0.000000 1.000000
0.998051 0.011236 -0.061380 0.000000 -0.018468 0.992775 -0.118557 12.246100 0.059604 0.119460 0.991048 0.234600 0.000000 0.000000 0.000000 1.000000
0.997798 -0.003568 -0.066223 -0.000000 -0.003562 0.994228 -0.107231 12.246100 0.066224 0.107231 0.992026 0.234600 0.000000 0.000000 0.000000 1.000000
0.997708 -0.018902 -0.064966 0.000000 0.012447 0.995073 -0.098365 12.246100 0.066506 0.097331 0.993028 0.234600 0.000000 0.000000 0.000000 1.000000
0.997312 -0.030764 -0.066504 0.000000 0.024595 0.995486 -0.091661 12.246100 0.069024 0.089779 0.993567 0.234600 0.000000 0.000000 0.000000 1.000000
0.996711 -0.035953 -0.072629 0.000000 0.029284 0.995430 -0.090891 12.246100 0.075565 0.088465 0.993209 0.234600 0.000000 0.000000 0.000000 1.000000
0.996563 -0.034739 -0.075199 0.000000 0.026878 0.994304 -0.103133 12.246100 0.078353 0.100757 0.991821 0.234600 0.000000 0.000000 0.000000 1.000000
0.997575 -0.032804 -0.061380 -0.000000 0.025186 0.992332 -0.121006 12.246100 0.064878 0.119166 0.990752 0.234600 0.000000 0.000000 0.000000 1.000000
0.999173 -0.028012 -0.029458 0.000000 0.024113 0.991828 -0.125285 12.246100 0.032727 0.124471 0.991683 0.234600 0.000000 0.000000 0.000000 1.000000
0.999832 -0.017056 0.006703 -0.000000 0.017705 0.993425 -0.113107 12.246100 -0.004730 0.113206 0.993560 0.234600 0.000000 0.000000 0.000000 1.000000</float_array>
        <technique_common>
          <accessor source="#mixamorig_Spine-Matrix-animation-output-transform-array" count="51" stride="16">
            <param type="float4x4"/>
          </accessor>
        </technique_common>
      </source>
      <source id="mixamorig_Spine-Interpolations">
        <Name_array id="mixamorig_Spine-Interpolations-array" count="51">
 LINEAR LINEAR LINEAR LINEAR LINEAR LINEAR LINEAR LINEAR LINEAR LINEAR LINEAR
LINEAR LINEAR LINEAR LINEAR LINEAR LINEAR LINEAR LINEAR LINEAR LINEAR LINEAR LINEAR
LINEAR LINEAR LINEAR LINEAR LINEAR LINEAR LINEAR LINEAR LINEAR LINEAR LINEAR LINEAR
LINEAR LINEAR LINEAR LINEAR LINEAR LINEAR LINEAR LINEAR LINEAR LINEAR LINEAR LINEAR
LINEAR LINEAR LINEAR LINEAR</Name_array>
        <technique_common>
          <accessor source="#mixamorig_Spine-Interpolations-array" count="51">
            <param type="name"/>
          </accessor>
        </technique_common>
      </source>
      <sampler id="mixamorig_Spine-Matrix-animation-transform">
        <input semantic="INPUT" source="#mixamorig_Spine-Matrix-animation-input"/>
        <input semantic="OUTPUT" source="#mixamorig_Spine-Matrix-animation-output-transform"/>
        <input semantic="INTERPOLATION" source="#mixamorig_Spine-Interpolations"/>
      </sampler>
      <channel source="#mixamorig_Spine-Matrix-animation-transform" target="mixamorig_Spine/matrix"/>
    </animation>
    <animation id="mixamorig_Spine1-anim" name="mixamorig_Spine1">
      <source id="mixamorig_Spine1-Matrix-animation-input">
        <float_array id="mixamorig_Spine1-Matrix-animation-input-array" count="51">

0.000000 0.033333 0.066667 0.100000 0.133333 0.166667 0.200000 0.233333 0.266667 0.300000 0.333333 0.366667 0.400000 0.433333 0.466667 0.500000
0.533333 0.566667 0.600000 0.633333 0.666667 0.700000 0.733333 0.766667 0.800000 0.833333 0.866667 0.900000 0.933333 0.966667 1.000000 1.033333
1.066667 1.100000 1.133333 1.166667 1.200000 1.233333 1.266667 1.300000 1.333333 1.366667 1.400000 1.433333 1.466667 1.500000 1.533333 1.566667
1.600000 1.633333 1.666667</float_array>
        <technique_common>
          <accessor source="#mixamorig_Spine1-Matrix-animation-input-array" count="51">
            <param name="TIME" type="float"/>
          </accessor>
        </technique_common>
      </source>
      <source id="mixamorig_Spine1-Matrix-animation-output-transform">
        <float_array id="mixamorig_Spine1-Matrix-animation-output-transform-array" count="816">

0.998911 -0.035917 0.029774 0.000000 0.041690 0.973664 -0.224143 14.289700 -0.020939 0.225140 0.974101 0.000000 0.000000 0.000000 0.000000 1.000000
0.999065 -0.033748 0.027007 0.000000 0.038816 0.975392 -0.217036 14.289700 -0.019018 0.217881 0.975790 0.000000 0.000000 0.000000 0.000000 1.000000
0.999203 -0.031882 0.024038 -0.000000 0.036228 0.977020 -0.210047 14.289700 -0.016789 0.210750 0.977396 0.000000 0.000000 0.000000 0.000000 1.000000
0.999321 -0.030318 0.020921 0.000000 0.033935 0.978652 -0.202702 14.289700 -0.014329 0.203274 0.979017 -0.000000 0.000000 0.000000 0.000000 1.000000
0.999426 -0.028791 0.017845 0.000000 0.031713 0.980427 -0.194314 14.289700 -0.011901 0.194768 0.980777 0.000000 0.000000 0.000000 0.000000 1.000000
0.999515 -0.027334 0.014909 -0.000000 0.029624 0.982263 -0.185153 14.289700 -0.009583 0.185505 0.982597 0.000000 0.000000 0.000000 0.000000 1.000000
0.999587 -0.026086 0.012033 0.000000 0.027800 0.983940 -0.176321 14.289700 -0.007240 0.176583 0.984259 0.000000 0.000000 0.000000 0.000000 1.000000
0.999657 -0.024669 0.008792 0.000000 0.025798 0.985349 -0.168585 14.289700 -0.004504 0.168754 0.985648 0.000000 0.000000 0.000000 0.000000 1.000000
0.999724 -0.023097 0.004390 0.000000 0.023504 0.986323 -0.163142 14.289700 -0.000562 0.163200 0.986593 0.000000 0.000000 0.000000 0.000000 1.000000
0.999752 -0.022265 -0.000999 0.000000 0.021810 0.986585 -0.161784 14.289700 0.004587 0.161722 0.986826 0.000000 0.000000 0.000000 0.000000 1.000000
0.999774 -0.020772 -0.004617 0.000000 0.019738 0.986342 -0.163523 14.289700 0.007951 0.163395 0.986529 0.000000 0.000000 0.000000 0.000000 1.000000
0.999914 -0.012856 -0.002415 0.000000 0.012281 0.986216 -0.165006 14.289700 0.004503 0.164963 0.986290 0.000000 0.000000 0.000000 0.000000 1.000000
0.999956 0.005870 0.007309 0.000000 -0.004567 0.985945 -0.167006 14.289700 -0.008187 0.166965 0.985929 -0.000000 0.000000 0.000000 0.000000 1.000000
0.999268 0.031209 0.022102 0.000000 -0.026866 0.984193 -0.175052 14.289700 -0.027216 0.174330 0.984311 0.000000 0.000000 0.000000 0.000000 1.000000
0.997978 0.051777 0.036865 -0.000000 -0.043721 0.980204 -0.193105 14.289700 -0.046133 0.191102 0.980485 0.000000 0.000000 0.000000 0.000000 1.000000
0.997236 0.058872 0.045315 0.000000 -0.047407 0.973895 -0.221994 14.289700 -0.057202 0.219232 0.973994 0.000000 0.000000 0.000000 0.000000 1.000000
0.997573 0.055424 0.042154 0.000000 -0.042646 0.964836 -0.259368 14.289700 -0.055047 0.256941 0.964858 0.000000 0.000000 0.000000 0.000000 1.000000
0.998243 0.052230 0.027985 0.000000 -0.041654 0.954434 -0.295499 14.289700 -0.042143 0.293814 0.954933 0.000000 0.000000 0.000000 0.000000 1.000000
0.998477 0.054695 0.007206 0.000000 -0.049533 0.946325 -0.319397 14.289700 -0.024289 0.318554 0.947593 0.000000 0.000000 0.000000 0.000000 1.000000
0.998120 0.058648 -0.017806 0.000000 -0.061245 0.943021 -0.327047 14.289700 -0.002389 0.327523 0.944840 0.000000 0.000000 0.000000 0.000000 1.000000
0.997333 0.056631 -0.046046 0.000000 -0.068429 0.944962 -0.319946 14.289700 0.025392 0.322243 0.946316 -0.000000 0.000000 0.000000 0.000000 1.000000
0.996409 0.042743 -0.073092 -0.000000 -0.063380 0.948916 -0.309097 14.289700 0.056146 0.312619 0.948218 0.000000 0.000000 0.000000 0.000000 1.000000
0.994628 0.019999 -0.101566 0.000000 -0.048933 0.955449 -0.291070 14.289700 0.091220 0.294476 0.951295 -0.000000 0.000000 0.000000 0.000000 1.000000
0.991679 -0.005004 -0.128639 0.000000 -0.030018 0.962711 -0.268861 14.289700 0.125187 0.270485 0.954550 0.000000 0.000000 0.000000 0.000000 1.000000
0.988632 -0.029163 -0.147501 0.000000 -0.007633 0.970010 -0.242943 14.289700 0.150163 0.241307 0.958761 0.000000 0.000000 0.000000 0.000000 1.000000
0.987184 -0.053013 -0.150526 0.000000 0.020029 0.976912 -0.212700 14.289700 0.158327 0.206959 0.965453 -0.000000 0.000000 0.000000 0.000000 1.000000
0.987600 -0.074492 -0.138195 0.000000 0.048486 0.981953 -0.182805 14.289700 0.149319 0.173837 0.973388 -0.000000 0.000000 0.000000 0.000000 1.000000
0.988949 -0.085634 -0.121025 0.000000 0.064384 0.983389 -0.169705 14.289700 0.133547 0.160038 0.978035 -0.000000 0.000000 0.000000 0.000000 1.000000
0.991170 -0.081683 -0.104453 0.000000 0.060944 0.980231 -0.188237 14.289700 0.117764 0.180209 0.976553 0.000000 0.000000 0.000000 0.000000 1.000000
0.994258 -0.068774 -0.081981 0.000000 0.048579 0.972716 -0.226856 14.289700 0.095346 0.221571 0.970472 0.000000 0.000000 0.000000 0.000000 1.000000
0.997529 -0.050427 -0.048919 0.000000 0.036249 0.965872 -0.256472 14.289700 0.060182 0.254065 0.965313 0.000000 0.000000 0.000000 0.000000 1.000000
0.999757 -0.020324 -0.008579 0.000000 0.017342 0.964431 -0.263765 14.289700 0.013635 0.263552 0.964549 0.000000 0.000000 0.000000 0.000000 1.000000
0.999136 0.023284 0.034434 -0.000000 -0.013541 0.965519 -0.259980 14.289700 -0.039300 0.259289 0.965000 0.000000 0.000000 0.000000 0.000000 1.000000
0.994894 0.070280 0.072437 0.000000 -0.049223 0.964442 -0.259669 14.289700 -0.088111 0.254777 0.962977 0.000000 0.000000 0.000000 0.000000 1.000000
0.990038 0.105779 0.092923 -0.000000 -0.077996 0.961496 -0.263519 14.289700 -0.117220 0.253646 0.960168 0.000000 0.000000 0.000000 0.000000 1.000000
0.988747 0.117426 0.092690 0.000000 -0.089318 0.960400 -0.263922 14.289700 -0.120010 0.252673 0.960080 0.000000 0.000000 0.000000 0.000000 1.000000
0.990616 0.107545 0.084340 0.000000 -0.083089 0.963859 -0.253126 14.289700 -0.108514 0.243743 0.963750 0.000000 0.000000 0.000000 0.000000 1.000000
0.992399 0.095680 0.077391 0.000000 -0.075641 0.970324 -0.229671 14.289700 -0.097070 0.222071 0.970186 -0.000000 0.000000 0.000000 0.000000 1.000000
0.993340 0.096398 0.063113 0.000000 -0.081718 0.975574 -0.203905 14.289700 -0.081228 0.197390 0.976954 0.000000 0.000000 0.000000 0.000000 1.000000
0.994663 0.099910 0.025759 0.000000 -0.093029 0.976404 -0.194887 14.289700 -0.044622 0.191451 0.980487 0.000000 0.000000 0.000000 0.000000 1.000000
0.995725 0.086479 -0.032453 -0.000000 -0.091316 0.974490 -0.205012 14.289700 0.013895 0.207099 0.978221 -0.000000 0.000000 0.000000 0.000000 1.000000
0.994529 0.055030 -0.088786 -0.000000 -0.072716 0.974942 -0.210239 14.289700 0.074992 0.215545 0.973610 -0.000000 0.000000 0.000000 0.000000 1.000000
0.991943 0.023114 -0.124559 -0.000000 -0.047424 0.979475 -0.195906 14.289700 0.117474 0.200235 0.972680 -0.000000 0.000000 0.000000 0.000000 1.000000
0.990320 -0.002932 -0.138769 -0.000000 -0.021438 0.984548 -0.173795 14.289700 0.137134 0.175088 0.974956 0.000000 0.000000 0.000000 0.000000 1.000000
0.989613 -0.028708 -0.140864 -0.000000 0.006348 0.987628 -0.156686 14.289700 0.143619 0.154165 0.977551 0.000000 0.000000 0.000000 0.000000 1.000000
0.988160 -0.052109 -0.144310 -0.000000 0.031087 0.989050 -0.144269 14.289700 0.150248 0.138074 0.978959 0.000000 0.000000 0.000000 0.000000 1.000000
0.985978 -0.063639 -0.154262 0.000000 0.041406 0.988816 -0.143275 14.289700 0.161655 0.134878 0.977587 0.000000 0.000000 0.000000 0.000000 1.000000
0.985734 -0.062883 -0.156126 -0.000000 0.036324 0.985207 -0.167474 14.289700 0.164347 0.159414 0.973436 -0.000000 0.000000 0.000000 0.000000 1.000000
0.990318 -0.058990 -0.125658 -0.000000 0.032591 0.978718 -0.202607 14.289700 0.134935 0.196550 0.971164 -0.000000 0.000000 0.000000 0.000000 1.000000
0.997071 -0.047886 -0.059632 0.000000 0.034295 0.976877 -0.211031 14.289700 0.068359 0.208368 0.975659 0.000000 0.000000 0.000000 0.000000 1.000000
0.999737 -0.018786 0.013127 0.000000 0.020907 0.982196 -0.186692 14.289700 -0.009386 0.186917 0.982331 0.000000 0.000000 0.000000 0.000000 1.000000</float_array>
        <technique_common>
          <accessor source="#mixamorig_Spine1-Matrix-animation-output-transform-array" count="51" stride="16">
            <param type="float4x4"/>
          </accessor>
        </technique_common>
      </source>
      <source id="mixamorig_Spine1-Interpolations">
        <Name_array id="mixamorig_Spine1-Interpolations-array" count="51">
 LINEAR LINEAR LINEAR LINEAR LINEAR LINEAR LINEAR LINEAR LINEAR LINEAR LINEAR
LINEAR LINEAR LINEAR LINEAR LINEAR LINEAR LINEAR LINEAR LINEAR LINEAR LINEAR LINEAR
LINEAR LINEAR LINEAR LINEAR LINEAR LINEAR LINEAR LINEAR LINEAR LINEAR LINEAR LINEAR
LINEAR LINEAR LINEAR LINEAR LINEAR LINEAR LINEAR LINEAR LINEAR LINEAR LINEAR LINEAR
LINEAR LINEAR LINEAR LINEAR</Name_array>
        <technique_common>
          <accessor source="#mixamorig_Spine1-Interpolations-array" count="51">
