<?xml version="1.0" encoding="utf-8"?>
<COLLADA xmlns="http://www.collada.org/2005/11/COLLADASchema" version="1.4.1">
  <asset>
    <contributor>
      <author>Mixamo</author>
      <authoring_tool>COLLADA Mixamo exporter</authoring_tool>
      <comments/>
    </contributor>
    <created>2024-04-05T10:48:10Z</created>
    <modified>2024-04-05T10:48:10Z</modified>
    <revision/>
    <title/>
    <unit meter="0.010000"/>
    <up_axis>Y_UP</up_axis>
  </asset>
  <library_animations>
    <animation id="Armature-anim" name="Armature">
      <source id="Armature-Matrix-animation-input">
        <float_array id="Armature-Matrix-animation-input-array" count="116">

0.000000 0.033333 0.066667 0.100000 0.133333 0.166667 0.200000 0.233333 0.266667 0.300000 0.333333 0.366667 0.400000 0.433333 0.466667 0.500000
0.533333 0.566667 0.600000 0.633333 0.666667 0.700000 0.733333 0.766667 0.800000 0.833333 0.866667 0.900000 0.933333 0.966667 1.000000 1.033333
1.066667 1.100000 1.133333 1.166667 1.200000 1.233333 1.266667 1.300000 1.333333 1.366667 1.400000 1.433333 1.466667 1.500000 1.533333 1.566667
1.600000 1.633333 1.666667 1.700000 1.733333 1.766667 1.800000 1.833333 1.866667 1.900000 1.933333 1.966667 2.000000 2.033333 2.066667 2.100000
2.133333 2.166667 2.200000 2.233333 2.266667 2.300000 2.333333 2.366667 2.400000 2.433333 2.466667 2.500000 2.533333 2.566667 2.600000 2.633333
2.666667 2.700000 2.733333 2.766667 2.800000 2.833333 2.866667 2.900000 2.933333 2.966667 3.000000 3.033333 3.066667 3.100000 3.133333 3.166667
3.200000 3.233333 3.266667 3.300000 3.333333 3.366667 3.400000 3.433333 3.466667 3.500000 3.533333 3.566667 3.600000 3.633333 3.666667 3.700000
3.733333 3.766667 3.800000 3.833333</float_array>
        <technique_common>
          <accessor source="#Armature-Matrix-animation-input-array" count="116">
            <param name="TIME" type="float"/>
          </accessor>
        </technique_common>
      </source>
      <source id="Armature-Matrix-animation-output-transform">
        <float_array id="Armature-Matrix-animation-output-transform-array" count="1856">

1.000000 0.000000 0.000000 0.000000 0.000000 1.000000 0.000000 0.000000 0.000000 0.000000 1.000000 0.000000 0.000000 0.000000 0.000000 1.000000
1.000000 0.000000 0.000000 0.000000 0.000000 1.000000 0.000000 0.000000 0.000000 0.000000 1.000000 0.000000 0.000000 0.000000 0.000000 1.000000
1.000000 0.000000 0.000000 0.000000 0.000000 1.000000 0.000000 0.000000 0.000000 0.000000 1.000000 0.000000 0.000000 0.000000 0.000000 1.000000
1.000000 0.000000 0.000000 0.000000 0.000000 1.000000 0.000000 0.000000 0.000000 0.000000 1.000000 0.000000 0.000000 0.000000 0.000000 1.000000
1.000000 0.000000 0.000000 0.000000 0.000000 1.000000 0.000000 0.000000 0.000000 0.000000 1.000000 0.000000 0.000000 0.000000 0.000000 1.000000
1.000000 0.000000 0.000000 0.000000 0.000000 1.000000 0.000000 0.000000 0.000000 0.000000 1.000000 0.000000 0.000000 0.000000 0.000000 1.000000
1.000000 0.000000 0.000000 0.000000 0.000000 1.000000 0.000000 0.000000 0.000000 0.000000 1.000000 0.000000 0.000000 0.000000 0.000000 1.000000
1.000000 0.000000 0.000000 0.000000 0.000000 1.000000 0.000000 0.000000 0.000000 0.000000 1.000000 0.000000 0.000000 0.000000 0.000000 1.000000
1.000000 0.000000 0.000000 0.000000 0.000000 1.000000 0.000000 0.000000 0.000000 0.000000 1.000000 0.000000 0.000000 0.000000 0.000000 1.000000
1.000000 0.000000 0.000000 0.000000 0.000000 1.000000 0.000000 0.000000 0.000000 0.000000 1.000000 0.000000 0.000000 0.000000 0.000000 1.000000
1.000000 0.000000 0.000000 0.000000 0.000000 1.000000 0.000000 0.000000 0.000000 0.000000 1.000000 0.000000 0.000000 0.000000 0.000000 1.000000
1.000000 0.000000 0.000000 0.000000 0.000000 1.000000 0.000000 0.000000 0.000000 0.000000 1.000000 0.000000 0.000000 0.000000 0.000000 1.000000
1.000000 0.000000 0.000000 0.000000 0.000000 1.000000 0.000000 0.000000 0.000000 0.000000 1.000000 0.000000 0.000000 0.000000 0.000000 1.000000
1.000000 0.000000 0.000000 0.000000 0.000000 1.000000 0.000000 0.000000 0.000000 0.000000 1.000000 0.000000 0.000000 0.000000 0.000000 1.000000
1.000000 0.000000 0.000000 0.000000 0.000000 1.000000 0.000000 0.000000 0.000000 0.000000 1.000000 0.000000 0.000000 0.000000 0.000000 1.000000
1.000000 0.000000 0.000000 0.000000 0.000000 1.000000 0.000000 0.000000 0.000000 0.000000 1.000000 0.000000 0.000000 0.000000 0.000000 1.000000
1.000000 0.000000 0.000000 0.000000 0.000000 1.000000 0.000000 0.000000 0.000000 0.000000 1.000000 0.000000 0.000000 0.000000 0.000000 1.000000
1.000000 0.000000 0.000000 0.000000 0.000000 1.000000 0.000000 0.000000 0.000000 0.000000 1.000000 0.000000 0.000000 0.000000 0.000000 1.000000
1.000000 0.000000 0.000000 0.000000 0.000000 1.000000 0.000000 0.000000 0.000000 0.000000 1.000000 0.000000 0.000000 0.000000 0.000000 1.000000
1.000000 0.000000 0.000000 0.000000 0.000000 1.000000 0.000000 0.000000 0.000000 0.000000 1.000000 0.000000 0.000000 0.000000 0.000000 1.000000
1.000000 0.000000 0.000000 0.000000 0.000000 1.000000 0.000000 0.000000 0.000000 0.000000 1.000000 0.000000 0.000000 0.000000 0.000000 1.000000
1.000000 0.000000 0.000000 0.000000 0.000000 1.000000 0.000000 0.000000 0.000000 0.000000 1.000000 0.000000 0.000000 0.000000 0.000000 1.000000
1.000000 0.000000 0.000000 0.000000 0.000000 1.000000 0.000000 0.000000 0.000000 0.000000 1.000000 0.000000 0.000000 0.000000 0.000000 1.000000
1.000000 0.000000 0.000000 0.000000 0.000000 1.000000 0.000000 0.000000 0.000000 0.000000 1.000000 0.000000 0.000000 0.000000 0.000000 1.000000
1.000000 0.000000 0.000000 0.000000 0.000000 1.000000 0.000000 0.000000 0.000000 0.000000 1.000000 0.000000 0.000000 0.000000 0.000000 1.000000
1.000000 0.000000 0.000000 0.000000 0.000000 1.000000 0.000000 0.000000 0.000000 0.000000 1.000000 0.000000 0.000000 0.000000 0.000000 1.000000
1.000000 0.000000 0.000000 0.000000 0.000000 1.000000 0.000000 0.000000 0.000000 0.000000 1.000000 0.000000 0.000000 0.000000 0.000000 1.000000
1.000000 0.000000 0.000000 0.000000 0.000000 1.000000 0.000000 0.000000 0.000000 0.000000 1.000000 0.000000 0.000000 0.000000 0.000000 1.000000
1.000000 0.000000 0.000000 0.000000 0.000000 1.000000 0.000000 0.000000 0.000000 0.000000 1.000000 0.000000 0.000000 0.000000 0.000000 1.000000
1.000000 0.000000 0.000000 0.000000 0.000000 1.000000 0.000000 0.000000 0.000000 0.000000 1.000000 0.000000 0.000000 0.000000 0.000000 1.000000
1.000000 0.000000 0.000000 0.000000 0.000000 1.000000 0.000000 0.000000 0.000000 0.000000 1.000000 0.000000 0.000000 0.000000 0.000000 1.000000
1.000000 0.000000 0.000000 0.000000 0.000000 1.000000 0.000000 0.000000 0.000000 0.000000 1.000000 0.000000 0.000000 0.000000 0.000000 1.000000
1.000000 0.000000 0.000000 0.000000 0.000000 1.000000 0.000000 0.000000 0.000000 0.000000 1.000000 0.000000 0.000000 0.000000 0.000000 1.000000
1.000000 0.000000 0.000000 0.000000 0.000000 1.000000 0.000000 0.000000 0.000000 0.000000 1.000000 0.000000 0.000000 0.000000 0.000000 1.000000
1.000000 0.000000 0.000000 0.000000 0.000000 1.000000 0.000000 0.000000 0.000000 0.000000 1.000000 0.000000 0.000000 0.000000 0.000000 1.000000
1.000000 0.000000 0.000000 0.000000 0.000000 1.000000 0.000000 0.000000 0.000000 0.000000 1.000000 0.000000 0.000000 0.000000 0.000000 1.000000
1.000000 0.000000 0.000000 0.000000 0.000000 1.000000 0.000000 0.000000 0.000000 0.000000 1.000000 0.000000 0.000000 0.000000 0.000000 1.000000
1.000000 0.000000 0.000000 0.000000 0.000000 1.000000 0.000000 0.000000 0.000000 0.000000 1.000000 0.000000 0.000000 0.000000 0.000000 1.000000
1.000000 0.000000 0.000000 0.000000 0.000000 1.000000 0.000000 0.000000 0.000000 0.000000 1.000000 0.000000 0.000000 0.000000 0.000000 1.000000
1.000000 0.000000 0.000000 0.000000 0.000000 1.000000 0.000000 0.000000 0.000000 0.000000 1.000000 0.000000 0.000000 0.000000 0.000000 1.000000
1.000000 0.000000 0.000000 0.000000 0.000000 1.000000 0.000000 0.000000 0.000000 0.000000 1.000000 0.000000 0.000000 0.000000 0.000000 1.000000
1.000000 0.000000 0.000000 0.000000 0.000000 1.000000 0.000000 0.000000 0.000000 0.000000 1.000000 0.000000 0.000000 0.000000 0.000000 1.000000
1.000000 0.000000 0.000000 0.000000 0.000000 1.000000 0.000000 0.000000 0.000000 0.000000 1.000000 0.000000 0.000000 0.000000 0.000000 1.000000
1.000000 0.000000 0.000000 0.000000 0.000000 1.000000 0.000000 0.000000 0.000000 0.000000 1.000000 0.000000 0.000000 0.000000 0.000000 1.000000
1.000000 0.000000 0.000000 0.000000 0.000000 1.000000 0.000000 0.000000 0.000000 0.000000 1.000000 0.000000 0.000000 0.000000 0.000000 1.000000
1.000000 0.000000 0.000000 0.000000 0.000000 1.000000 0.000000 0.000000 0.000000 0.000000 1.000000 0.000000 0.000000 0.000000 0.000000 1.000000
1.000000 0.000000 0.000000 0.000000 0.000000 1.000000 0.000000 0.000000 0.000000 0.000000 1.000000 0.000000 0.000000 0.000000 0.000000 1.000000
1.000000 0.000000 0.000000 0.000000 0.000000 1.000000 0.000000 0.000000 0.000000 0.000000 1.000000 0.000000 0.000000 0.000000 0.000000 1.000000
1.000000 0.000000 0.000000 0.000000 0.000000 1.000000 0.000000 0.000000 0.000000 0.000000 1.000000 0.000000 0.000000 0.000000 0.000000 1.000000
1.000000 0.000000 0.000000 0.000000 0.000000 1.000000 0.000000 0.000000 0.000000 0.000000 1.000000 0.000000 0.000000 0.000000 0.000000 1.000000
1.000000 0.000000 0.000000 0.000000 0.000000 1.000000 0.000000 0.000000 0.000000 0.000000 1.000000 0.000000 0.000000 0.000000 0.000000 1.000000
1.000000 0.000000 0.000000 0.000000 0.000000 1.000000 0.000000 0.000000 0.000000 0.000000 1.000000 0.000000 0.000000 0.000000 0.000000 1.000000
1.000000 0.000000 0.000000 0.000000 0.000000 1.000000 0.000000 0.000000 0.000000 0.000000 1.000000 0.000000 0.000000 0.000000 0.000000 1.000000
1.000000 0.000000 0.000000 0.000000 0.000000 1.000000 0.000000 0.000000 0.000000 0.000000 1.000000 0.000000 0.000000 0.000000 0.000000 1.000000
1.000000 0.000000 0.000000 0.000000 0.000000 1.000000 0.000000 0.000000 0.000000 0.000000 1.000000 0.000000 0.000000 0.000000 0.000000 1.000000
1.000000 0.000000 0.000000 0.000000 0.000000 1.000000 0.000000 0.000000 0.000000 0.000000 1.000000 0.000000 0.000000 0.000000 0.000000 1.000000
1.000000 0.000000 0.000000 0.000000 0.000000 1.000000 0.000000 0.000000 0.000000 0.000000 1.000000 0.000000 0.000000 0.000000 0.000000 1.000000
1.000000 0.000000 0.000000 0.000000 0.000000 1.000000 0.000000 0.000000 0.000000 0.000000 1.000000 0.000000 0.000000 0.000000 0.000000 1.000000
1.000000 0.000000 0.000000 0.000000 0.000000 1.000000 0.000000 0.000000 0.000000 0.000000 1.000000 0.000000 0.000000 0.000000 0.000000 1.000000
1.000000 0.000000 0.000000 0.000000 0.000000 1.000000 0.000000 0.000000 0.000000 0.000000 1.000000 0.000000 0.000000 0.000000 0.000000 1.000000
1.000000 0.000000 0.000000 0.000000 0.000000 1.000000 0.000000 0.000000 0.000000 0.000000 1.000000 0.000000 0.000000 0.000000 0.000000 1.000000
1.000000 0.000000 0.000000 0.000000 0.000000 1.000000 0.000000 0.000000 0.000000 0.000000 1.000000 0.000000 0.000000 0.000000 0.000000 1.000000
1.000000 0.000000 0.000000 0.000000 0.000000 1.000000 0.000000 0.000000 0.000000 0.000000 1.000000 0.000000 0.000000 0.000000 0.000000 1.000000
1.000000 0.000000 0.000000 0.000000 0.000000 1.000000 0.000000 0.000000 0.000000 0.000000 1.000000 0.000000 0.000000 0.000000 0.000000 1.000000
1.000000 0.000000 0.000000 0.000000 0.000000 1.000000 0.000000 0.000000 0.000000 0.000000 1.000000 0.000000 0.000000 0.000000 0.000000 1.000000
1.000000 0.000000 0.000000 0.000000 0.000000 1.000000 0.000000 0.000000 0.000000 0.000000 1.000000 0.000000 0.000000 0.000000 0.000000 1.000000
1.000000 0.000000 0.000000 0.000000 0.000000 1.000000 0.000000 0.000000 0.000000 0.000000 1.000000 0.000000 0.000000 0.000000 0.000000 1.000000
1.000000 0.000000 0.000000 0.000000 0.000000 1.000000 0.000000 0.000000 0.000000 0.000000 1.000000 0.000000 0.000000 0.000000 0.000000 1.000000
1.000000 0.000000 0.000000 0.000000 0.000000 1.000000 0.000000 0.000000 0.000000 0.000000 1.000000 0.000000 0.000000 0.000000 0.000000 1.000000
1.000000 0.000000 0.000000 0.000000 0.000000 1.000000 0.000000 0.000000 0.000000 0.000000 1.000000 0.000000 0.000000 0.000000 0.000000 1.000000
1.000000 0.000000 0.000000 0.000000 0.000000 1.000000 0.000000 0.000000 0.000000 0.000000 1.000000 0.000000 0.000000 0.000000 0.000000 1.000000
1.000000 0.000000 0.000000 0.000000 0.000000 1.000000 0.000000 0.000000 0.000000 0.000000 1.000000 0.000000 0.000000 0.000000 0.000000 1.000000
1.000000 0.000000 0.000000 0.000000 0.000000 1.000000 0.000000 0.000000 0.000000 0.000000 1.000000 0.000000 0.000000 0.000000 0.000000 1.000000
1.000000 0.000000 0.000000 0.000000 0.000000 1.000000 0.000000 0.000000 0.000000 0.000000 1.000000 0.000000 0.000000 0.000000 0.000000 1.000000
1.000000 0.000000 0.000000 0.000000 0.000000 1.000000 0.000000 0.000000 0.000000 0.000000 1.000000 0.000000 0.000000 0.000000 0.000000 1.000000
1.000000 0.000000 0.000000 0.000000 0.000000 1.000000 0.000000 0.000000 0.000000 0.000000 1.000000 0.000000 0.000000 0.000000 0.000000 1.000000
1.000000 0.000000 0.000000 0.000000 0.000000 1.000000 0.000000 0.000000 0.000000 0.000000 1.000000 0.000000 0.000000 0.000000 0.000000 1.000000
1.000000 0.000000 0.000000 0.000000 0.000000 1.000000 0.000000 0.000000 0.000000 0.000000 1.000000 0.000000 0.000000 0.000000 0.000000 1.000000
1.000000 0.000000 0.000000 0.000000 0.000000 1.000000 0.000000 0.000000 0.000000 0.000000 1.000000 0.000000 0.000000 0.000000 0.000000 1.000000
1.000000 0.000000 0.000000 0.000000 0.000000 1.000000 0.000000 0.000000 0.000000 0.000000 1.000000 0.000000 0.000000 0.000000 0.000000 1.000000
1.000000 0.000000 0.000000 0.000000 0.000000 1.000000 0.000000 0.000000 0.000000 0.000000 1.000000 0.000000 0.000000 0.000000 0.000000 1.000000
1.000000 0.000000 0.000000 0.000000 0.000000 1.000000 0.000000 0.000000 0.000000 0.000000 1.000000 0.000000 0.000000 0.000000 0.000000 1.000000
1.000000 0.000000 0.000000 0.000000 0.000000 1.000000 0.000000 0.000000 0.000000 0.000000 1.000000 0.000000 0.000000 0.000000 0.000000 1.000000
1.000000 0.000000 0.000000 0.000000 0.000000 1.000000 0.000000 0.000000 0.000000 0.000000 1.000000 0.000000 0.000000 0.000000 0.000000 1.000000
1.000000 0.000000 0.000000 0.000000 0.000000 1.000000 0.000000 0.000000 0.000000 0.000000 1.000000 0.000000 0.000000 0.000000 0.000000 1.000000
1.000000 0.000000 0.000000 0.000000 0.000000 1.000000 0.000000 0.000000 0.000000 0.000000 1.000000 0.000000 0.000000 0.000000 0.000000 1.000000
1.000000 0.000000 0.000000 0.000000 0.000000 1.000000 0.000000 0.000000 0.000000 0.000000 1.000000 0.000000 0.000000 0.000000 0.000000 1.000000
1.000000 0.000000 0.000000 0.000000 0.000000 1.000000 0.000000 0.000000 0.000000 0.000000 1.000000 0.000000 0.000000 0.000000 0.000000 1.000000
1.000000 0.000000 0.000000 0.000000 0.000000 1.000000 0.000000 0.000000 0.000000 0.000000 1.000000 0.000000 0.000000 0.000000 0.000000 1.000000
1.000000 0.000000 0.000000 0.000000 0.000000 1.000000 0.000000 0.000000 0.000000 0.000000 1.000000 0.000000 0.000000 0.000000 0.000000 1.000000
1.000000 0.000000 0.000000 0.000000 0.000000 1.000000 0.000000 0.000000 0.000000 0.000000 1.000000 0.000000 0.000000 0.000000 0.000000 1.000000
1.000000 0.000000 0.000000 0.000000 0.000000 1.000000 0.000000 0.000000 0.000000 0.000000 1.000000 0.000000 0.000000 0.000000 0.000000 1.000000
1.000000 0.000000 0.000000 0.000000 0.000000 1.000000 0.000000 0.000000 0.000000 0.000000 1.000000 0.000000 0.000000 0.000000 0.000000 1.000000
1.000000 0.000000 0.000000 0.000000 0.000000 1.000000 0.000000 0.000000 0.000000 0.000000 1.000000 0.000000 0.000000 0.000000 0.000000 1.000000
1.000000 0.000000 0.000000 0.000000 0.000000 1.000000 0.000000 0.000000 0.000000 0.000000 1.000000 0.000000 0.000000 0.000000 0.000000 1.000000
1.000000 0.000000 0.000000 0.000000 0.000000 1.000000 0.000000 0.000000 0.000000 0.000000 1.000000 0.000000 0.000000 0.000000 0.000000 1.000000
1.000000 0.000000 0.000000 0.000000 0.000000 1.000000 0.000000 0.000000 0.000000 0.000000 1.000000 0.000000 0.000000 0.000000 0.000000 1.000000
1.000000 0.000000 0.000000 0.000000 0.000000 1.000000 0.000000 0.000000 0.000000 0.000000 1.000000 0.000000 0.000000 0.000000 0.000000 1.000000
1.000000 0.000000 0.000000 0.000000 0.000000 1.000000 0.000000 0.000000 0.000000 0.000000 1.000000 0.000000 0.000000 0.000000 0.000000 1.000000
1.000000 0.000000 0.000000 0.000000 0.000000 1.000000 0.000000 0.000000 0.000000 0.000000 1.000000 0.000000 0.000000 0.000000 0.000000 1.000000
1.000000 0.000000 0.000000 0.000000 0.000000 1.000000 0.000000 0.000000 0.000000 0.000000 1.000000 0.000000 0.000000 0.000000 0.000000 1.000000
1.000000 0.000000 0.000000 0.000000 0.000000 1.000000 0.000000 0.000000 0.000000 0.000000 1.000000 0.000000 0.000000 0.000000 0.000000 1.000000
1.000000 0.000000 0.000000 0.000000 0.000000 1.000000 0.000000 0.000000 0.000000 0.000000 1.000000 0.000000 0.000000 0.000000 0.000000 1.000000
1.000000 0.000000 0.000000 0.000000 0.000000 1.000000 0.000000 0.000000 0.000000 0.000000 1.000000 0.000000 0.000000 0.000000 0.000000 1.000000
1.000000 0.000000 0.000000 0.000000 0.000000 1.000000 0.000000 0.000000 0.000000 0.000000 1.000000 0.000000 0.000000 0.000000 0.000000 1.000000
1.000000 0.000000 0.000000 0.000000 0.000000 1.000000 0.000000 0.000000 0.000000 0.000000 1.000000 0.000000 0.000000 0.000000 0.000000 1.000000
1.000000 0.000000 0.000000 0.000000 0.000000 1.000000 0.000000 0.000000 0.000000 0.000000 1.000000 0.000000 0.000000 0.000000 0.000000 1.000000
1.000000 0.000000 0.000000 0.000000 0.000000 1.000000 0.000000 0.000000 0.000000 0.000000 1.000000 0.000000 0.000000 0.000000 0.000000 1.000000
1.000000 0.000000 0.000000 0.000000 0.000000 1.000000 0.000000 0.000000 0.000000 0.000000 1.000000 0.000000 0.000000 0.000000 0.000000 1.000000
1.000000 0.000000 0.000000 0.000000 0.000000 1.000000 0.000000 0.000000 0.000000 0.000000 1.000000 0.000000 0.000000 0.000000 0.000000 1.000000
1.000000 0.000000 0.000000 0.000000 0.000000 1.000000 0.000000 0.000000 0.000000 0.000000 1.000000 0.000000 0.000000 0.000000 0.000000 1.000000
1.000000 0.000000 0.000000 0.000000 0.000000 1.000000 0.000000 0.000000 0.000000 0.000000 1.000000 0.000000 0.000000 0.000000 0.000000 1.000000
1.000000 0.000000 0.000000 0.000000 0.000000 1.000000 0.000000 0.000000 0.000000 0.000000 1.000000 0.000000 0.000000 0.000000 0.000000 1.000000
1.000000 0.000000 0.000000 0.000000 0.000000 1.000000 0.000000 0.000000 0.000000 0.000000 1.000000 0.000000 0.000000 0.000000 0.000000 1.000000
1.000000 0.000000 0.000000 0.000000 0.000000 1.000000 0.000000 0.000000 0.000000 0.000000 1.000000 0.000000 0.000000 0.000000 0.000000 1.000000
1.000000 0.000000 0.000000 0.000000 0.000000 1.000000 0.000000 0.000000 0.000000 0.000000 1.000000 0.000000 0.000000 0.000000 0.000000 1.000000</float_array>
        <technique_common>
          <accessor source="#Armature-Matrix-animation-output-transform-array" count="116" stride="16">
            <param type="float4x4"/>
          </accessor>
        </technique_common>
      </source>
      <source id="Armature-Interpolations">
        <Name_array id="Armature-Interpolations-array" count="116">
 LINEAR LINEAR LINEAR LINEAR LINEAR LINEAR LINEAR LINEAR LINEAR LINEAR LINEAR
LINEAR LINEAR LINEAR LINEAR LINEAR LINEAR LINEAR LINEAR LINEAR LINEAR LINEAR LINEAR
LINEAR LINEAR LINEAR LINEAR LINEAR LINEAR LINEAR LINEAR LINEAR LINEAR LINEAR LINEAR
LINEAR LINEAR LINEAR LINEAR LINEAR LINEAR LINEAR LINEAR LINEAR LINEAR LINEAR LINEAR
LINEAR LINEAR LINEAR LINEAR LINEAR LINEAR LINEAR LINEAR LINEAR LINEAR LINEAR LINEAR
LINEAR LINEAR LINEAR LINEAR LINEAR LINEAR LINEAR LINEAR LINEAR LINEAR LINEAR LINEAR
LINEAR LINEAR LINEAR LINEAR LINEAR LINEAR LINEAR LINEAR LINEAR LINEAR LINEAR LINEAR
LINEAR LINEAR LINEAR LINEAR LINEAR LINEAR LINEAR LINEAR LINEAR LINEAR LINEAR LINEAR
LINEAR LINEAR LINEAR LINEAR LINEAR LINEAR LINEAR LINEAR LINEAR LINEAR LINEAR LINEAR
LINEAR LINEAR LINEAR LINEAR LINEAR LINEAR LINEAR LINEAR LINEAR</Name_array>
        <technique_common>
          <accessor source="#Armature-Interpolations-array" count="116">
            <param type="name"/>
          </accessor>
        </technique_common>
      </source>
      <sampler id="Armature-Matrix-animation-transform">
        <input semantic="INPUT" source="#Armature-Matrix-animation-input"/>
        <input semantic="OUTPUT" source="#Armature-Matrix-animation-output-transform"/>
        <input semantic="INTERPOLATION" source="#Armature-Interpolations"/>
      </sampler>
      <channel source="#Armature-Matrix-animation-transform" target="Armature/matrix"/>
    </animation>
    <animation id="mixamorig_Hips-anim" name="mixamorig_Hips">
      <source id="mixamorig_Hips-Matrix-animation-input">
        <float_array id="mixamorig_Hips-Matrix-animation-input-array" count="116">

0.000000 0.033333 0.066667 0.100000 0.133333 0.166667 0.200000 0.233333 0.266667 0.300000 0.333333 0.366667 0.400000 0.433333 0.466667 0.500000
0.533333 0.566667 0.600000 0.633333 0.666667 0.700000 0.733333 0.766667 0.800000 0.833333 0.866667 0.900000 0.933333 0.966667 1.000000 1.033333
1.066667 1.100000 1.133333 1.166667 1.200000 1.233333 1.266667 1.300000 1.333333 1.366667 1.400000 1.433333 1.466667 1.500000 1.533333 1.566667
1.600000 1.633333 1.666667 1.700000 1.733333 1.766667 1.800000 1.833333 1.866667 1.900000 1.933333 1.966667 2.000000 2.033333 2.066667 2.100000
2.133333 2.166667 2.200000 2.233333 2.266667 2.300000 2.333333 2.366667 2.400000 2.433333 2.466667 2.500000 2.533333 2.566667 2.600000 2.633333
2.666667 2.700000 2.733333 2.766667 2.800000 2.833333 2.866667 2.900000 2.933333 2.966667 3.000000 3.033333 3.066667 3.100000 3.133333 3.166667
3.200000 3.233333 3.266667 3.300000 3.333333 3.366667 3.400000 3.433333 3.466667 3.500000 3.533333 3.566667 3.600000 3.633333 3.666667 3.700000
3.733333 3.766667 3.800000 3.833333</float_array>
        <technique_common>
          <accessor source="#mixamorig_Hips-Matrix-animation-input-array" count="116">
            <param name="TIME" type="float"/>
          </accessor>
        </technique_common>
      </source>
      <source id="mixamorig_Hips-Matrix-animation-output-transform">
        <float_array id="mixamorig_Hips-Matrix-animation-output-transform-array" count="1856">

0.998919 0.046475 0.000380 0.094678 -0.046476 0.998908 0.004806 101.316338 -0.000156 -0.004818 0.999988 -3.732832 0.000000 0.000000 0.000000 1.000000
0.998789 0.049072 -0.003640 0.520556 -0.049056 0.998786 0.004463 101.221680 0.003855 -0.004279 0.999983 -3.415334 0.000000 0.000000 0.000000 1.000000
0.998633 0.051669 -0.007950 0.955576 -0.051638 0.998658 0.003997 101.120537 0.008146 -0.003581 0.999960 -3.089658 0.000000 0.000000 0.000000 1.000000
0.998428 0.054052 -0.014848 1.458000 -0.054023 0.998537 0.002363 101.006523 0.014954 -0.001558 0.999887 -2.699520 0.000000 0.000000 0.000000 1.000000
0.998063 0.057627 -0.023426 2.038892 -0.057601 0.998338 0.001774 100.866302 0.023489 -0.000421 0.999724 -2.236686 0.000000 0.000000 0.000000 1.000000
0.997588 0.060443 -0.034139 2.761515 -0.060471 0.998170 0.000225 100.697029 0.034090 0.001840 0.999417 -1.688705 0.000000 0.000000 0.000000 1.000000
0.996997 0.062609 -0.045583 3.556736 -0.062743 0.998029 -0.001527 100.511909 0.045397 0.004382 0.998959 -1.096856 0.000000 0.000000 0.000000 1.000000
0.996305 0.063396 -0.057934 4.478189 -0.063699 0.997963 -0.003395 100.298607 0.057601 0.007073 0.998315 -0.429763 0.000000 0.000000 0.000000 1.000000
0.995497 0.062638 -0.071150 5.459547 -0.063205 0.997984 -0.005736 100.049202 0.070648 0.010207 0.997449 0.268983 0.000000 0.000000 0.000000 1.000000
0.994526 0.061192 -0.084697 6.461020 -0.062115 0.998034 -0.008305 99.782181 0.084022 0.013520 0.996372 0.978070 0.000000 0.000000 0.000000 1.000000
0.993387 0.058936 -0.098537 7.468927 -0.060329 0.998116 -0.011209 99.491913 0.097690 0.017080 0.995070 1.690320 0.000000 0.000000 0.000000 1.000000
0.992070 0.055361 -0.112840 8.474744 -0.057389 0.998242 -0.014802 99.165764 0.111822 0.021161 0.993503 2.401378 0.000000 0.000000 0.000000 1.000000
0.990575 0.050920 -0.127158 9.453924 -0.053762 0.998373 -0.019014 98.815048 0.125983 0.025671 0.991700 3.107142 0.000000 0.000000 0.000000 1.000000
0.988958 0.046734 -0.140635 10.365152 -0.050514 0.998448 -0.023430 98.465530 0.139321 0.030276 0.989784 3.798188 0.000000 0.000000 0.000000 1.000000
0.987421 0.043297 -0.152068 11.108597 -0.048103 0.998448 -0.028065 98.118675 0.150616 0.035027 0.987972 4.450310 0.000000 0.000000 0.000000 1.000000
0.986040 0.039993 -0.161631 11.687736 -0.045867 0.998410 -0.032777 97.748177 0.160064 0.039733 0.986307 5.060442 0.000000 0.000000 0.000000 1.000000
0.984753 0.036864 -0.170005 12.178026 -0.043856 0.998332 -0.037559 97.360168 0.168337 0.044442 0.984727 5.656238 0.000000 0.000000 0.000000 1.000000
0.983548 0.034969 -0.177228 12.596595 -0.043167 0.998159 -0.042610 96.995117 0.175412 0.049560 0.983247 6.259768 0.000000 0.000000 0.000000 1.000000
0.982505 0.033178 -0.183259 12.930528 -0.042694 0.997924 -0.048226 96.603676 0.181279 0.055206 0.981881 6.873783 0.000000 0.000000 0.000000 1.000000
0.981884 0.032328 -0.186707 13.110260 -0.043437 0.997501 -0.055719 96.176132 0.184439 0.062819 0.980834 7.538005 0.000000 0.000000 0.000000 1.000000
0.981512 0.031403 -0.188808 13.210254 -0.044239 0.996959 -0.064157 95.709236 0.186219 0.071323 0.979916 8.233995 0.000000 0.000000 0.000000 1.000000
0.981490 0.030662 -0.189041 13.206950 -0.045357 0.996233 -0.073904 95.197006 0.186063 0.081110 0.979184 8.974364 0.000000 0.000000 0.000000 1.000000
0.981711 0.030395 -0.187935 13.133588 -0.046998 0.995312 -0.084527 94.664307 0.184485 0.091814 0.978537 9.728992 0.000000 0.000000 0.000000 1.000000
0.982558 0.031546 -0.183259 12.844245 -0.050162 0.993936 -0.097851 94.065163 0.179061 0.105337 0.978183 10.537794 0.000000 0.000000 0.000000 1.000000
0.983591 0.033164 -0.177337 12.439296 -0.053926 0.992065 -0.113574 93.411819 0.172163 0.121274 0.977575 11.367535 0.000000 0.000000 0.000000 1.000000
0.984594 0.035072 -0.171303 11.952224 -0.058327 0.989443 -0.132667 92.721397 0.164841 0.140614 0.976245 12.207619 0.000000 0.000000 0.000000 1.000000
0.985493 0.037428 -0.165537 11.372033 -0.063719 0.985622 -0.156488 92.002457 0.157300 0.164766 0.973709 13.057789 0.000000 0.000000 0.000000 1.000000
0.986273 0.040073 -0.160189 10.677595 -0.070091 0.979972 -0.186390 91.241867 0.149511 0.195059 0.969329 13.925537 0.000000 0.000000 0.000000 1.000000
0.986969 0.045449 -0.154359 9.634247 -0.081734 0.967915 -0.237614 90.406960 0.138607 0.247134 0.959016 14.798327 0.000000 0.000000 0.000000 1.000000
0.987714 0.054018 -0.146638 8.594949 -0.096807 0.948125 -0.302800 89.595268 0.122674 0.313275 0.941706 15.675783 0.000000 0.000000 0.000000 1.000000
0.988429 0.062351 -0.138277 7.513939 -0.110584 0.920182 -0.375549 88.834267 0.103824 0.386495 0.916429 16.567595 0.000000 0.000000 0.000000 1.000000
0.988197 0.068180 -0.137181 6.450521 -0.123098 0.886436 -0.446182 88.061798 0.091181 0.457803 0.884366 17.465725 0.000000 0.000000 0.000000 1.000000
0.986021 0.075667 -0.148448 5.533628 -0.141912 0.848244 -0.510238 87.229889 0.087312 0.524172 0.847125 18.488232 0.000000 0.000000 0.000000 1.000000
0.982982 0.086472 -0.162076 4.751534 -0.164322 0.808325 -0.565340 86.409515 0.082124 0.582351 0.808778 19.555876 0.000000 0.000000 0.000000 1.000000
0.980590 0.096200 -0.170846 4.033569 -0.182347 0.767683 -0.614339 85.641060 0.072056 0.633568 0.770324 20.608425 0.000000 0.000000 0.000000 1.000000
0.978795 0.104382 -0.176252 3.430765 -0.196134 0.725774 -0.659381 84.890137 0.059092 0.679968 0.730857 21.654263 0.000000 0.000000 0.000000 1.000000
0.976924 0.111311 -0.182291 2.872216 -0.208488 0.682364 -0.700651 84.123688 0.046399 0.722488 0.689824 22.681963 0.000000 0.000000 0.000000 1.000000
0.975013 0.114311 -0.190481 2.375353 -0.218641 0.645573 -0.731732 83.395195 0.039324 0.755095 0.654435 23.634905 0.000000 0.000000 0.000000 1.000000
0.973395 0.115681 -0.197787 1.921157 -0.226626 0.613388 -0.756569 82.702957 0.033800 0.781264 0.623285 24.528492 0.000000 0.000000 0.000000 1.000000
0.972039 0.116418 -0.203927 1.494650 -0.233086 0.583646 -0.777836 82.039154 0.028467 0.803620 0.594462 25.378796 0.000000 0.000000 0.000000 1.000000
0.971058 0.115871 -0.208856 1.130015 -0.237555 0.559275 -0.794216 81.462547 0.024781 0.820845 0.570614 26.132877 0.000000 0.000000 0.000000 1.000000
0.970268 0.114026 -0.213488 0.816860 -0.240936 0.538877 -0.807194 80.970276 0.023003 0.834632 0.550328 26.802839 0.000000 0.000000 0.000000 1.000000
0.969609 0.111522 -0.217766 0.552678 -0.243628 0.521810 -0.817532 80.548569 0.022460 0.845740 0.533122 27.384861 0.000000 0.000000 0.000000 1.000000
0.969088 0.108641 -0.221508 0.344144 -0.245642 0.508546 -0.825252 80.207756 0.022990 0.854154 0.519512 27.859341 0.000000 0.000000 0.000000 1.000000
0.968629 0.105656 -0.224932 0.159282 -0.247361 0.496876 -0.831821 79.905540 0.023877 0.861366 0.507424 28.286098 0.000000 0.000000 0.000000 1.000000
0.968231 0.102807 -0.227945 -0.003683 -0.248820 0.486658 -0.837409 79.639862 0.024840 0.867522 0.496778 28.661310 0.000000 0.000000 0.000000 1.000000
0.967924 0.100186 -0.230403 -0.142011 -0.249898 0.478648 -0.841693 79.432976 0.025956 0.872272 0.488332 28.961784 0.000000 0.000000 0.000000 1.000000
0.967806 0.097612 -0.232001 -0.280376 -0.250228 0.472650 -0.844978 79.309387 0.027175 0.875828 0.481858 29.196493 0.000000 0.000000 0.000000 1.000000
0.967746 0.095977 -0.232929 -0.408863 -0.250343 0.469910 -0.846471 79.283264 0.028215 0.877481 0.478781 29.300478 0.000000 0.000000 0.000000 1.000000
0.967730 0.095606 -0.233147 -0.531860 -0.250303 0.471512 -0.845591 79.375343 0.029088 0.876662 0.480227 29.239546 0.000000 0.000000 0.000000 1.000000
0.967695 0.095996 -0.233134 -0.668845 -0.250328 0.475999 -0.843066 79.530273 0.030041 0.874191 0.484653 29.084044 0.000000 0.000000 0.000000 1.000000
0.967536 0.097137 -0.233320 -0.833372 -0.250781 0.483512 -0.838645 79.726944 0.031350 0.869932 0.492175 28.857668 0.000000 0.000000 0.000000 1.000000
0.967281 0.098696 -0.233725 -0.996268 -0.251476 0.494916 -0.831756 79.968124 0.033583 0.863318 0.503542 28.541769 0.000000 0.000000 0.000000 1.000000
0.966970 0.100443 -0.234265 -1.151968 -0.252121 0.512012 -0.821144 80.284134 0.037468 0.853085 0.520424 28.098579 0.000000 0.000000 0.000000 1.000000
0.966563 0.102532 -0.235038 -1.297258 -0.252722 0.536187 -0.805379 80.688713 0.043447 0.837849 0.544171 27.487915 0.000000 0.000000 0.000000 1.000000
0.966200 0.104536 -0.235649 -1.422670 -0.252793 0.563387 -0.786569 81.131905 0.050537 0.819553 0.570771 26.790524 0.000000 0.000000 0.000000 1.000000
0.965904 0.106382 -0.236036 -1.520353 -0.252259 0.591897 -0.765522 81.591644 0.058271 0.798962 0.598551 26.037769 0.000000 0.000000 0.000000 1.000000
0.965808 0.107761 -0.235800 -1.556519 -0.250520 0.622042 -0.741825 82.068573 0.066738 0.775533 0.627769 25.209568 0.000000 0.000000 0.000000 1.000000
0.966125 0.108010 -0.234384 -1.500350 -0.246482 0.655321 -0.714003 82.579887 0.076477 0.747588 0.659745 24.256891 0.000000 0.000000 0.000000 1.000000
0.966989 0.106008 -0.231722 -1.395189 -0.239171 0.691334 -0.681803 83.089355 0.087921 0.714717 0.693866 23.187551 0.000000 0.000000 0.000000 1.000000
0.968573 0.100071 -0.227710 -1.271339 -0.227007 0.729817 -0.644853 83.556328 0.101656 0.676279 0.729598 21.994425 0.000000 0.000000 0.000000 1.000000
0.970493 0.091070 -0.223269 -1.116504 -0.210961 0.769129 -0.603271 83.994606 0.116783 0.632571 0.765647 20.703230 0.000000 0.000000 0.000000 1.000000
0.972154 0.081805 -0.219602 -0.890803 -0.193805 0.807477 -0.557154 84.444489 0.131746 0.584199 0.800846 19.376892 0.000000 0.000000 0.000000 1.000000
0.972498 0.073457 -0.221025 -0.407799 -0.179696 0.840369 -0.511359 85.103279 0.148179 0.537013 0.830458 18.165379 0.000000 0.000000 0.000000 1.000000
0.972210 0.065733 -0.224693 0.178067 -0.166276 0.869515 -0.465076 85.828758 0.164804 0.489512 0.856281 16.995956 0.000000 0.000000 0.000000 1.000000
0.971200 0.059210 -0.230789 0.838219 -0.153981 0.895151 -0.418323 86.620094 0.181822 0.441813 0.878489 15.864246 0.000000 0.000000 0.000000 1.000000
0.969209 0.055036 -0.240011 1.543901 -0.143960 0.917418 -0.370970 87.508583 0.199774 0.394100 0.897093 14.744078 0.000000 0.000000 0.000000 1.000000
0.965388 0.055086 -0.254933 2.386151 -0.139107 0.935560 -0.324618 88.588745 0.220623 0.348845 0.910842 13.731377 0.000000 0.000000 0.000000 1.000000
0.960937 0.056962 -0.270843 3.254641 -0.134923 0.950846 -0.278723 89.679787 0.241654 0.304378 0.921389 12.779598 0.000000 0.000000 0.000000 1.000000
0.956396 0.060759 -0.285683 4.007096 -0.132413 0.962028 -0.238682 90.693344 0.260333 0.266103 0.928125 12.033852 0.000000 0.000000 0.000000 1.000000
0.952091 0.066018 -0.298604 4.605330 -0.131703 0.969748 -0.205532 91.613075 0.276002 0.235012 0.931983 11.509963 0.000000 0.000000 0.000000 1.000000
0.947809 0.072096 -0.310581 5.154476 -0.131426 0.975838 -0.174550 92.494453 0.290493 0.206258 0.934383 11.062900 0.000000 0.000000 0.000000 1.000000
0.943644 0.078490 -0.321520 5.653925 -0.131206 0.980590 -0.145699 93.331696 0.303843 0.179674 0.935626 10.692062 0.000000 0.000000 0.000000 1.000000
0.939650 0.084637 -0.331503 6.101408 -0.130608 0.984277 -0.118912 94.120850 0.316226 0.155032 0.935931 10.391680 0.000000 0.000000 0.000000 1.000000
0.935826 0.090437 -0.340663 6.500571 -0.129640 0.987087 -0.094084 94.871063 0.327755 0.132210 0.935466 10.136499 0.000000 0.000000 0.000000 1.000000
0.932222 0.095650 -0.349018 6.853180 -0.128129 0.989203 -0.071135 95.585060 0.338445 0.111033 0.934412 9.898398 0.000000 0.000000 0.000000 1.000000
0.928850 0.099988 -0.356707 7.160898 -0.125844 0.990791 -0.049964 96.265350 0.348426 0.091298 0.932879 9.661604 0.000000 0.000000 0.000000 1.000000
0.925663 0.103523 -0.363910 7.430996 -0.122907 0.991951 -0.030450 96.924873 0.357828 0.072913 0.930936 9.425222 0.000000 0.000000 0.000000 1.000000
0.923202 0.104985 -0.369698 7.577736 -0.119446 0.992706 -0.016374 97.542450 0.365282 0.059276 0.929008 9.201281 0.000000 0.000000 0.000000 1.000000
0.920861 0.105340 -0.375390 7.620914 -0.115475 0.993300 -0.004536 98.101738 0.372397 0.047526 0.926856 8.977707 0.000000 0.000000 0.000000 1.000000
0.918310 0.104893 -0.381711 7.541869 -0.110680 0.993833 0.006831 98.561813 0.380073 0.035975 0.924256 8.737460 0.000000 0.000000 0.000000 1.000000
0.915724 0.104159 -0.388074 7.391390 -0.105154 0.994279 0.018737 98.950989 0.387805 0.023650 0.921438 8.480497 0.000000 0.000000 0.000000 1.000000
0.913095 0.103148 -0.394484 7.176142 -0.098890 0.994610 0.031169 99.288559 0.395572 0.010550 0.918374 8.212601 0.000000 0.000000 0.000000 1.000000
0.910415 0.101898 -0.400951 6.897631 -0.092054 0.994790 0.043794 99.572548 0.403324 -0.002961 0.915052 7.912936 0.000000 0.000000 0.000000 1.000000
0.907689 0.100484 -0.407434 6.564313 -0.084709 0.994795 0.056628 99.810440 0.411004 -0.016887 0.911477 7.586730 0.000000 0.000000 0.000000 1.000000
0.904821 0.099030 -0.414116 6.192648 -0.077157 0.994610 0.069264 100.022400 0.418743 -0.030720 0.907585 7.239763 0.000000 0.000000 0.000000 1.000000
0.901594 0.097458 -0.421462 5.762363 -0.069649 0.994284 0.080923 100.188736 0.426940 -0.043605 0.903228 6.842875 0.000000 0.000000 0.000000 1.000000
0.898023 0.095597 -0.429437 5.277710 -0.061956 0.993859 0.091684 100.314545 0.435564 -0.055728 0.898431 6.407018 0.000000 0.000000 0.000000 1.000000
0.894258 0.093592 -0.437657 4.769194 -0.054014 0.993312 0.102051 100.415451 0.444281 -0.067620 0.893332 5.954752 0.000000 0.000000 0.000000 1.000000
0.890246 0.091730 -0.446148 4.242385 -0.046235 0.992651 0.111836 100.492851 0.453128 -0.078933 0.887944 5.476155 0.000000 0.000000 0.000000 1.000000
0.885937 0.090292 -0.454932 3.703027 -0.039029 0.991902 0.120860 100.547600 0.462160 -0.089319 0.882287 4.960664 0.000000 0.000000 0.000000 1.000000
0.881287 0.089613 -0.464008 3.158603 -0.032880 0.991104 0.128960 100.587593 0.471436 -0.098394 0.876394 4.400326 0.000000 0.000000 0.000000 1.000000
0.876093 0.090396 -0.473592 2.611084 -0.028922 0.990351 0.135530 100.612267 0.481274 -0.105040 0.870254 3.760029 0.000000 0.000000 0.000000 1.000000
0.870255 0.093165 -0.483712 2.064751 -0.028502 0.989830 0.139369 100.620667 0.491777 -0.107500 0.864060 2.992984 0.000000 0.000000 0.000000 1.000000
0.864917 0.095441 -0.492756 1.548715 -0.029138 0.989647 0.140537 100.627937 0.501068 -0.107195 0.858744 2.186164 0.000000 0.000000 0.000000 1.000000
0.862243 0.094058 -0.497684 1.134468 -0.029465 0.990257 0.136101 100.666550 0.505637 -0.102688 0.856614 1.372959 0.000000 0.000000 0.000000 1.000000
0.861331 0.090511 -0.499917 0.785264 -0.028933 0.991144 0.129598 100.736404 0.507220 -0.097163 0.856322 0.575158 0.000000 0.000000 0.000000 1.000000
0.861210 0.086175 -0.500890 0.460268 -0.030181 0.992453 0.118854 100.837616 0.507352 -0.087240 0.857312 -0.178516 0.000000 0.000000 0.000000 1.000000
0.861216 0.081521 -0.501659 0.189195 -0.032837 0.993915 0.105141 100.957886 0.507177 -0.074076 0.858653 -0.875972 0.000000 0.000000 0.000000 1.000000
0.859801 0.077294 -0.504746 0.071818 -0.035608 0.995146 0.091737 101.080627 0.509387 -0.060903 0.858380 -1.481926 0.000000 0.000000 0.000000 1.000000
0.858191 0.072725 -0.508153 0.059303 -0.037545 0.996155 0.079159 101.209213 0.511956 -0.048855 0.857621 -1.971338 0.000000 0.000000 0.000000 1.000000
0.857384 0.067335 -0.510254 0.104564 -0.038022 0.996983 0.067676 101.335159 0.513271 -0.038624 0.857357 -2.337791 0.000000 0.000000 0.000000 1.000000
0.857221 0.061405 -0.511275 0.176003 -0.037503 0.997673 0.056943 101.450302 0.513582 -0.029638 0.857529 -2.626379 0.000000 0.000000 0.000000 1.000000
0.857734 0.055101 -0.511132 0.270312 -0.036060 0.998239 0.047099 101.547813 0.512827 -0.021967 0.858211 -2.830388 0.000000 0.000000 0.000000 1.000000
0.858581 0.048730 -0.510356 0.374707 -0.034199 0.998699 0.037826 101.630188 0.511536 -0.015023 0.859131 -2.985882 0.000000 0.000000 0.000000 1.000000
0.859719 0.042395 -0.509005 0.486962 -0.032004 0.999062 0.029156 101.697227 0.509764 -0.008776 0.860270 -3.094512 0.000000 0.000000 0.000000 1.000000
0.861010 0.036125 -0.507304 0.603401 -0.029619 0.999343 0.020892 101.753387 0.507726 -0.002963 0.861514 -3.173957 0.000000 0.000000 0.000000 1.000000
0.862364 0.029915 -0.505404 0.722025 -0.027139 0.999549 0.012856 101.801743 0.505560 0.002630 0.862787 -3.237625 0.000000 0.000000 0.000000 1.000000
0.863842 0.023811 -0.503199 0.844228 -0.024508 0.999686 0.005232 101.841354 0.503166 0.007813 0.864154 -3.273538 0.000000 0.000000 0.000000 1.000000
0.865353 0.017767 -0.500849 0.967746 -0.021808 0.999760 -0.002213 101.876106 0.500689 0.012837 0.865532 -3.297980 0.000000 0.000000 0.000000 1.000000
0.866900 0.011803 -0.498342 1.092710 -0.019035 0.999774 -0.009434 101.907043 0.498119 0.017664 0.866929 -3.308632 0.000000 0.000000 0.000000 1.000000
0.868484 0.005922 -0.495682 1.219057 -0.016195 0.999734 -0.016430 101.933861 0.495452 0.022297 0.868349 -3.305531 0.000000 0.000000 0.000000 1.000000
0.870072 0.000095 -0.492926 1.346043 -0.013316 0.999640 -0.023311 101.958694 0.492746 0.026846 0.869759 -3.295292 0.000000 0.000000 0.000000 1.000000
0.871625 -0.005733 -0.490139 1.473391 -0.010419 0.999489 -0.030219 101.984711 0.490062 0.031446 0.871120 -3.287075 0.000000 0.000000 0.000000 1.000000
0.873127 -0.011608 -0.487355 1.599701 -0.007509 0.999278 -0.037253 102.013641 0.487435 0.036186 0.872409 -3.286705 0.000000 0.000000 0.000000 1.000000
0.874563 -0.017553 -0.484594 1.725267 -0.004597 0.999000 -0.044483 102.046326 0.484890 0.041131 0.873608 -3.297969 0.000000 0.000000 0.000000 1.000000</float_array>
        <technique_common>
          <accessor source="#mixamorig_Hips-Matrix-animation-output-transform-array" count="116" stride="16">
            <param type="float4x4"/>
          </accessor>
        </technique_common>
      </source>
      <source id="mixamorig_Hips-Interpolations">
        <Name_array id="mixamorig_Hips-Interpolations-array" count="116">
