<?xml version="1.0" encoding="utf-8"?>
<COLLADA xmlns="http://www.collada.org/2005/11/COLLADASchema" version="1.4.1">
  <asset>
    <contributor>
      <author>Mixamo</author>
      <authoring_tool>COLLADA Mixamo exporter</authoring_tool>
      <comments/>
    </contributor>
    <created>2024-05-15T12:25:34Z</created>
    <modified>2024-05-15T12:25:34Z</modified>
    <revision/>
    <title/>
    <unit meter="0.010000"/>
    <up_axis>Y_UP</up_axis>
  </asset>
  <library_animations>
    <animation id="Armature-anim" name="Armature">
      <source id="Armature-Matrix-animation-input">
        <float_array id="Armature-Matrix-animation-input-array" count="31">

0.000000 0.033333 0.066667 0.100000 0.133333 0.166667 0.200000 0.233333 0.266667 0.300000 0.333333 0.366667 0.400000 0.433333 0.466667 0.500000
0.533333 0.566667 0.600000 0.633333 0.666667 0.700000 0.733333 0.766667 0.800000 0.833333 0.866667 0.900000 0.933333 0.966667 1.000000</float_array>
        <technique_common>
          <accessor source="#Armature-Matrix-animation-input-array" count="31">
            <param name="TIME" type="float"/>
          </accessor>
        </technique_common>
      </source>
      <source id="Armature-Matrix-animation-output-transform">
        <float_array id="Armature-Matrix-animation-output-transform-array" count="496">

1.000000 0.000000 0.000000 0.000000 0.000000 1.000000 0.000000 0.000000 0.000000 0.000000 1.000000 0.000000 0.000000 0.000000 0.000000 1.000000
1.000000 0.000000 0.000000 0.000000 0.000000 1.000000 0.000000 0.000000 0.000000 0.000000 1.000000 0.000000 0.000000 0.000000 0.000000 1.000000
1.000000 0.000000 0.000000 0.000000 0.000000 1.000000 0.000000 0.000000 0.000000 0.000000 1.000000 0.000000 0.000000 0.000000 0.000000 1.000000
1.000000 0.000000 0.000000 0.000000 0.000000 1.000000 0.000000 0.000000 0.000000 0.000000 1.000000 0.000000 0.000000 0.000000 0.000000 1.000000
1.000000 0.000000 0.000000 0.000000 0.000000 1.000000 0.000000 0.000000 0.000000 0.000000 1.000000 0.000000 0.000000 0.000000 0.000000 1.000000
1.000000 0.000000 0.000000 0.000000 0.000000 1.000000 0.000000 0.000000 0.000000 0.000000 1.000000 0.000000 0.000000 0.000000 0.000000 1.000000
1.000000 0.000000 0.000000 0.000000 0.000000 1.000000 0.000000 0.000000 0.000000 0.000000 1.000000 0.000000 0.000000 0.000000 0.000000 1.000000
1.000000 0.000000 0.000000 0.000000 0.000000 1.000000 0.000000 0.000000 0.000000 0.000000 1.000000 0.000000 0.000000 0.000000 0.000000 1.000000
1.000000 0.000000 0.000000 0.000000 0.000000 1.000000 0.000000 0.000000 0.000000 0.000000 1.000000 0.000000 0.000000 0.000000 0.000000 1.000000
1.000000 0.000000 0.000000 0.000000 0.000000 1.000000 0.000000 0.000000 0.000000 0.000000 1.000000 0.000000 0.000000 0.000000 0.000000 1.000000
1.000000 0.000000 0.000000 0.000000 0.000000 1.000000 0.000000 0.000000 0.000000 0.000000 1.000000 0.000000 0.000000 0.000000 0.000000 1.000000
1.000000 0.000000 0.000000 0.000000 0.000000 1.000000 0.000000 0.000000 0.000000 0.000000 1.000000 0.000000 0.000000 0.000000 0.000000 1.000000
1.000000 0.000000 0.000000 0.000000 0.000000 1.000000 0.000000 0.000000 0.000000 0.000000 1.000000 0.000000 0.000000 0.000000 0.000000 1.000000
1.000000 0.000000 0.000000 0.000000 0.000000 1.000000 0.000000 0.000000 0.000000 0.000000 1.000000 0.000000 0.000000 0.000000 0.000000 1.000000
1.000000 0.000000 0.000000 0.000000 0.000000 1.000000 0.000000 0.000000 0.000000 0.000000 1.000000 0.000000 0.000000 0.000000 0.000000 1.000000
1.000000 0.000000 0.000000 0.000000 0.000000 1.000000 0.000000 0.000000 0.000000 0.000000 1.000000 0.000000 0.000000 0.000000 0.000000 1.000000
1.000000 0.000000 0.000000 0.000000 0.000000 1.000000 0.000000 0.000000 0.000000 0.000000 1.000000 0.000000 0.000000 0.000000 0.000000 1.000000
1.000000 0.000000 0.000000 0.000000 0.000000 1.000000 0.000000 0.000000 0.000000 0.000000 1.000000 0.000000 0.000000 0.000000 0.000000 1.000000
1.000000 0.000000 0.000000 0.000000 0.000000 1.000000 0.000000 0.000000 0.000000 0.000000 1.000000 0.000000 0.000000 0.000000 0.000000 1.000000
1.000000 0.000000 0.000000 0.000000 0.000000 1.000000 0.000000 0.000000 0.000000 0.000000 1.000000 0.000000 0.000000 0.000000 0.000000 1.000000
1.000000 0.000000 0.000000 0.000000 0.000000 1.000000 0.000000 0.000000 0.000000 0.000000 1.000000 0.000000 0.000000 0.000000 0.000000 1.000000
1.000000 0.000000 0.000000 0.000000 0.000000 1.000000 0.000000 0.000000 0.000000 0.000000 1.000000 0.000000 0.000000 0.000000 0.000000 1.000000
1.000000 0.000000 0.000000 0.000000 0.000000 1.000000 0.000000 0.000000 0.000000 0.000000 1.000000 0.000000 0.000000 0.000000 0.000000 1.000000
1.000000 0.000000 0.000000 0.000000 0.000000 1.000000 0.000000 0.000000 0.000000 0.000000 1.000000 0.000000 0.000000 0.000000 0.000000 1.000000
1.000000 0.000000 0.000000 0.000000 0.000000 1.000000 0.000000 0.000000 0.000000 0.000000 1.000000 0.000000 0.000000 0.000000 0.000000 1.000000
1.000000 0.000000 0.000000 0.000000 0.000000 1.000000 0.000000 0.000000 0.000000 0.000000 1.000000 0.000000 0.000000 0.000000 0.000000 1.000000
1.000000 0.000000 0.000000 0.000000 0.000000 1.000000 0.000000 0.000000 0.000000 0.000000 1.000000 0.000000 0.000000 0.000000 0.000000 1.000000
1.000000 0.000000 0.000000 0.000000 0.000000 1.000000 0.000000 0.000000 0.000000 0.000000 1.000000 0.000000 0.000000 0.000000 0.000000 1.000000
1.000000 0.000000 0.000000 0.000000 0.000000 1.000000 0.000000 0.000000 0.000000 0.000000 1.000000 0.000000 0.000000 0.000000 0.000000 1.000000
1.000000 0.000000 0.000000 0.000000 0.000000 1.000000 0.000000 0.000000 0.000000 0.000000 1.000000 0.000000 0.000000 0.000000 0.000000 1.000000
1.000000 0.000000 0.000000 0.000000 0.000000 1.000000 0.000000 0.000000 0.000000 0.000000 1.000000 0.000000 0.000000 0.000000 0.000000 1.000000</float_array>
        <technique_common>
          <accessor source="#Armature-Matrix-animation-output-transform-array" count="31" stride="16">
            <param type="float4x4"/>
          </accessor>
        </technique_common>
      </source>
      <source id="Armature-Interpolations">
        <Name_array id="Armature-Interpolations-array" count="31">
 LINEAR LINEAR LINEAR LINEAR LINEAR LINEAR LINEAR LINEAR LINEAR LINEAR LINEAR
LINEAR LINEAR LINEAR LINEAR LINEAR LINEAR LINEAR LINEAR LINEAR LINEAR LINEAR LINEAR
LINEAR LINEAR LINEAR LINEAR LINEAR LINEAR LINEAR LINEAR</Name_array>
        <technique_common>
          <accessor source="#Armature-Interpolations-array" count="31">
            <param type="name"/>
          </accessor>
        </technique_common>
      </source>
      <sampler id="Armature-Matrix-animation-transform">
        <input semantic="INPUT" source="#Armature-Matrix-animation-input"/>
        <input semantic="OUTPUT" source="#Armature-Matrix-animation-output-transform"/>
        <input semantic="INTERPOLATION" source="#Armature-Interpolations"/>
      </sampler>
      <channel source="#Armature-Matrix-animation-transform" target="Armature/matrix"/>
    </animation>
    <animation id="mixamorig_Hips-anim" name="mixamorig_Hips">
      <source id="mixamorig_Hips-Matrix-animation-input">
        <float_array id="mixamorig_Hips-Matrix-animation-input-array" count="31">

0.000000 0.033333 0.066667 0.100000 0.133333 0.166667 0.200000 0.233333 0.266667 0.300000 0.333333 0.366667 0.400000 0.433333 0.466667 0.500000
0.533333 0.566667 0.600000 0.633333 0.666667 0.700000 0.733333 0.766667 0.800000 0.833333 0.866667 0.900000 0.933333 0.966667 1.000000</float_array>
        <technique_common>
          <accessor source="#mixamorig_Hips-Matrix-animation-input-array" count="31">
            <param name="TIME" type="float"/>
          </accessor>
        </technique_common>
      </source>
      <source id="mixamorig_Hips-Matrix-animation-output-transform">
        <float_array id="mixamorig_Hips-Matrix-animation-output-transform-array" count="496">

0.998377 0.031565 0.047396 -0.125468 -0.030763 0.999372 -0.017559 101.491928 -0.047921 0.016073 0.998722 -2.212680 0.000000 0.000000 0.000000 1.000000
0.999249 0.030839 0.023445 -0.192260 -0.030430 0.999382 -0.017612 102.127243 -0.023974 0.016885 0.999570 -2.440504 0.000000 0.000000 0.000000 1.000000
0.999423 0.033807 0.003312 -0.226285 -0.033752 0.999312 -0.015370 102.118980 -0.003829 0.015249 0.999876 -2.753744 0.000000 0.000000 0.000000 1.000000
0.999289 0.036066 -0.010969 -0.206846 -0.036195 0.999276 -0.011744 101.585739 0.010538 0.012133 0.999871 -2.853631 0.000000 0.000000 0.000000 1.000000
0.999138 0.035354 -0.021769 -0.183120 -0.035578 0.999317 -0.009981 100.676605 0.021401 0.010747 0.999713 -3.129335 0.000000 0.000000 0.000000 1.000000
0.998883 0.033134 -0.033680 -0.084544 -0.033537 0.999372 -0.011481 99.593803 0.033278 0.012597 0.999367 -3.471461 0.000000 0.000000 0.000000 1.000000
0.998341 0.031963 -0.047900 0.122385 -0.032644 0.999376 -0.013515 98.421555 0.047438 0.015056 0.998761 -3.680056 0.000000 0.000000 0.000000 1.000000
0.997605 0.031635 -0.061504 0.447313 -0.032490 0.999388 -0.012945 97.058495 0.061057 0.014912 0.998023 -3.423267 0.000000 0.000000 0.000000 1.000000
0.997046 0.028883 -0.071175 0.982533 -0.029821 0.999481 -0.012153 95.631691 0.070787 0.014239 0.997390 -2.651031 0.000000 0.000000 0.000000 1.000000
0.996898 0.020764 -0.075919 1.479814 -0.022093 0.999616 -0.016711 94.840561 0.075543 0.018337 0.996974 -1.794283 0.000000 0.000000 0.000000 1.000000
0.997234 0.008672 -0.073819 2.009117 -0.010567 0.999624 -0.025312 94.510513 0.073571 0.026022 0.996950 -1.279113 0.000000 0.000000 0.000000 1.000000
0.997855 -0.002248 -0.065425 2.442263 0.000324 0.999568 -0.029400 94.761749 0.065463 0.029316 0.997424 -1.431334 0.000000 0.000000 0.000000 1.000000
0.998422 -0.005262 -0.055915 2.940451 0.003844 0.999669 -0.025423 96.174805 0.056030 0.025168 0.998112 -1.487450 0.000000 0.000000 0.000000 1.000000
0.998896 -0.000100 -0.046973 3.302041 -0.000772 0.999828 -0.018546 98.203316 0.046967 0.018562 0.998724 -1.477169 0.000000 0.000000 0.000000 1.000000
0.999439 0.010744 -0.031718 3.544908 -0.011211 0.999831 -0.014570 100.125183 0.031556 0.014918 0.999391 -1.693879 0.000000 0.000000 0.000000 1.000000
0.999775 0.020798 -0.004197 3.697652 -0.020863 0.999653 -0.016073 101.736488 0.003861 0.016157 0.999862 -1.804900 0.000000 0.000000 0.000000 1.000000
0.999278 0.022605 0.030531 3.742929 -0.021933 0.999514 -0.022146 102.635292 -0.031017 0.021461 0.999288 -2.268228 0.000000 0.000000 0.000000 1.000000
0.998040 0.014860 0.060792 3.716945 -0.013134 0.999502 -0.028694 102.612061 -0.061188 0.027839 0.997738 -2.874891 0.000000 0.000000 0.000000 1.000000
0.996793 0.002691 0.079979 3.687236 -0.000120 0.999483 -0.032137 101.892212 -0.080024 0.032024 0.996278 -3.163133 0.000000 0.000000 0.000000 1.000000
0.995830 -0.007606 0.090907 3.690285 0.010597 0.999417 -0.032466 100.647308 -0.090607 0.033294 0.995330 -3.322516 0.000000 0.000000 0.000000 1.000000
0.994775 -0.014650 0.101036 3.627477 0.017974 0.999324 -0.032071 99.277321 -0.100498 0.033720 0.994366 -3.567534 0.000000 0.000000 0.000000 1.000000
0.993174 -0.019372 0.115025 3.507256 0.023298 0.999188 -0.032882 97.684761 -0.114294 0.035337 0.992818 -3.646827 0.000000 0.000000 0.000000 1.000000
0.991140 -0.020563 0.131217 3.207281 0.025417 0.999049 -0.035423 96.155327 -0.130364 0.038445 0.990721 -3.529417 0.000000 0.000000 0.000000 1.000000
0.989571 -0.015223 0.143242 2.720473 0.021193 0.998965 -0.040244 95.070404 -0.142481 0.042860 0.988869 -3.123896 0.000000 0.000000 0.000000 1.000000
0.989492 -0.001736 0.144578 2.146818 0.008771 0.998807 -0.048039 94.679604 -0.144322 0.048802 0.988327 -2.536855 0.000000 0.000000 0.000000 1.000000
0.990581 0.018031 0.135732 1.595787 -0.010478 0.998367 -0.056155 94.813606 -0.136523 0.054204 0.989153 -2.286300 0.000000 0.000000 0.000000 1.000000
0.991442 0.037505 0.125044 1.051004 -0.030414 0.997845 -0.058146 95.615410 -0.126955 0.053845 0.990446 -2.426743 0.000000 0.000000 0.000000 1.000000
0.991810 0.049316 0.117821 0.506342 -0.043617 0.997773 -0.050469 96.848373 -0.120047 0.044917 0.991752 -2.576289 0.000000 0.000000 0.000000 1.000000
0.992856 0.049088 0.108757 0.203601 -0.045283 0.998282 -0.037181 98.493782 -0.110395 0.031991 0.993373 -2.382865 0.000000 0.000000 0.000000 1.000000
0.994979 0.041746 0.090957 0.009469 -0.039586 0.998893 -0.025421 99.952362 -0.091917 0.021693 0.995530 -2.257146 0.000000 0.000000 0.000000 1.000000
0.997375 0.034014 0.063927 -0.071112 -0.032878 0.999284 -0.018742 101.121849 -0.064519 0.016592 0.997779 -2.136256 0.000000 0.000000 0.000000 1.000000</float_array>
        <technique_common>
          <accessor source="#mixamorig_Hips-Matrix-animation-output-transform-array" count="31" stride="16">
            <param type="float4x4"/>
          </accessor>
        </technique_common>
      </source>
      <source id="mixamorig_Hips-Interpolations">
        <Name_array id="mixamorig_Hips-Interpolations-array" count="31">
 LINEAR LINEAR LINEAR LINEAR LINEAR LINEAR LINEAR LINEAR LINEAR LINEAR LINEAR
LINEAR LINEAR LINEAR LINEAR LINEAR LINEAR LINEAR LINEAR LINEAR LINEAR LINEAR LINEAR
LINEAR LINEAR LINEAR LINEAR LINEAR LINEAR LINEAR LINEAR</Name_array>
        <technique_common>
          <accessor source="#mixamorig_Hips-Interpolations-array" count="31">
            <param type="name"/>
          </accessor>
        </technique_common>
      </source>
      <sampler id="mixamorig_Hips-Matrix-animation-transform">
        <input semantic="INPUT" source="#mixamorig_Hips-Matrix-animation-input"/>
        <input semantic="OUTPUT" source="#mixamorig_Hips-Matrix-animation-output-transform"/>
        <input semantic="INTERPOLATION" source="#mixamorig_Hips-Interpolations"/>
      </sampler>
      <channel source="#mixamorig_Hips-Matrix-animation-transform" target="mixamorig_Hips/matrix"/>
    </animation>
    <animation id="mixamorig_Spine-anim" name="mixamorig_Spine">
      <source id="mixamorig_Spine-Matrix-animation-input">
        <float_array id="mixamorig_Spine-Matrix-animation-input-array" count="31">

0.000000 0.033333 0.066667 0.100000 0.133333 0.166667 0.200000 0.233333 0.266667 0.300000 0.333333 0.366667 0.400000 0.433333 0.466667 0.500000
0.533333 0.566667 0.600000 0.633333 0.666667 0.700000 0.733333 0.766667 0.800000 0.833333 0.866667 0.900000 0.933333 0.966667 1.000000</float_array>
        <technique_common>
          <accessor source="#mixamorig_Spine-Matrix-animation-input-array" count="31">
            <param name="TIME" type="float"/>
          </accessor>
        </technique_common>
      </source>
      <source id="mixamorig_Spine-Matrix-animation-output-transform">
        <float_array id="mixamorig_Spine-Matrix-animation-output-transform-array" count="496">

0.999939 -0.009291 0.005912 0.000000 0.009423 0.999698 -0.022708 12.246100 -0.005699 0.022762 0.999725 0.234600 0.000000 0.000000 0.000000 1.000000
0.999915 -0.005305 0.011893 0.000000 0.005577 0.999720 -0.023003 12.246100 -0.011767 0.023067 0.999665 0.234600 0.000000 0.000000 0.000000 1.000000
0.999851 -0.002514 0.017063 0.000000 0.002939 0.999684 -0.024949 12.246100 -0.016995 0.024995 0.999543 0.234600 0.000000 0.000000 0.000000 1.000000
0.999777 -0.000778 0.021081 0.000000 0.001324 0.999664 -0.025879 12.246100 -0.021054 0.025901 0.999443 0.234600 0.000000 0.000000 0.000000 1.000000
0.999698 0.001361 0.024553 -0.000000 -0.000693 0.999630 -0.027195 12.246100 -0.024581 0.027169 0.999329 0.234600 0.000000 0.000000 0.000000 1.000000
0.999591 0.004000 0.028324 0.000000 -0.003224 0.999620 -0.027385 12.246100 -0.028423 0.027283 0.999224 0.234600 0.000000 0.000000 0.000000 1.000000
0.999446 0.006625 0.032619 0.000000 -0.005737 0.999612 -0.027246 12.246100 -0.032786 0.027044 0.999096 0.234600 0.000000 0.000000 0.000000 1.000000
0.999283 0.008671 0.036862 0.000000 -0.007689 0.999614 -0.026697 12.246100 -0.037079 0.026395 0.998964 0.234600 0.000000 0.000000 0.000000 1.000000
0.999145 0.010606 0.039950 0.000000 -0.009589 0.999627 -0.025557 12.246100 -0.040207 0.025152 0.998875 0.234600 0.000000 0.000000 0.000000 1.000000
0.999044 0.013419 0.041596 0.000000 -0.012541 0.999694 -0.021300 12.246100 -0.041869 0.020758 0.998907 0.234600 0.000000 0.000000 0.000000 1.000000
0.999012 0.018155 0.040558 -0.000000 -0.017530 0.999723 -0.015734 12.246100 -0.040832 0.015007 0.999053 0.234600 0.000000 0.000000 0.000000 1.000000
0.999086 0.022296 0.036457 0.000000 -0.021772 0.999655 -0.014710 12.246100 -0.036772 0.013903 0.999227 0.234600 0.000000 0.000000 0.000000 1.000000
0.999285 0.022151 0.030632 -0.000000 -0.021644 0.999625 -0.016763 12.246100 -0.030992 0.016088 0.999390 0.234600 0.000000 0.000000 0.000000 1.000000
0.999510 0.020020 0.024070 0.000000 -0.019571 0.999633 -0.018735 12.246100 -0.024436 0.018254 0.999535 0.234600 0.000000 0.000000 0.000000 1.000000
0.999760 0.014684 0.016281 0.000000 -0.014346 0.999682 -0.020730 12.246100 -0.016580 0.020491 0.999653 0.234600 0.000000 0.000000 0.000000 1.000000
0.999934 0.008992 0.007102 -0.000000 -0.008841 0.999738 -0.021094 12.246100 -0.007290 0.021030 0.999752 0.234600 0.000000 0.000000 0.000000 1.000000
0.999983 0.005477 -0.002145 -0.000000 -0.005522 0.999750 -0.021665 12.246100 0.002026 0.021677 0.999763 0.234600 0.000000 0.000000 0.000000 1.000000
0.999950 0.003900 -0.009258 0.000000 -0.004110 0.999733 -0.022745 12.246100 0.009166 0.022781 0.999698 0.234600 0.000000 0.000000 0.000000 1.000000
0.999903 0.003491 -0.013478 0.000000 -0.003809 0.999714 -0.023597 12.246100 0.013392 0.023646 0.999631 0.234600 0.000000 0.000000 0.000000 1.000000
0.999871 0.002022 -0.015938 -0.000000 -0.002423 0.999679 -0.025202 12.246100 0.015882 0.025237 0.999555 0.234600 0.000000 0.000000 0.000000 1.000000
0.999829 0.000677 -0.018477 0.000000 -0.001174 0.999638 -0.026879 12.246100 0.018452 0.026896 0.999468 0.234600 0.000000 0.000000 0.000000 1.000000
0.999757 -0.001229 -0.021994 0.000000 0.000621 0.999618 -0.027623 12.246100 0.022019 0.027603 0.999376 0.234600 0.000000 0.000000 0.000000 1.000000
0.999660 -0.003170 -0.025863 0.000000 0.002475 0.999636 -0.026877 12.246100 0.025939 0.026804 0.999304 0.234600 0.000000 0.000000 0.000000 1.000000
0.999583 -0.005465 -0.028370 0.000000 0.004779 0.999696 -0.024199 12.246100 0.028493 0.024054 0.999305 0.234600 0.000000 0.000000 0.000000 1.000000
0.999572 -0.007751 -0.028224 0.000000 0.007224 0.999799 -0.018712 12.246100 0.028364 0.018500 0.999426 0.234600 0.000000 0.000000 0.000000 1.000000
0.999605 -0.011732 -0.025557 -0.000000 0.011370 0.999833 -0.014285 12.246100 0.025721 0.013989 0.999571 0.234600 0.000000 0.000000 0.000000 1.000000
0.999620 -0.016955 -0.021720 0.000000 0.016650 0.999761 -0.014135 12.246100 0.021955 0.013768 0.999664 0.234600 0.000000 0.000000 0.000000 1.000000
0.999629 -0.020539 -0.017886 0.000000 0.020247 0.999661 -0.016364 12.246100 0.018217 0.015996 0.999706 0.234600 0.000000 0.000000 0.000000 1.000000
0.999716 -0.019986 -0.012993 -0.000000 0.019736 0.999624 -0.019055 12.246100 0.013369 0.018793 0.999734 0.234600 0.000000 0.000000 0.000000 1.000000
0.999851 -0.016043 -0.006298 0.000000 0.015903 0.999639 -0.021641 12.246100 0.006642 0.021538 0.999746 0.234600 0.000000 0.000000 0.000000 1.000000
0.999932 -0.011565 0.001661 0.000000 0.011600 0.999682 -0.022395 12.246100 -0.001401 0.022413 0.999748 0.234600 0.000000 0.000000 0.000000 1.000000</float_array>
        <technique_common>
          <accessor source="#mixamorig_Spine-Matrix-animation-output-transform-array" count="31" stride="16">
            <param type="float4x4"/>
          </accessor>
        </technique_common>
      </source>
      <source id="mixamorig_Spine-Interpolations">
        <Name_array id="mixamorig_Spine-Interpolations-array" count="31">
 LINEAR LINEAR LINEAR LINEAR LINEAR LINEAR LINEAR LINEAR LINEAR LINEAR LINEAR
LINEAR LINEAR LINEAR LINEAR LINEAR LINEAR LINEAR LINEAR LINEAR LINEAR LINEAR LINEAR
LINEAR LINEAR LINEAR LINEAR LINEAR LINEAR LINEAR LINEAR</Name_array>
        <technique_common>
          <accessor source="#mixamorig_Spine-Interpolations-array" count="31">
            <param type="name"/>
          </accessor>
        </technique_common>
      </source>
      <sampler id="mixamorig_Spine-Matrix-animation-transform">
        <input semantic="INPUT" source="#mixamorig_Spine-Matrix-animation-input"/>
        <input semantic="OUTPUT" source="#mixamorig_Spine-Matrix-animation-output-transform"/>
        <input semantic="INTERPOLATION" source="#mixamorig_Spine-Interpolations"/>
      </sampler>
      <channel source="#mixamorig_Spine-Matrix-animation-transform" target="mixamorig_Spine/matrix"/>
    </animation>
    <animation id="mixamorig_Spine1-anim" name="mixamorig_Spine1">
      <source id="mixamorig_Spine1-Matrix-animation-input">
        <float_array id="mixamorig_Spine1-Matrix-animation-input-array" count="31">

0.000000 0.033333 0.066667 0.100000 0.133333 0.166667 0.200000 0.233333 0.266667 0.300000 0.333333 0.366667 0.400000 0.433333 0.466667 0.500000
0.533333 0.566667 0.600000 0.633333 0.666667 0.700000 0.733333 0.766667 0.800000 0.833333 0.866667 0.900000 0.933333 0.966667 1.000000</float_array>
        <technique_common>
          <accessor source="#mixamorig_Spine1-Matrix-animation-input-array" count="31">
            <param name="TIME" type="float"/>
          </accessor>
        </technique_common>
      </source>
      <source id="mixamorig_Spine1-Matrix-animation-output-transform">
        <float_array id="mixamorig_Spine1-Matrix-animation-output-transform-array" count="496">

0.999889 -0.008439 0.012248 0.000000 0.008522 0.999941 -0.006719 14.289700 -0.012191 0.006823 0.999902 -0.000000 0.000000 0.000000 0.000000 1.000000
0.999719 -0.002078 0.023602 0.000000 0.002254 0.999970 -0.007433 14.289700 -0.023586 0.007484 0.999694 0.000000 0.000000 0.000000 0.000000 1.000000
0.999440 0.001460 0.033435 0.000000 -0.001078 0.999934 -0.011446 14.289700 -0.033450 0.011403 0.999375 0.000000 0.000000 0.000000 0.000000 1.000000
0.999152 0.003283 0.041035 -0.000000 -0.002735 0.999907 -0.013390 14.289700 -0.041075 0.013266 0.999068 -0.000000 0.000000 0.000000 0.000000 1.000000
0.998843 0.006394 0.047656 -0.000000 -0.005633 0.999854 -0.016101 14.289700 -0.047752 0.015814 0.998734 -0.000000 0.000000 0.000000 0.000000 1.000000
0.998415 0.010701 0.055259 0.000000 -0.009798 0.999814 -0.016582 14.289700 -0.055426 0.016015 0.998334 0.000000 0.000000 0.000000 0.000000 1.000000
0.997815 0.015369 0.064256 -0.000000 -0.014342 0.999762 -0.016421 14.289700 -0.064494 0.015464 0.997798 0.000000 0.000000 0.000000 0.000000 1.000000
0.997152 0.019166 0.072942 0.000000 -0.018086 0.999717 -0.015439 14.289700 -0.073217 0.014075 0.997217 0.000000 0.000000 0.000000 0.000000 1.000000
0.996618 0.022393 0.079067 0.000000 -0.021410 0.999683 -0.013262 14.289700 -0.079339 0.011524 0.996781 -0.000000 0.000000 0.000000 0.000000 1.000000
0.996374 0.026331 0.080908 -0.000000 -0.026023 0.999650 -0.004853 14.289700 -0.081007 0.002729 0.996710 0.000000 0.000000 0.000000 0.000000 1.000000
0.996475 0.032747 0.077241 -0.000000 -0.033321 0.999426 0.006159 14.289700 -0.076995 -0.008711 0.996993 0.000000 0.000000 0.000000 0.000000 1.000000
0.997035 0.035656 0.068194 -0.000000 -0.036297 0.999308 0.008187 14.289700 -0.067855 -0.010638 0.997638 0.000000 0.000000 0.000000 0.000000 1.000000
0.997864 0.032570 0.056625 0.000000 -0.032858 0.999451 0.004155 14.289700 -0.056459 -0.006007 0.998387 0.000000 0.000000 0.000000 0.000000 1.000000
0.998619 0.027892 0.044515 0.000000 -0.027933 0.999610 0.000289 14.289700 -0.044489 -0.001532 0.999009 0.000000 0.000000 0.000000 0.000000 1.000000
0.999354 0.019045 0.030461 0.000000 -0.018945 0.999814 -0.003573 14.289700 -0.030524 0.002994 0.999530 -0.000000 0.000000 0.000000 0.000000 1.000000
0.999852 0.010798 0.013394 -0.000000 -0.010743 0.999934 -0.004172 14.289700 -0.013438 0.004027 0.999902 0.000000 0.000000 0.000000 0.000000 1.000000
0.999966 0.006926 -0.004379 0.000000 -0.006949 0.999962 -0.005195 14.289700 0.004343 0.005225 0.999977 0.000000 0.000000 0.000000 0.000000 1.000000
0.999808 0.006482 -0.018512 -0.000000 -0.006616 0.999952 -0.007221 14.289700 0.018465 0.007342 0.999803 0.000000 0.000000 0.000000 0.000000 1.000000
0.999603 0.007140 -0.027249 0.000000 -0.007383 0.999934 -0.008829 14.289700 0.027184 0.009027 0.999590 0.000000 0.000000 0.000000 0.000000 1.000000
0.999448 0.005247 -0.032794 0.000000 -0.005643 0.999912 -0.011981 14.289700 0.032728 0.012160 0.999390 0.000000 0.000000 0.000000 0.000000 1.000000
0.999243 0.003087 -0.038768 -0.000000 -0.003683 0.999876 -0.015308 14.289700 0.038716 0.015439 0.999131 0.000000 0.000000 0.000000 0.000000 1.000000
0.998912 -0.000881 -0.046617 0.000000 0.000096 0.999858 -0.016836 14.289700 0.046625 0.016813 0.998771 0.000000 0.000000 0.000000 0.000000 1.000000
0.998477 -0.005026 -0.054939 0.000000 0.004185 0.999872 -0.015412 14.289700 0.055009 0.015159 0.998371 0.000000 0.000000 0.000000 0.000000 1.000000
0.998129 -0.009634 -0.060376 -0.000000 0.009038 0.999908 -0.010139 14.289700 0.060468 0.009575 0.998124 -0.000000 0.000000 0.000000 0.000000 1.000000
0.998113 -0.013995 -0.059786 0.000000 0.014066 0.999901 0.000765 14.289700 0.059770 -0.001605 0.998211 0.000000 0.000000 0.000000 0.000000 1.000000
0.998378 -0.020513 -0.053112 -0.000000 0.021054 0.999732 0.009637 14.289700 0.052900 -0.010740 0.998542 0.000000 0.000000 0.000000 0.000000 1.000000
0.998662 -0.027562 -0.043757 0.000000 0.028030 0.999556 0.010121 14.289700 0.043459 -0.011334 0.998991 0.000000 0.000000 0.000000 0.000000 1.000000
0.998978 -0.029237 -0.034475 -0.000000 0.029462 0.999548 0.006022 14.289700 0.034283 -0.007032 0.999387 0.000000 0.000000 0.000000 0.000000 1.000000
0.999353 -0.026471 -0.024340 0.000000 0.026498 0.999649 0.000770 14.289700 0.024311 -0.001414 0.999703 0.000000 0.000000 0.000000 0.000000 1.000000
0.999730 -0.020250 -0.011364 0.000000 0.020200 0.999786 -0.004466 14.289700 0.011452 0.004235 0.999925 -0.000000 0.000000 0.000000 0.000000 1.000000
0.999910 -0.012808 0.004039 -0.000000 0.012832 0.999899 -0.006057 14.289700 -0.003961 0.006108 0.999974 -0.000000 0.000000 0.000000 0.000000 1.000000</float_array>
        <technique_common>
          <accessor source="#mixamorig_Spine1-Matrix-animation-output-transform-array" count="31" stride="16">
            <param type="float4x4"/>
          </accessor>
        </technique_common>
      </source>
      <source id="mixamorig_Spine1-Interpolations">
        <Name_array id="mixamorig_Spine1-Interpolations-array" count="31">
 LINEAR LINEAR LINEAR LINEAR LINEAR LINEAR LINEAR LINEAR LINEAR LINEAR LINEAR
LINEAR LINEAR LINEAR LINEAR LINEAR LINEAR LINEAR LINEAR LINEAR LINEAR LINEAR LINEAR
LINEAR LINEAR LINEAR LINEAR LINEAR LINEAR LINEAR LINEAR</Name_array>
        <technique_common>
          <accessor source="#mixamorig_Spine1-Interpolations-array" count="31">
            <param type="name"/>
          </accessor>
        </technique_common>
      </source>
      <sampler id="mixamorig_Spine1-Matrix-animation-transform">
        <input semantic="INPUT" source="#mixamorig_Spine1-Matrix-animation-input"/>
        <input semantic="OUTPUT" source="#mixamorig_Spine1-Matrix-animation-output-transform"/>
        <input semantic="INTERPOLATION" source="#mixamorig_Spine1-Interpolations"/>
      </sampler>
      <channel source="#mixamorig_Spine1-Matrix-animation-transform" target="mixamorig_Spine1/matrix"/>
    </animation>
    <animation id="mixamorig_Spine2-anim" name="mixamorig_Spine2">
      <source id="mixamorig_Spine2-Matrix-animation-input">
        <float_array id="mixamorig_Spine2-Matrix-animation-input-array" count="31">

0.000000 0.033333 0.066667 0.100000 0.133333 0.166667 0.200000 0.233333 0.266667 0.300000 0.333333 0.366667 0.400000 0.433333 0.466667 0.500000
0.533333 0.566667 0.600000 0.633333 0.666667 0.700000 0.733333 0.766667 0.800000 0.833333 0.866667 0.900000 0.933333 0.966667 1.000000</float_array>
        <technique_common>
          <accessor source="#mixamorig_Spine2-Matrix-animation-input-array" count="31">
            <param name="TIME" type="float"/>
          </accessor>
        </technique_common>
      </source>
      <source id="mixamorig_Spine2-Matrix-animation-output-transform">
        <float_array id="mixamorig_Spine2-Matrix-animation-output-transform-array" count="496">

0.999889 -0.008439 0.012249 -0.000000 0.008522 0.999941 -0.006719 16.330999 -0.012191 0.006823 0.999902 0.000000 0.000000 0.000000 0.000000 1.000000
0.999719 -0.002078 0.023602 0.000000 0.002254 0.999970 -0.007433 16.330999 -0.023586 0.007484 0.999694 0.000000 0.000000 0.000000 0.000000 1.000000
0.999440 0.001460 0.033435 -0.000000 -0.001078 0.999934 -0.011446 16.330999 -0.033450 0.011403 0.999375 0.000000 0.000000 0.000000 0.000000 1.000000
0.999152 0.003283 0.041035 -0.000000 -0.002735 0.999907 -0.013390 16.330999 -0.041075 0.013266 0.999068 -0.000000 0.000000 0.000000 0.000000 1.000000
0.998843 0.006394 0.047656 0.000000 -0.005633 0.999854 -0.016101 16.330999 -0.047752 0.015814 0.998734 0.000000 0.000000 0.000000 0.000000 1.000000
0.998415 0.010701 0.055259 -0.000000 -0.009798 0.999814 -0.016582 16.330999 -0.055426 0.016015 0.998334 0.000000 0.000000 0.000000 0.000000 1.000000
0.997815 0.015369 0.064256 -0.000000 -0.014342 0.999762 -0.016421 16.330999 -0.064494 0.015464 0.997798 0.000000 0.000000 0.000000 0.000000 1.000000
0.997152 0.019166 0.072942 0.000000 -0.018086 0.999717 -0.015439 16.330999 -0.073217 0.014075 0.997217 -0.000000 0.000000 0.000000 0.000000 1.000000
0.996618 0.022393 0.079067 0.000000 -0.021410 0.999683 -0.013262 16.330999 -0.079339 0.011524 0.996781 0.000000 0.000000 0.000000 0.000000 1.000000
0.996374 0.026331 0.080908 0.000000 -0.026023 0.999650 -0.004853 16.330999 -0.081007 0.002729 0.996710 0.000000 0.000000 0.000000 0.000000 1.000000
0.996475 0.032747 0.077241 -0.000000 -0.033321 0.999426 0.006159 16.330999 -0.076995 -0.008711 0.996993 0.000000 0.000000 0.000000 0.000000 1.000000
0.997035 0.035656 0.068194 -0.000000 -0.036297 0.999308 0.008187 16.330999 -0.067855 -0.010638 0.997638 0.000000 0.000000 0.000000 0.000000 1.000000
0.997864 0.032570 0.056625 0.000000 -0.032858 0.999451 0.004155 16.330999 -0.056459 -0.006007 0.998387 0.000000 0.000000 0.000000 0.000000 1.000000
0.998619 0.027892 0.044515 0.000000 -0.027933 0.999610 0.000289 16.330999 -0.044489 -0.001532 0.999009 0.000000 0.000000 0.000000 0.000000 1.000000
0.999354 0.019045 0.030461 0.000000 -0.018945 0.999814 -0.003573 16.330999 -0.030524 0.002994 0.999530 0.000000 0.000000 0.000000 0.000000 1.000000
0.999852 0.010798 0.013394 -0.000000 -0.010743 0.999934 -0.004172 16.330999 -0.013438 0.004027 0.999902 0.000000 0.000000 0.000000 0.000000 1.000000
0.999966 0.006926 -0.004379 -0.000000 -0.006949 0.999962 -0.005195 16.330999 0.004343 0.005225 0.999977 -0.000000 0.000000 0.000000 0.000000 1.000000
0.999808 0.006482 -0.018512 -0.000000 -0.006616 0.999952 -0.007221 16.330999 0.018465 0.007342 0.999803 0.000000 0.000000 0.000000 0.000000 1.000000
0.999603 0.007140 -0.027249 -0.000000 -0.007383 0.999934 -0.008829 16.330999 0.027184 0.009027 0.999590 0.000000 0.000000 0.000000 0.000000 1.000000
0.999448 0.005247 -0.032794 0.000000 -0.005643 0.999912 -0.011981 16.330999 0.032728 0.012160 0.999390 0.000000 0.000000 0.000000 0.000000 1.000000
0.999243 0.003087 -0.038768 0.000000 -0.003683 0.999876 -0.015308 16.330999 0.038716 0.015439 0.999131 0.000000 0.000000 0.000000 0.000000 1.000000
0.998912 -0.000881 -0.046617 0.000000 0.000096 0.999858 -0.016836 16.330999 0.046625 0.016813 0.998771 -0.000000 0.000000 0.000000 0.000000 1.000000
0.998477 -0.005026 -0.054939 0.000000 0.004185 0.999872 -0.015412 16.330999 0.055009 0.015159 0.998371 -0.000000 0.000000 0.000000 0.000000 1.000000
0.998129 -0.009634 -0.060376 0.000000 0.009038 0.999908 -0.010139 16.330999 0.060468 0.009575 0.998124 0.000000 0.000000 0.000000 0.000000 1.000000
0.998113 -0.013995 -0.059786 0.000000 0.014066 0.999901 0.000765 16.330999 0.059770 -0.001605 0.998211 0.000000 0.000000 0.000000 0.000000 1.000000
0.998378 -0.020513 -0.053112 -0.000000 0.021054 0.999732 0.009637 16.330999 0.052900 -0.010740 0.998542 0.000000 0.000000 0.000000 0.000000 1.000000
0.998662 -0.027562 -0.043757 0.000000 0.028030 0.999556 0.010121 16.330999 0.043459 -0.011334 0.998991 0.000000 0.000000 0.000000 0.000000 1.000000
0.998978 -0.029237 -0.034475 0.000000 0.029462 0.999548 0.006022 16.330999 0.034283 -0.007032 0.999387 -0.000000 0.000000 0.000000 0.000000 1.000000
0.999353 -0.026471 -0.024340 0.000000 0.026498 0.999649 0.000770 16.330999 0.024311 -0.001414 0.999703 0.000000 0.000000 0.000000 0.000000 1.000000
0.999730 -0.020250 -0.011364 -0.000000 0.020200 0.999786 -0.004466 16.330999 0.011452 0.004235 0.999925 0.000000 0.000000 0.000000 0.000000 1.000000
0.999910 -0.012808 0.004039 0.000000 0.012832 0.999899 -0.006057 16.330999 -0.003961 0.006108 0.999974 0.000000 0.000000 0.000000 0.000000 1.000000</float_array>
        <technique_common>
          <accessor source="#mixamorig_Spine2-Matrix-animation-output-transform-array" count="31" stride="16">
            <param type="float4x4"/>
          </accessor>
        </technique_common>
      </source>
      <source id="mixamorig_Spine2-Interpolations">
        <Name_array id="mixamorig_Spine2-Interpolations-array" count="31">
 LINEAR LINEAR LINEAR LINEAR LINEAR LINEAR LINEAR LINEAR LINEAR LINEAR LINEAR
LINEAR LINEAR LINEAR LINEAR LINEAR LINEAR LINEAR LINEAR LINEAR LINEAR LINEAR LINEAR
LINEAR LINEAR LINEAR LINEAR LINEAR LINEAR LINEAR LINEAR</Name_array>
        <technique_common>
          <accessor source="#mixamorig_Spine2-Interpolations-array" count="31">
            <param type="name"/>
          </accessor>
        </technique_common>
      </source>
      <sampler id="mixamorig_Spine2-Matrix-animation-transform">
        <input semantic="INPUT" source="#mixamorig_Spine2-Matrix-animation-input"/>
        <input semantic="OUTPUT" source="#mixamorig_Spine2-Matrix-animation-output-transform"/>
        <input semantic="INTERPOLATION" source="#mixamorig_Spine2-Interpolations"/>
      </sampler>
      <channel source="#mixamorig_Spine2-Matrix-animation-transform" target="mixamorig_Spine2/matrix"/>
    </animation>
    <animation id="mixamorig_Neck-anim" name="mixamorig_Neck">
      <source id="mixamorig_Neck-Matrix-animation-input">
        <float_array id="mixamorig_Neck-Matrix-animation-input-array" count="31">

0.000000 0.033333 0.066667 0.100000 0.133333 0.166667 0.200000 0.233333 0.266667 0.300000 0.333333 0.366667 0.400000 0.433333 0.466667 0.500000
0.533333 0.566667 0.600000 0.633333 0.666667 0.700000 0.733333 0.766667 0.800000 0.833333 0.866667 0.900000 0.933333 0.966667 1.000000</float_array>
        <technique_common>
          <accessor source="#mixamorig_Neck-Matrix-animation-input-array" count="31">
            <param name="TIME" type="float"/>
          </accessor>
        </technique_common>
      </source>
      <source id="mixamorig_Neck-Matrix-animation-output-transform">
        <float_array id="mixamorig_Neck-Matrix-animation-output-transform-array" count="496">

0.999746 0.021083 -0.007959 0.000000 -0.020927 0.999596 0.019227 18.372400 0.008361 -0.019055 0.999783 0.000000 0.000000 0.000000 0.000000 1.000000
0.999910 0.007971 -0.010797 0.000000 -0.007868 0.999924 0.009477 18.372400 0.010872 -0.009391 0.999897 0.000000 0.000000 0.000000 0.000000 1.000000
0.999844 -0.009425 -0.014949 0.000000 0.009554 0.999917 0.008594 18.372400 0.014866 -0.008735 0.999851 0.000000 0.000000 0.000000 0.000000 1.000000
0.999615 -0.021555 -0.017455 0.000000 0.021408 0.999734 -0.008555 18.372400 0.017635 0.008178 0.999811 0.000000 0.000000 0.000000 0.000000 1.000000
0.999125 -0.036407 -0.020577 0.000000 0.036042 0.999191 -0.017846 18.372400 0.021210 0.017089 0.999629 -0.000000 0.000000 0.000000 0.000000 1.000000
0.998170 -0.055005 -0.025131 0.000000 0.054332 0.998165 -0.026719 18.372400 0.026554 0.025304 0.999327 -0.000000 0.000000 0.000000 0.000000 1.000000
0.996724 -0.074692 -0.031030 0.000000 0.073903 0.996930 -0.025854 18.372400 0.032866 0.023476 0.999184 0.000000 0.000000 0.000000 0.000000 1.000000
0.995597 -0.086576 -0.035945 -0.000000 0.086193 0.996205 -0.012079 18.372400 0.036854 0.008928 0.999281 0.000000 0.000000 0.000000 0.000000 1.000000
0.995657 -0.085263 -0.037373 0.000000 0.085799 0.996228 0.012982 18.372400 0.036125 -0.016132 0.999217 0.000000 0.000000 0.000000 0.000000 1.000000
0.996298 -0.078678 -0.034651 0.000000 0.079019 0.996836 0.008571 18.372400 0.033867 -0.011277 0.999363 0.000000 0.000000 0.000000 0.000000 1.000000
0.996321 -0.079792 -0.031282 0.000000 0.079568 0.996795 -0.008337 18.372400 0.031847 0.005817 0.999476 -0.000000 0.000000 0.000000 0.000000 1.000000
0.997421 -0.067082 -0.025507 -0.000000 0.067166 0.997739 0.002440 18.372400 0.025286 -0.004147 0.999672 0.000000 0.000000 0.000000 0.000000 1.000000
0.998900 -0.043816 -0.016723 0.000000 0.043896 0.999026 0.004407 18.372400 0.016513 -0.005136 0.999850 0.000000 0.000000 0.000000 0.000000 1.000000
0.999370 -0.033856 -0.010665 0.000000 0.033750 0.999381 -0.009972 18.372400 0.010996 0.009606 0.999893 0.000000 0.000000 0.000000 0.000000 1.000000
0.999820 -0.018636 -0.003588 -0.000000 0.018574 0.999689 -0.016653 18.372400 0.003897 0.016584 0.999855 -0.000000 0.000000 0.000000 0.000000 1.000000
0.999952 -0.009636 0.001868 -0.000000 0.009694 0.999365 -0.034297 18.372400 -0.001536 0.034313 0.999410 0.000000 0.000000 0.000000 0.000000 1.000000
0.999948 -0.008576 0.005471 0.000000 0.008792 0.999130 -0.040756 18.372400 -0.005117 0.040802 0.999154 0.000000 0.000000 0.000000 0.000000 1.000000
0.999943 -0.005964 0.008870 -0.000000 0.006274 0.999358 -0.035286 18.372400 -0.008654 0.035340 0.999338 -0.000000 0.000000 0.000000 0.000000 1.000000
0.999930 0.000212 0.011805 0.000000 0.000225 0.999315 -0.036997 18.372400 -0.011804 0.036997 0.999246 -0.000000 0.000000 0.000000 0.000000 1.000000
0.999771 0.015156 0.015112 0.000000 -0.014625 0.999291 -0.034684 18.372400 -0.015627 0.034455 0.999284 0.000000 0.000000 0.000000 0.000000 1.000000
0.999564 0.024469 0.016502 0.000000 -0.023925 0.999189 -0.032384 18.372400 -0.017281 0.031975 0.999339 0.000000 0.000000 0.000000 0.000000 1.000000
0.999085 0.038274 0.019065 0.000000 -0.037911 0.999099 -0.019057 18.372400 -0.019777 0.018317 0.999637 0.000000 0.000000 0.000000 0.000000 1.000000
0.998571 0.048821 0.021724 -0.000000 -0.048897 0.998799 0.002984 18.372400 -0.021552 -0.004042 0.999760 0.000000 0.000000 0.000000 0.000000 1.000000
0.998203 0.055150 0.023423 0.000000 -0.055657 0.998217 0.021561 18.372400 -0.022192 -0.022826 0.999493 -0.000000 0.000000 0.000000 0.000000 1.000000
0.998474 0.051012 0.021147 0.000000 -0.051386 0.998525 0.017542 18.372400 -0.020221 -0.018602 0.999622 0.000000 0.000000 0.000000 0.000000 1.000000
0.998855 0.044509 0.017548 0.000000 -0.044866 0.998783 0.020499 18.372400 -0.016615 -0.021263 0.999636 0.000000 0.000000 0.000000 0.000000 1.000000
0.999170 0.038456 0.013413 0.000000 -0.038971 0.998418 0.040528 18.372400 -0.011833 -0.041017 0.999088 0.000000 0.000000 0.000000 0.000000 1.000000
0.999712 0.023078 0.006565 0.000000 -0.023395 0.998311 0.053169 18.372400 -0.005327 -0.053307 0.998564 -0.000000 0.000000 0.000000 0.000000 1.000000
0.999907 0.013618 0.000698 0.000000 -0.013635 0.998693 0.049262 18.372400 -0.000027 -0.049267 0.998786 -0.000000 0.000000 0.000000 0.000000 1.000000
0.999940 0.010189 -0.003903 0.000000 -0.010001 0.998917 0.045447 18.372400 0.004362 -0.045406 0.998959 0.000000 0.000000 0.000000 0.000000 1.000000
0.999842 0.016499 -0.006556 0.000000 -0.016312 0.999483 0.027704 18.372400 0.007010 -0.027593 0.999595 0.000000 0.000000 0.000000 0.000000 1.000000</float_array>
        <technique_common>
          <accessor source="#mixamorig_Neck-Matrix-animation-output-transform-array" count="31" stride="16">
            <param type="float4x4"/>
          </accessor>
        </technique_common>
      </source>
      <source id="mixamorig_Neck-Interpolations">
