<?xml version="1.0" encoding="utf-8"?>
<COLLADA xmlns="http://www.collada.org/2005/11/COLLADASchema" version="1.4.1">
  <asset>
    <contributor>
      <author>Mixamo</author>
      <authoring_tool>COLLADA Mixamo exporter</authoring_tool>
      <comments/>
    </contributor>
    <created>2024-04-05T10:44:49Z</created>
    <modified>2024-04-05T10:44:49Z</modified>
    <revision/>
    <title/>
    <unit meter="0.010000"/>
    <up_axis>Y_UP</up_axis>
  </asset>
  <library_animations>
    <animation id="Armature-anim" name="Armature">
      <source id="Armature-Matrix-animation-input">
        <float_array id="Armature-Matrix-animation-input-array" count="34">

0.000000 0.033333 0.066667 0.100000 0.133333 0.166667 0.200000 0.233333 0.266667 0.300000 0.333333 0.366667 0.400000 0.433333 0.466667 0.500000
0.533333 0.566667 0.600000 0.633333 0.666667 0.700000 0.733333 0.766667 0.800000 0.833333 0.866667 0.900000 0.933333 0.966667 1.000000 1.033333
1.066667 1.100000</float_array>
        <technique_common>
          <accessor source="#Armature-Matrix-animation-input-array" count="34">
            <param name="TIME" type="float"/>
          </accessor>
        </technique_common>
      </source>
      <source id="Armature-Matrix-animation-output-transform">
        <float_array id="Armature-Matrix-animation-output-transform-array" count="544">

1.000000 0.000000 0.000000 0.000000 0.000000 1.000000 0.000000 0.000000 0.000000 0.000000 1.000000 0.000000 0.000000 0.000000 0.000000 1.000000
1.000000 0.000000 0.000000 0.000000 0.000000 1.000000 0.000000 0.000000 0.000000 0.000000 1.000000 0.000000 0.000000 0.000000 0.000000 1.000000
1.000000 0.000000 0.000000 0.000000 0.000000 1.000000 0.000000 0.000000 0.000000 0.000000 1.000000 0.000000 0.000000 0.000000 0.000000 1.000000
1.000000 0.000000 0.000000 0.000000 0.000000 1.000000 0.000000 0.000000 0.000000 0.000000 1.000000 0.000000 0.000000 0.000000 0.000000 1.000000
1.000000 0.000000 0.000000 0.000000 0.000000 1.000000 0.000000 0.000000 0.000000 0.000000 1.000000 0.000000 0.000000 0.000000 0.000000 1.000000
1.000000 0.000000 0.000000 0.000000 0.000000 1.000000 0.000000 0.000000 0.000000 0.000000 1.000000 0.000000 0.000000 0.000000 0.000000 1.000000
1.000000 0.000000 0.000000 0.000000 0.000000 1.000000 0.000000 0.000000 0.000000 0.000000 1.000000 0.000000 0.000000 0.000000 0.000000 1.000000
1.000000 0.000000 0.000000 0.000000 0.000000 1.000000 0.000000 0.000000 0.000000 0.000000 1.000000 0.000000 0.000000 0.000000 0.000000 1.000000
1.000000 0.000000 0.000000 0.000000 0.000000 1.000000 0.000000 0.000000 0.000000 0.000000 1.000000 0.000000 0.000000 0.000000 0.000000 1.000000
1.000000 0.000000 0.000000 0.000000 0.000000 1.000000 0.000000 0.000000 0.000000 0.000000 1.000000 0.000000 0.000000 0.000000 0.000000 1.000000
1.000000 0.000000 0.000000 0.000000 0.000000 1.000000 0.000000 0.000000 0.000000 0.000000 1.000000 0.000000 0.000000 0.000000 0.000000 1.000000
1.000000 0.000000 0.000000 0.000000 0.000000 1.000000 0.000000 0.000000 0.000000 0.000000 1.000000 0.000000 0.000000 0.000000 0.000000 1.000000
1.000000 0.000000 0.000000 0.000000 0.000000 1.000000 0.000000 0.000000 0.000000 0.000000 1.000000 0.000000 0.000000 0.000000 0.000000 1.000000
1.000000 0.000000 0.000000 0.000000 0.000000 1.000000 0.000000 0.000000 0.000000 0.000000 1.000000 0.000000 0.000000 0.000000 0.000000 1.000000
1.000000 0.000000 0.000000 0.000000 0.000000 1.000000 0.000000 0.000000 0.000000 0.000000 1.000000 0.000000 0.000000 0.000000 0.000000 1.000000
1.000000 0.000000 0.000000 0.000000 0.000000 1.000000 0.000000 0.000000 0.000000 0.000000 1.000000 0.000000 0.000000 0.000000 0.000000 1.000000
1.000000 0.000000 0.000000 0.000000 0.000000 1.000000 0.000000 0.000000 0.000000 0.000000 1.000000 0.000000 0.000000 0.000000 0.000000 1.000000
1.000000 0.000000 0.000000 0.000000 0.000000 1.000000 0.000000 0.000000 0.000000 0.000000 1.000000 0.000000 0.000000 0.000000 0.000000 1.000000
1.000000 0.000000 0.000000 0.000000 0.000000 1.000000 0.000000 0.000000 0.000000 0.000000 1.000000 0.000000 0.000000 0.000000 0.000000 1.000000
1.000000 0.000000 0.000000 0.000000 0.000000 1.000000 0.000000 0.000000 0.000000 0.000000 1.000000 0.000000 0.000000 0.000000 0.000000 1.000000
1.000000 0.000000 0.000000 0.000000 0.000000 1.000000 0.000000 0.000000 0.000000 0.000000 1.000000 0.000000 0.000000 0.000000 0.000000 1.000000
1.000000 0.000000 0.000000 0.000000 0.000000 1.000000 0.000000 0.000000 0.000000 0.000000 1.000000 0.000000 0.000000 0.000000 0.000000 1.000000
1.000000 0.000000 0.000000 0.000000 0.000000 1.000000 0.000000 0.000000 0.000000 0.000000 1.000000 0.000000 0.000000 0.000000 0.000000 1.000000
1.000000 0.000000 0.000000 0.000000 0.000000 1.000000 0.000000 0.000000 0.000000 0.000000 1.000000 0.000000 0.000000 0.000000 0.000000 1.000000
1.000000 0.000000 0.000000 0.000000 0.000000 1.000000 0.000000 0.000000 0.000000 0.000000 1.000000 0.000000 0.000000 0.000000 0.000000 1.000000
1.000000 0.000000 0.000000 0.000000 0.000000 1.000000 0.000000 0.000000 0.000000 0.000000 1.000000 0.000000 0.000000 0.000000 0.000000 1.000000
1.000000 0.000000 0.000000 0.000000 0.000000 1.000000 0.000000 0.000000 0.000000 0.000000 1.000000 0.000000 0.000000 0.000000 0.000000 1.000000
1.000000 0.000000 0.000000 0.000000 0.000000 1.000000 0.000000 0.000000 0.000000 0.000000 1.000000 0.000000 0.000000 0.000000 0.000000 1.000000
1.000000 0.000000 0.000000 0.000000 0.000000 1.000000 0.000000 0.000000 0.000000 0.000000 1.000000 0.000000 0.000000 0.000000 0.000000 1.000000
1.000000 0.000000 0.000000 0.000000 0.000000 1.000000 0.000000 0.000000 0.000000 0.000000 1.000000 0.000000 0.000000 0.000000 0.000000 1.000000
1.000000 0.000000 0.000000 0.000000 0.000000 1.000000 0.000000 0.000000 0.000000 0.000000 1.000000 0.000000 0.000000 0.000000 0.000000 1.000000
1.000000 0.000000 0.000000 0.000000 0.000000 1.000000 0.000000 0.000000 0.000000 0.000000 1.000000 0.000000 0.000000 0.000000 0.000000 1.000000
1.000000 0.000000 0.000000 0.000000 0.000000 1.000000 0.000000 0.000000 0.000000 0.000000 1.000000 0.000000 0.000000 0.000000 0.000000 1.000000
1.000000 0.000000 0.000000 0.000000 0.000000 1.000000 0.000000 0.000000 0.000000 0.000000 1.000000 0.000000 0.000000 0.000000 0.000000 1.000000</float_array>
        <technique_common>
          <accessor source="#Armature-Matrix-animation-output-transform-array" count="34" stride="16">
            <param type="float4x4"/>
          </accessor>
        </technique_common>
      </source>
      <source id="Armature-Interpolations">
        <Name_array id="Armature-Interpolations-array" count="34">
 LINEAR LINEAR LINEAR LINEAR LINEAR LINEAR LINEAR LINEAR LINEAR LINEAR LINEAR
LINEAR LINEAR LINEAR LINEAR LINEAR LINEAR LINEAR LINEAR LINEAR LINEAR LINEAR LINEAR
LINEAR LINEAR LINEAR LINEAR LINEAR LINEAR LINEAR LINEAR LINEAR LINEAR LINEAR</Name_array>
        <technique_common>
          <accessor source="#Armature-Interpolations-array" count="34">
            <param type="name"/>
          </accessor>
        </technique_common>
      </source>
      <sampler id="Armature-Matrix-animation-transform">
        <input semantic="INPUT" source="#Armature-Matrix-animation-input"/>
        <input semantic="OUTPUT" source="#Armature-Matrix-animation-output-transform"/>
        <input semantic="INTERPOLATION" source="#Armature-Interpolations"/>
      </sampler>
      <channel source="#Armature-Matrix-animation-transform" target="Armature/matrix"/>
    </animation>
    <animation id="mixamorig_Hips-anim" name="mixamorig_Hips">
      <source id="mixamorig_Hips-Matrix-animation-input">
        <float_array id="mixamorig_Hips-Matrix-animation-input-array" count="34">

0.000000 0.033333 0.066667 0.100000 0.133333 0.166667 0.200000 0.233333 0.266667 0.300000 0.333333 0.366667 0.400000 0.433333 0.466667 0.500000
0.533333 0.566667 0.600000 0.633333 0.666667 0.700000 0.733333 0.766667 0.800000 0.833333 0.866667 0.900000 0.933333 0.966667 1.000000 1.033333
1.066667 1.100000</float_array>
        <technique_common>
          <accessor source="#mixamorig_Hips-Matrix-animation-input-array" count="34">
            <param name="TIME" type="float"/>
          </accessor>
        </technique_common>
      </source>
      <source id="mixamorig_Hips-Matrix-animation-output-transform">
        <float_array id="mixamorig_Hips-Matrix-animation-output-transform-array" count="544">

0.989428 0.029755 -0.141942 0.218970 -0.029656 0.999556 0.002813 98.619568 0.141963 0.001426 0.989871 -2.243451 0.000000 0.000000 0.000000 1.000000
0.988041 0.000857 -0.154191 0.369847 -0.000610 0.999998 0.001649 99.454536 0.154192 -0.001535 0.988040 2.274901 0.000000 0.000000 0.000000 1.000000
0.985747 -0.025008 -0.166367 0.545450 0.025273 0.999680 -0.000520 100.169891 0.166327 -0.003692 0.986064 6.743168 0.000000 0.000000 0.000000 1.000000
0.983074 -0.043007 -0.178091 0.738979 0.042939 0.999069 -0.004233 100.528885 0.178107 -0.003485 0.984005 11.193153 0.000000 0.000000 0.000000 1.000000
0.980785 -0.050154 -0.188536 0.955498 0.049244 0.998741 -0.009510 100.357773 0.188776 0.000043 0.982020 15.674795 0.000000 0.000000 0.000000 1.000000
0.979315 -0.047868 -0.196598 1.202571 0.045674 0.998833 -0.015679 99.662842 0.197119 0.006376 0.980359 20.231340 0.000000 0.000000 0.000000 1.000000
0.978398 -0.041580 -0.202505 1.447597 0.038051 0.999049 -0.021291 98.690872 0.203198 0.013125 0.979050 24.855787 0.000000 0.000000 0.000000 1.000000
0.976932 -0.038363 -0.210075 1.753228 0.034160 0.999138 -0.023603 97.712570 0.210799 0.015883 0.977400 29.521904 0.000000 0.000000 0.000000 1.000000
0.973264 -0.043383 -0.225555 2.208943 0.040028 0.999010 -0.019426 96.884056 0.226174 0.009879 0.974037 34.218067 0.000000 0.000000 0.000000 1.000000
0.965712 -0.056332 -0.253431 2.837769 0.055884 0.998397 -0.008972 96.251518 0.253530 -0.005498 0.967312 38.943993 0.000000 0.000000 0.000000 1.000000
0.953448 -0.071410 -0.292982 3.587354 0.075405 0.997150 0.002348 95.816437 0.291979 -0.024331 0.956115 43.708275 0.000000 0.000000 0.000000 1.000000
0.938129 -0.081891 -0.336464 4.270467 0.090194 0.995883 0.009094 95.709671 0.334334 -0.038878 0.941653 48.454338 0.000000 0.000000 0.000000 1.000000
0.925613 -0.082781 -0.369308 4.754683 0.093556 0.995550 0.011329 95.997139 0.366727 -0.045037 0.929238 53.153946 0.000000 0.000000 0.000000 1.000000
0.922398 -0.075348 -0.378820 4.981329 0.086471 0.996177 0.012410 96.543617 0.376437 -0.044204 0.925387 57.688728 0.000000 0.000000 0.000000 1.000000
0.928763 -0.062116 -0.365434 4.996157 0.072264 0.997285 0.014145 97.283424 0.363563 -0.039545 0.930730 62.152561 0.000000 0.000000 0.000000 1.000000
0.939289 -0.044795 -0.340191 4.925546 0.053411 0.998444 0.015999 98.225960 0.338945 -0.033197 0.940220 66.657852 0.000000 0.000000 0.000000 1.000000
0.948920 -0.027258 -0.314336 4.837839 0.034129 0.999283 0.016374 99.164787 0.313665 -0.026266 0.949171 71.133972 0.000000 0.000000 0.000000 1.000000
0.955836 -0.012791 -0.293621 4.729780 0.017527 0.999755 0.013506 99.906761 0.293377 -0.018056 0.955826 75.556587 0.000000 0.000000 0.000000 1.000000
0.960526 -0.003095 -0.278173 4.570247 0.005075 0.999967 0.006396 100.312370 0.278144 -0.007555 0.960510 79.894890 0.000000 0.000000 0.000000 1.000000
0.964297 0.001716 -0.264817 4.356745 -0.002945 0.999987 -0.004242 100.318382 0.264806 0.004871 0.964289 84.130806 0.000000 0.000000 0.000000 1.000000
0.968158 0.002434 -0.250329 4.105028 -0.006780 0.999841 -0.016503 99.961220 0.250249 0.017675 0.968020 88.259521 0.000000 0.000000 0.000000 1.000000
0.972246 0.001254 -0.233957 3.802016 -0.008049 0.999573 -0.028094 99.363068 0.233822 0.029198 0.971841 92.366264 0.000000 0.000000 0.000000 1.000000
0.976274 0.000723 -0.216540 3.448185 -0.008808 0.999300 -0.036372 98.667725 0.216362 0.037416 0.975596 96.593925 0.000000 0.000000 0.000000 1.000000
0.980079 0.002503 -0.198594 3.022093 -0.010493 0.999177 -0.039192 97.904121 0.198333 0.040495 0.979298 101.205742 0.000000 0.000000 0.000000 1.000000
0.983522 0.006483 -0.180673 2.536371 -0.013352 0.999232 -0.036827 97.067596 0.180296 0.038632 0.982853 106.241859 0.000000 0.000000 0.000000 1.000000
0.986344 0.011127 -0.164319 2.046057 -0.016590 0.999353 -0.031911 96.270172 0.163858 0.034201 0.985891 111.410530 0.000000 0.000000 0.000000 1.000000
0.988288 0.015047 -0.151859 1.639097 -0.019346 0.999452 -0.026868 95.699654 0.151372 0.029491 0.988037 116.274445 0.000000 0.000000 0.000000 1.000000
0.989299 0.018357 -0.144741 1.356254 -0.021802 0.999515 -0.022254 95.521919 0.144262 0.025171 0.989219 120.701790 0.000000 0.000000 0.000000 1.000000
0.989648 0.020856 -0.141995 1.153277 -0.023596 0.999566 -0.017634 95.699226 0.141565 0.020802 0.989710 124.827271 0.000000 0.000000 0.000000 1.000000
0.989720 0.023452 -0.141079 0.970272 -0.025520 0.999591 -0.012870 96.017868 0.140720 0.016338 0.989915 128.757111 0.000000 0.000000 0.000000 1.000000
0.989745 0.025893 -0.140482 0.781486 -0.027337 0.999591 -0.008358 96.451721 0.140208 0.012112 0.990048 132.605118 0.000000 0.000000 0.000000 1.000000
0.989710 0.028120 -0.140299 0.591916 -0.029017 0.999569 -0.004350 97.014351 0.140116 0.008376 0.990100 136.313812 0.000000 0.000000 0.000000 1.000000
0.989598 0.029224 -0.140863 0.402804 -0.029623 0.999561 -0.000734 97.772774 0.140780 0.004899 0.990029 140.004028 0.000000 0.000000 0.000000 1.000000
0.989440 0.029755 -0.141858 0.218156 -0.029656 0.999556 0.002813 98.619545 0.141879 0.001424 0.989883 143.678040 0.000000 0.000000 0.000000 1.000000</float_array>
        <technique_common>
          <accessor source="#mixamorig_Hips-Matrix-animation-output-transform-array" count="34" stride="16">
            <param type="float4x4"/>
          </accessor>
        </technique_common>
      </source>
      <source id="mixamorig_Hips-Interpolations">
        <Name_array id="mixamorig_Hips-Interpolations-array" count="34">
 LINEAR LINEAR LINEAR LINEAR LINEAR LINEAR LINEAR LINEAR LINEAR LINEAR LINEAR
LINEAR LINEAR LINEAR LINEAR LINEAR LINEAR LINEAR LINEAR LINEAR LINEAR LINEAR LINEAR
LINEAR LINEAR LINEAR LINEAR LINEAR LINEAR LINEAR LINEAR LINEAR LINEAR LINEAR</Name_array>
        <technique_common>
          <accessor source="#mixamorig_Hips-Interpolations-array" count="34">
            <param type="name"/>
          </accessor>
        </technique_common>
      </source>
      <sampler id="mixamorig_Hips-Matrix-animation-transform">
        <input semantic="INPUT" source="#mixamorig_Hips-Matrix-animation-input"/>
        <input semantic="OUTPUT" source="#mixamorig_Hips-Matrix-animation-output-transform"/>
        <input semantic="INTERPOLATION" source="#mixamorig_Hips-Interpolations"/>
      </sampler>
      <channel source="#mixamorig_Hips-Matrix-animation-transform" target="mixamorig_Hips/matrix"/>
    </animation>
    <animation id="mixamorig_Spine-anim" name="mixamorig_Spine">
      <source id="mixamorig_Spine-Matrix-animation-input">
        <float_array id="mixamorig_Spine-Matrix-animation-input-array" count="34">

0.000000 0.033333 0.066667 0.100000 0.133333 0.166667 0.200000 0.233333 0.266667 0.300000 0.333333 0.366667 0.400000 0.433333 0.466667 0.500000
0.533333 0.566667 0.600000 0.633333 0.666667 0.700000 0.733333 0.766667 0.800000 0.833333 0.866667 0.900000 0.933333 0.966667 1.000000 1.033333
1.066667 1.100000</float_array>
        <technique_common>
          <accessor source="#mixamorig_Spine-Matrix-animation-input-array" count="34">
            <param name="TIME" type="float"/>
          </accessor>
        </technique_common>
      </source>
      <source id="mixamorig_Spine-Matrix-animation-output-transform">
        <float_array id="mixamorig_Spine-Matrix-animation-output-transform-array" count="544">

0.999781 -0.020917 0.000172 0.000000 0.020904 0.998802 -0.044246 12.246100 0.000754 0.044240 0.999021 0.234600 0.000000 0.000000 0.000000 1.000000
0.999917 -0.012420 0.003288 -0.000000 0.012545 0.999071 -0.041219 12.246100 -0.002773 0.041257 0.999145 0.234600 0.000000 0.000000 0.000000 1.000000
0.999971 -0.004458 0.006255 0.000000 0.004694 0.999256 -0.038290 12.246100 -0.006079 0.038318 0.999247 0.234600 0.000000 0.000000 0.000000 1.000000
0.999961 0.001658 0.008730 0.000000 -0.001350 0.999379 -0.035219 12.246100 -0.008783 0.035206 0.999341 0.234600 0.000000 0.000000 0.000000 1.000000
0.999936 0.004756 0.010217 0.000000 -0.004428 0.999480 -0.031939 12.246100 -0.010364 0.031892 0.999438 0.234600 0.000000 0.000000 0.000000 1.000000
0.999935 0.005038 0.010221 -0.000000 -0.004740 0.999568 -0.029022 12.246100 -0.010363 0.028971 0.999527 0.234600 0.000000 0.000000 0.000000 1.000000
0.999953 0.004347 0.008704 -0.000000 -0.004105 0.999611 -0.027580 12.246100 -0.008821 0.027543 0.999582 0.234600 0.000000 0.000000 0.000000 1.000000
0.999965 0.004826 0.006852 0.000000 -0.004630 0.999586 -0.028414 12.246100 -0.006986 0.028381 0.999573 0.234600 0.000000 0.000000 0.000000 1.000000
0.999953 0.007183 0.006458 0.000000 -0.006977 0.999483 -0.031382 12.246100 -0.006680 0.031335 0.999487 0.234600 0.000000 0.000000 0.000000 1.000000
0.999907 0.010605 0.008544 0.000000 -0.010296 0.999318 -0.035470 12.246100 -0.008915 0.035379 0.999334 0.234600 0.000000 0.000000 0.000000 1.000000
0.999824 0.014010 0.012481 0.000000 -0.013510 0.999137 -0.039280 12.246100 -0.013020 0.039105 0.999150 0.234600 0.000000 0.000000 0.000000 1.000000
0.999723 0.016660 0.016635 0.000000 -0.015953 0.998999 -0.041798 12.246100 -0.017314 0.041521 0.998988 0.234600 0.000000 0.000000 0.000000 1.000000
0.999683 0.016412 0.019104 -0.000000 -0.015581 0.998961 -0.042817 12.246100 -0.019787 0.042506 0.998900 0.234600 0.000000 0.000000 0.000000 1.000000
0.999737 0.014073 0.018104 0.000000 -0.013293 0.999008 -0.042506 12.246100 -0.018684 0.042254 0.998932 0.234600 0.000000 0.000000 0.000000 1.000000
0.999857 0.010074 0.013557 0.000000 -0.009507 0.999104 -0.041241 12.246100 -0.013961 0.041106 0.999057 0.234600 0.000000 0.000000 0.000000 1.000000
0.999968 0.003862 0.007022 0.000000 -0.003581 0.999211 -0.039565 12.246100 -0.007169 0.039539 0.999192 0.234600 0.000000 0.000000 0.000000 1.000000
0.999996 -0.002758 0.000302 0.000000 0.002767 0.999281 -0.037817 12.246100 -0.000197 0.037817 0.999285 0.234600 0.000000 0.000000 0.000000 1.000000
0.999947 -0.008735 -0.005364 0.000000 0.008536 0.999315 -0.036011 12.246100 0.005675 0.035964 0.999337 0.234600 0.000000 0.000000 0.000000 1.000000
0.999861 -0.013788 -0.009392 -0.000000 0.013461 0.999331 -0.034018 12.246100 0.009854 0.033887 0.999377 0.234600 0.000000 0.000000 0.000000 1.000000
0.999779 -0.017443 -0.011731 -0.000000 0.017063 0.999349 -0.031784 12.246100 0.012278 0.031577 0.999426 0.234600 0.000000 0.000000 0.000000 1.000000
0.999733 -0.019073 -0.013041 0.000000 0.018683 0.999392 -0.029434 12.246100 0.013594 0.029182 0.999482 0.234600 0.000000 0.000000 0.000000 1.000000
0.999715 -0.019332 -0.014012 0.000000 0.018945 0.999449 -0.027255 12.246100 0.014532 0.026982 0.999530 0.234600 0.000000 0.000000 0.000000 1.000000
0.999701 -0.019250 -0.015065 0.000000 0.018860 0.999494 -0.025623 12.246100 0.015550 0.025331 0.999558 0.234600 0.000000 0.000000 0.000000 1.000000
0.999672 -0.019598 -0.016476 -0.000000 0.019183 0.999504 -0.024977 12.246100 0.016957 0.024653 0.999552 0.234600 0.000000 0.000000 0.000000 1.000000
0.999626 -0.020578 -0.017995 0.000000 0.020114 0.999470 -0.025592 12.246100 0.018512 0.025221 0.999510 0.234600 0.000000 0.000000 0.000000 1.000000
0.999585 -0.021667 -0.018977 -0.000000 0.021145 0.999404 -0.027268 12.246100 0.019557 0.026855 0.999448 0.234600 0.000000 0.000000 0.000000 1.000000
0.999576 -0.022227 -0.018814 0.000000 0.021667 0.999332 -0.029430 12.246100 0.019455 0.029010 0.999390 0.234600 0.000000 0.000000 0.000000 1.000000
0.999595 -0.022577 -0.017308 0.000000 0.022022 0.999257 -0.031645 12.246100 0.018010 0.031251 0.999349 0.234600 0.000000 0.000000 0.000000 1.000000
0.999637 -0.022411 -0.014934 0.000000 0.021896 0.999190 -0.033771 12.246100 0.015679 0.033432 0.999318 0.234600 0.000000 0.000000 0.000000 1.000000
0.999671 -0.022497 -0.012333 0.000000 0.022042 0.999112 -0.035899 12.246100 0.013130 0.035615 0.999279 0.234600 0.000000 0.000000 0.000000 1.000000
0.999699 -0.022577 -0.009552 0.000000 0.022199 0.999030 -0.038039 12.246100 0.010401 0.037816 0.999231 0.234600 0.000000 0.000000 0.000000 1.000000
0.999722 -0.022692 -0.006389 0.000000 0.022417 0.998941 -0.040169 12.246100 0.007294 0.040014 0.999172 0.234600 0.000000 0.000000 0.000000 1.000000
0.999754 -0.021978 -0.003021 -0.000000 0.021830 0.998869 -0.042228 12.246100 0.003946 0.042151 0.999103 0.234600 0.000000 0.000000 0.000000 1.000000
0.999781 -0.020917 0.000172 -0.000000 0.020904 0.998802 -0.044246 12.246100 0.000754 0.044240 0.999021 0.234600 0.000000 0.000000 0.000000 1.000000</float_array>
        <technique_common>
          <accessor source="#mixamorig_Spine-Matrix-animation-output-transform-array" count="34" stride="16">
            <param type="float4x4"/>
          </accessor>
        </technique_common>
      </source>
      <source id="mixamorig_Spine-Interpolations">
        <Name_array id="mixamorig_Spine-Interpolations-array" count="34">
 LINEAR LINEAR LINEAR LINEAR LINEAR LINEAR LINEAR LINEAR LINEAR LINEAR LINEAR
LINEAR LINEAR LINEAR LINEAR LINEAR LINEAR LINEAR LINEAR LINEAR LINEAR LINEAR LINEAR
LINEAR LINEAR LINEAR LINEAR LINEAR LINEAR LINEAR LINEAR LINEAR LINEAR LINEAR</Name_array>
        <technique_common>
          <accessor source="#mixamorig_Spine-Interpolations-array" count="34">
            <param type="name"/>
          </accessor>
        </technique_common>
      </source>
      <sampler id="mixamorig_Spine-Matrix-animation-transform">
        <input semantic="INPUT" source="#mixamorig_Spine-Matrix-animation-input"/>
        <input semantic="OUTPUT" source="#mixamorig_Spine-Matrix-animation-output-transform"/>
        <input semantic="INTERPOLATION" source="#mixamorig_Spine-Interpolations"/>
      </sampler>
      <channel source="#mixamorig_Spine-Matrix-animation-transform" target="mixamorig_Spine/matrix"/>
    </animation>
    <animation id="mixamorig_Spine1-anim" name="mixamorig_Spine1">
      <source id="mixamorig_Spine1-Matrix-animation-input">
        <float_array id="mixamorig_Spine1-Matrix-animation-input-array" count="34">

0.000000 0.033333 0.066667 0.100000 0.133333 0.166667 0.200000 0.233333 0.266667 0.300000 0.333333 0.366667 0.400000 0.433333 0.466667 0.500000
0.533333 0.566667 0.600000 0.633333 0.666667 0.700000 0.733333 0.766667 0.800000 0.833333 0.866667 0.900000 0.933333 0.966667 1.000000 1.033333
1.066667 1.100000</float_array>
        <technique_common>
          <accessor source="#mixamorig_Spine1-Matrix-animation-input-array" count="34">
            <param name="TIME" type="float"/>
          </accessor>
        </technique_common>
      </source>
      <source id="mixamorig_Spine1-Matrix-animation-output-transform">
        <float_array id="mixamorig_Spine1-Matrix-animation-output-transform-array" count="544">

0.999539 -0.030314 0.001719 0.000000 0.030362 0.998303 -0.049701 14.289700 -0.000210 0.049730 0.998763 0.000000 0.000000 0.000000 0.000000 1.000000
0.999873 -0.014399 0.006842 0.000000 0.014684 0.998936 -0.043712 14.289700 -0.006205 0.043807 0.999021 0.000000 0.000000 0.000000 0.000000 1.000000
0.999932 -0.000296 0.011678 -0.000000 0.000739 0.999279 -0.037970 14.289700 -0.011658 0.037976 0.999211 0.000000 0.000000 0.000000 0.000000 1.000000
0.999827 0.009558 0.015983 0.000000 -0.009044 0.999448 -0.031968 14.289700 -0.016280 0.031818 0.999361 0.000000 0.000000 0.000000 0.000000 1.000000
0.999732 0.013598 0.018742 -0.000000 -0.013118 0.999588 -0.025510 14.289700 -0.019081 0.025258 0.999499 0.000000 0.000000 0.000000 0.000000 1.000000
0.999742 0.013059 0.018583 -0.000000 -0.012693 0.999725 -0.019706 14.289700 -0.018835 0.019466 0.999633 -0.000000 0.000000 0.000000 0.000000 1.000000
0.999814 0.011447 0.015550 0.000000 -0.011185 0.999796 -0.016809 14.289700 -0.015739 0.016632 0.999738 0.000000 0.000000 0.000000 0.000000 1.000000
0.999853 0.012099 0.012131 -0.000000 -0.011873 0.999759 -0.018476 14.289700 -0.012351 0.018329 0.999756 0.000000 0.000000 0.000000 0.000000 1.000000
0.999803 0.016145 0.011538 0.000000 -0.015859 0.999575 -0.024446 14.289700 -0.011928 0.024258 0.999635 -0.000000 0.000000 0.000000 0.000000 1.000000
0.999636 0.022227 0.015295 0.000000 -0.021717 0.999229 -0.032693 14.289700 -0.016010 0.032349 0.999348 0.000000 0.000000 0.000000 0.000000 1.000000
0.999363 0.027637 0.022579 0.000000 -0.026708 0.998825 -0.040430 14.289700 -0.023670 0.039801 0.998927 0.000000 0.000000 0.000000 0.000000 1.000000
0.999082 0.029916 0.030666 0.000000 -0.028500 0.998553 -0.045614 14.289700 -0.031986 0.044698 0.998488 0.000000 0.000000 0.000000 0.000000 1.000000
0.998988 0.027620 0.035504 0.000000 -0.025912 0.998526 -0.047700 14.289700 -0.036769 0.046732 0.998231 0.000000 0.000000 0.000000 0.000000 1.000000
0.999226 0.020415 0.033635 0.000000 -0.018820 0.998714 -0.047073 14.289700 -0.034553 0.046403 0.998325 0.000000 0.000000 0.000000 0.000000 1.000000
0.999642 0.009543 0.025005 0.000000 -0.008422 0.998972 -0.044551 14.289700 -0.025404 0.044324 0.998694 0.000000 0.000000 0.000000 0.000000 1.000000
0.999915 -0.002624 0.012739 -0.000000 0.003147 0.999146 -0.041191 14.289700 -0.012620 0.041227 0.999070 -0.000000 0.000000 0.000000 0.000000 1.000000
0.999900 -0.014158 0.000169 0.000000 0.014154 0.999189 -0.037695 14.289700 0.000364 0.037693 0.999289 -0.000000 0.000000 0.000000 0.000000 1.000000
0.999656 -0.023992 -0.010576 0.000000 0.023619 0.999140 -0.034091 14.289700 0.011384 0.033830 0.999363 0.000000 0.000000 0.000000 0.000000 1.000000
0.999339 -0.031350 -0.018401 -0.000000 0.030788 0.999074 -0.030066 14.289700 0.019326 0.029480 0.999379 0.000000 0.000000 0.000000 0.000000 1.000000
0.999090 -0.035689 -0.023336 -0.000000 0.035092 0.999058 -0.025511 14.289700 0.024224 0.024669 0.999402 0.000000 0.000000 0.000000 0.000000 1.000000
0.998960 -0.037160 -0.026414 0.000000 0.036618 0.999114 -0.020749 14.289700 0.027161 0.019760 0.999436 0.000000 0.000000 0.000000 0.000000 1.000000
0.998905 -0.036845 -0.028839 0.000000 0.036384 0.999204 -0.016364 14.289700 0.029419 0.015297 0.999450 0.000000 0.000000 0.000000 0.000000 1.000000
0.998845 -0.036345 -0.031415 -0.000000 0.035949 0.999268 -0.013099 14.289700 0.031868 0.011954 0.999421 0.000000 0.000000 0.000000 0.000000 1.000000
0.998720 -0.036984 -0.034515 0.000000 0.036595 0.999260 -0.011834 14.289700 0.034928 0.010556 0.999334 0.000000 0.000000 0.000000 0.000000 1.000000
0.998528 -0.038969 -0.037728 -0.000000 0.038499 0.999173 -0.013109 14.289700 0.038207 0.011638 0.999202 0.000000 0.000000 0.000000 0.000000 1.000000
0.998368 -0.041154 -0.039586 -0.000000 0.040527 0.999042 -0.016496 14.289700 0.040227 0.014865 0.999080 -0.000000 0.000000 0.000000 0.000000 1.000000
0.998367 -0.042071 -0.038642 0.000000 0.041289 0.998931 -0.020805 14.289700 0.039476 0.019176 0.999037 0.000000 0.000000 0.000000 0.000000 1.000000
0.998534 -0.041343 -0.034938 0.000000 0.040478 0.998865 -0.025109 14.289700 0.035937 0.023658 0.999074 0.000000 0.000000 0.000000 0.000000 1.000000
0.998775 -0.039634 -0.029616 0.000000 0.038770 0.998821 -0.029226 14.289700 0.030740 0.028042 0.999134 0.000000 0.000000 0.000000 0.000000 1.000000
0.999014 -0.037623 -0.023572 0.000000 0.036827 0.998766 -0.033310 14.289700 0.024797 0.032409 0.999167 0.000000 0.000000 0.000000 0.000000 1.000000
0.999220 -0.035583 -0.017154 0.000000 0.034921 0.998689 -0.037435 14.289700 0.018464 0.036806 0.999152 -0.000000 0.000000 0.000000 0.000000 1.000000
0.999379 -0.033614 -0.010606 0.000000 0.033147 0.998586 -0.041559 14.289700 0.011988 0.041182 0.999080 0.000000 0.000000 0.000000 0.000000 1.000000
0.999484 -0.031828 -0.004238 0.000000 0.031602 0.998458 -0.045647 14.289700 0.005684 0.045489 0.998949 0.000000 0.000000 0.000000 0.000000 1.000000
0.999539 -0.030315 0.001719 0.000000 0.030363 0.998302 -0.049702 14.289700 -0.000210 0.049731 0.998763 0.000000 0.000000 0.000000 0.000000 1.000000</float_array>
        <technique_common>
          <accessor source="#mixamorig_Spine1-Matrix-animation-output-transform-array" count="34" stride="16">
            <param type="float4x4"/>
          </accessor>
        </technique_common>
      </source>
      <source id="mixamorig_Spine1-Interpolations">
        <Name_array id="mixamorig_Spine1-Interpolations-array" count="34">
 LINEAR LINEAR LINEAR LINEAR LINEAR LINEAR LINEAR LINEAR LINEAR LINEAR LINEAR
LINEAR LINEAR LINEAR LINEAR LINEAR LINEAR LINEAR LINEAR LINEAR LINEAR LINEAR LINEAR
LINEAR LINEAR LINEAR LINEAR LINEAR LINEAR LINEAR LINEAR LINEAR LINEAR LINEAR</Name_array>
        <technique_common>
          <accessor source="#mixamorig_Spine1-Interpolations-array" count="34">
            <param type="name"/>
          </accessor>
        </technique_common>
      </source>
      <sampler id="mixamorig_Spine1-Matrix-animation-transform">
        <input semantic="INPUT" source="#mixamorig_Spine1-Matrix-animation-input"/>
        <input semantic="OUTPUT" source="#mixamorig_Spine1-Matrix-animation-output-transform"/>
        <input semantic="INTERPOLATION" source="#mixamorig_Spine1-Interpolations"/>
      </sampler>
      <channel source="#mixamorig_Spine1-Matrix-animation-transform" target="mixamorig_Spine1/matrix"/>
    </animation>
    <animation id="mixamorig_Spine2-anim" name="mixamorig_Spine2">
      <source id="mixamorig_Spine2-Matrix-animation-input">
        <float_array id="mixamorig_Spine2-Matrix-animation-input-array" count="34">

0.000000 0.033333 0.066667 0.100000 0.133333 0.166667 0.200000 0.233333 0.266667 0.300000 0.333333 0.366667 0.400000 0.433333 0.466667 0.500000
0.533333 0.566667 0.600000 0.633333 0.666667 0.700000 0.733333 0.766667 0.800000 0.833333 0.866667 0.900000 0.933333 0.966667 1.000000 1.033333
1.066667 1.100000</float_array>
        <technique_common>
          <accessor source="#mixamorig_Spine2-Matrix-animation-input-array" count="34">
            <param name="TIME" type="float"/>
          </accessor>
        </technique_common>
      </source>
      <source id="mixamorig_Spine2-Matrix-animation-output-transform">
        <float_array id="mixamorig_Spine2-Matrix-animation-output-transform-array" count="544">

0.999539 -0.030314 0.001719 0.000000 0.030362 0.998303 -0.049701 16.330999 -0.000210 0.049730 0.998763 0.000000 0.000000 0.000000 0.000000 1.000000
0.999873 -0.014399 0.006842 -0.000000 0.014684 0.998936 -0.043712 16.330999 -0.006205 0.043807 0.999021 0.000000 0.000000 0.000000 0.000000 1.000000
0.999932 -0.000296 0.011678 -0.000000 0.000739 0.999279 -0.037970 16.330999 -0.011658 0.037976 0.999211 0.000000 0.000000 0.000000 0.000000 1.000000
0.999827 0.009558 0.015983 0.000000 -0.009044 0.999448 -0.031968 16.330999 -0.016280 0.031818 0.999361 0.000000 0.000000 0.000000 0.000000 1.000000
0.999732 0.013598 0.018742 -0.000000 -0.013118 0.999588 -0.025510 16.330999 -0.019081 0.025258 0.999499 0.000000 0.000000 0.000000 0.000000 1.000000
0.999742 0.013059 0.018583 -0.000000 -0.012693 0.999725 -0.019706 16.330999 -0.018835 0.019466 0.999633 0.000000 0.000000 0.000000 0.000000 1.000000
0.999814 0.011447 0.015550 0.000000 -0.011185 0.999796 -0.016809 16.330999 -0.015739 0.016632 0.999738 0.000000 0.000000 0.000000 0.000000 1.000000
0.999853 0.012099 0.012131 0.000000 -0.011873 0.999759 -0.018476 16.330999 -0.012351 0.018329 0.999756 0.000000 0.000000 0.000000 0.000000 1.000000
0.999803 0.016145 0.011538 0.000000 -0.015859 0.999575 -0.024446 16.330999 -0.011928 0.024258 0.999635 -0.000000 0.000000 0.000000 0.000000 1.000000
0.999636 0.022227 0.015295 0.000000 -0.021717 0.999229 -0.032693 16.330999 -0.016010 0.032349 0.999348 0.000000 0.000000 0.000000 0.000000 1.000000
0.999363 0.027637 0.022580 0.000000 -0.026708 0.998825 -0.040430 16.330999 -0.023670 0.039801 0.998927 0.000000 0.000000 0.000000 0.000000 1.000000
0.999082 0.029916 0.030666 -0.000000 -0.028500 0.998553 -0.045614 16.330999 -0.031986 0.044698 0.998488 0.000000 0.000000 0.000000 0.000000 1.000000
0.998988 0.027620 0.035504 -0.000000 -0.025912 0.998526 -0.047700 16.330999 -0.036769 0.046732 0.998231 0.000000 0.000000 0.000000 0.000000 1.000000
0.999226 0.020415 0.033635 -0.000000 -0.018820 0.998714 -0.047073 16.330999 -0.034553 0.046403 0.998325 0.000000 0.000000 0.000000 0.000000 1.000000
0.999642 0.009543 0.025005 0.000000 -0.008422 0.998972 -0.044551 16.330999 -0.025404 0.044324 0.998694 -0.000000 0.000000 0.000000 0.000000 1.000000
0.999915 -0.002624 0.012739 0.000000 0.003147 0.999146 -0.041191 16.330999 -0.012620 0.041227 0.999070 0.000000 0.000000 0.000000 0.000000 1.000000
0.999900 -0.014158 0.000169 0.000000 0.014154 0.999189 -0.037695 16.330999 0.000364 0.037693 0.999289 0.000000 0.000000 0.000000 0.000000 1.000000
0.999656 -0.023992 -0.010576 0.000000 0.023619 0.999140 -0.034091 16.330999 0.011384 0.033830 0.999363 -0.000000 0.000000 0.000000 0.000000 1.000000
0.999339 -0.031350 -0.018401 0.000000 0.030788 0.999074 -0.030066 16.330999 0.019326 0.029480 0.999379 0.000000 0.000000 0.000000 0.000000 1.000000
0.999090 -0.035689 -0.023336 0.000000 0.035092 0.999058 -0.025511 16.330999 0.024224 0.024669 0.999402 0.000000 0.000000 0.000000 0.000000 1.000000
0.998960 -0.037160 -0.026414 0.000000 0.036618 0.999114 -0.020749 16.330999 0.027161 0.019760 0.999436 0.000000 0.000000 0.000000 0.000000 1.000000
0.998905 -0.036845 -0.028839 0.000000 0.036384 0.999204 -0.016364 16.330999 0.029419 0.015297 0.999450 0.000000 0.000000 0.000000 0.000000 1.000000
0.998845 -0.036345 -0.031415 -0.000000 0.035949 0.999268 -0.013099 16.330999 0.031869 0.011954 0.999421 -0.000000 0.000000 0.000000 0.000000 1.000000
0.998720 -0.036984 -0.034515 0.000000 0.036595 0.999260 -0.011834 16.330999 0.034927 0.010556 0.999334 0.000000 0.000000 0.000000 0.000000 1.000000
0.998528 -0.038969 -0.037728 0.000000 0.038499 0.999173 -0.013109 16.330999 0.038207 0.011638 0.999202 0.000000 0.000000 0.000000 0.000000 1.000000
0.998368 -0.041154 -0.039586 0.000000 0.040527 0.999042 -0.016496 16.330999 0.040227 0.014865 0.999080 -0.000000 0.000000 0.000000 0.000000 1.000000
0.998367 -0.042071 -0.038642 0.000000 0.041289 0.998931 -0.020805 16.330999 0.039476 0.019176 0.999037 -0.000000 0.000000 0.000000 0.000000 1.000000
0.998534 -0.041343 -0.034938 -0.000000 0.040478 0.998865 -0.025109 16.330999 0.035937 0.023658 0.999074 -0.000000 0.000000 0.000000 0.000000 1.000000
0.998775 -0.039634 -0.029616 -0.000000 0.038770 0.998821 -0.029226 16.330999 0.030740 0.028042 0.999134 0.000000 0.000000 0.000000 0.000000 1.000000
0.999014 -0.037623 -0.023572 0.000000 0.036827 0.998766 -0.033310 16.330999 0.024797 0.032409 0.999167 0.000000 0.000000 0.000000 0.000000 1.000000
0.999220 -0.035583 -0.017154 0.000000 0.034921 0.998689 -0.037435 16.330999 0.018464 0.036806 0.999152 -0.000000 0.000000 0.000000 0.000000 1.000000
0.999379 -0.033614 -0.010606 0.000000 0.033147 0.998586 -0.041559 16.330999 0.011988 0.041182 0.999080 0.000000 0.000000 0.000000 0.000000 1.000000
0.999484 -0.031828 -0.004238 0.000000 0.031602 0.998458 -0.045646 16.330999 0.005684 0.045489 0.998949 0.000000 0.000000 0.000000 0.000000 1.000000
0.999539 -0.030315 0.001719 0.000000 0.030363 0.998302 -0.049702 16.330999 -0.000210 0.049731 0.998763 0.000000 0.000000 0.000000 0.000000 1.000000</float_array>
        <technique_common>
          <accessor source="#mixamorig_Spine2-Matrix-animation-output-transform-array" count="34" stride="16">
            <param type="float4x4"/>
          </accessor>
        </technique_common>
      </source>
      <source id="mixamorig_Spine2-Interpolations">
        <Name_array id="mixamorig_Spine2-Interpolations-array" count="34">
 LINEAR LINEAR LINEAR LINEAR LINEAR LINEAR LINEAR LINEAR LINEAR LINEAR LINEAR
LINEAR LINEAR LINEAR LINEAR LINEAR LINEAR LINEAR LINEAR LINEAR LINEAR LINEAR LINEAR
LINEAR LINEAR LINEAR LINEAR LINEAR LINEAR LINEAR LINEAR LINEAR LINEAR LINEAR</Name_array>
        <technique_common>
          <accessor source="#mixamorig_Spine2-Interpolations-array" count="34">
            <param type="name"/>
          </accessor>
        </technique_common>
      </source>
      <sampler id="mixamorig_Spine2-Matrix-animation-transform">
        <input semantic="INPUT" source="#mixamorig_Spine2-Matrix-animation-input"/>
        <input semantic="OUTPUT" source="#mixamorig_Spine2-Matrix-animation-output-transform"/>
        <input semantic="INTERPOLATION" source="#mixamorig_Spine2-Interpolations"/>
      </sampler>
      <channel source="#mixamorig_Spine2-Matrix-animation-transform" target="mixamorig_Spine2/matrix"/>
    </animation>
    <animation id="mixamorig_Neck-anim" name="mixamorig_Neck">
      <source id="mixamorig_Neck-Matrix-animation-input">
        <float_array id="mixamorig_Neck-Matrix-animation-input-array" count="34">

0.000000 0.033333 0.066667 0.100000 0.133333 0.166667 0.200000 0.233333 0.266667 0.300000 0.333333 0.366667 0.400000 0.433333 0.466667 0.500000
0.533333 0.566667 0.600000 0.633333 0.666667 0.700000 0.733333 0.766667 0.800000 0.833333 0.866667 0.900000 0.933333 0.966667 1.000000 1.033333
1.066667 1.100000</float_array>
        <technique_common>
          <accessor source="#mixamorig_Neck-Matrix-animation-input-array" count="34">
            <param name="TIME" type="float"/>
          </accessor>
        </technique_common>
      </source>
      <source id="mixamorig_Neck-Matrix-animation-output-transform">
        <float_array id="mixamorig_Neck-Matrix-animation-output-transform-array" count="544">

0.999000 -0.026618 -0.035922 0.000000 0.025641 0.999297 -0.027367 18.372499 0.036625 0.026419 0.998980 0.000000 0.000000 0.000000 0.000000 1.000000
0.998955 -0.024842 -0.038366 -0.000000 0.022901 0.998475 -0.050229 18.372499 0.039556 0.049298 0.998001 0.000000 0.000000 0.000000 0.000000 1.000000
0.998736 -0.028295 -0.041538 -0.000000 0.025422 0.997353 -0.068126 18.372499 0.043355 0.066984 0.996812 -0.000000 0.000000 0.000000 0.000000 1.000000
0.998382 -0.035863 -0.044120 0.000000 0.032244 0.996260 -0.080168 18.372499 0.046830 0.078615 0.995804 0.000000 0.000000 0.000000 0.000000 1.000000
0.997999 -0.044514 -0.044906 0.000000 0.040510 0.995434 -0.086434 18.372499 0.048549 0.084442 0.995245 0.000000 0.000000 0.000000 0.000000 1.000000
0.997763 -0.050869 -0.043365 0.000000 0.046922 0.995048 -0.087622 18.372499 0.047608 0.085391 0.995209 0.000000 0.000000 0.000000 0.000000 1.000000
0.997804 -0.053413 -0.039179 0.000000 0.049953 0.995169 -0.084516 18.372499 0.043504 0.082374 0.995652 0.000000 0.000000 0.000000 0.000000 1.000000
0.998096 -0.052569 -0.032263 0.000000 0.049910 0.995678 -0.078318 18.372499 0.036240 0.076558 0.996406 0.000000 0.000000 0.000000 0.000000 1.000000
0.998527 -0.049117 -0.023072 0.000000 0.047354 0.996309 -0.071590 18.372499 0.026503 0.070392 0.997167 0.000000 0.000000 0.000000 0.000000 1.000000
0.998982 -0.043403 -0.012268 0.000000 0.042481 0.996822 -0.067393 18.372499 0.015154 0.066804 0.997651 0.000000 0.000000 0.000000 0.000000 1.000000
0.999359 -0.035798 -0.000442 0.000000 0.035688 0.997118 -0.066948 18.372499 0.002837 0.066889 0.997756 0.000000 0.000000 0.000000 0.000000 1.000000
0.999560 -0.027444 0.011250 -0.000000 0.028155 0.997226 -0.068901 18.372499 -0.009328 0.069187 0.997560 -0.000000 0.000000 0.000000 0.000000 1.000000
0.999576 -0.020137 0.021017 0.000000 0.021589 0.997219 -0.071333 18.372499 -0.019522 0.071757 0.997231 0.000000 0.000000 0.000000 0.000000 1.000000
0.999499 -0.015106 0.027825 0.000000 0.017128 0.997116 -0.073931 18.372499 -0.026628 0.074371 0.996875 0.000000 0.000000 0.000000 0.000000 1.000000
0.999405 -0.011922 0.032380 -0.000000 0.014423 0.996840 -0.078116 18.372499 -0.031346 0.078537 0.996418 0.000000 0.000000 0.000000 0.000000 1.000000
0.999307 -0.009254 0.036052 -0.000000 0.012299 0.996290 -0.085180 18.372499 -0.035130 0.085564 0.995713 0.000000 0.000000 0.000000 0.000000 1.000000
