<?xml version="1.0" encoding="utf-8"?>
<COLLADA xmlns="http://www.collada.org/2005/11/COLLADASchema" version="1.4.1">
  <asset>
    <contributor>
      <author>Mixamo</author>
      <authoring_tool>COLLADA Mixamo exporter</authoring_tool>
      <comments/>
    </contributor>
    <created>2024-04-05T10:46:17Z</created>
    <modified>2024-04-05T10:46:17Z</modified>
    <revision/>
    <title/>
    <unit meter="0.010000"/>
    <up_axis>Y_UP</up_axis>
  </asset>
  <library_animations>
    <animation id="Armature-anim" name="Armature">
      <source id="Armature-Matrix-animation-input">
        <float_array id="Armature-Matrix-animation-input-array" count="96">

0.000000 0.033333 0.066667 0.100000 0.133333 0.166667 0.200000 0.233333 0.266667 0.300000 0.333333 0.366667 0.400000 0.433333 0.466667 0.500000
0.533333 0.566667 0.600000 0.633333 0.666667 0.700000 0.733333 0.766667 0.800000 0.833333 0.866667 0.900000 0.933333 0.966667 1.000000 1.033333
1.066667 1.100000 1.133333 1.166667 1.200000 1.233333 1.266667 1.300000 1.333333 1.366667 1.400000 1.433333 1.466667 1.500000 1.533333 1.566667
1.600000 1.633333 1.666667 1.700000 1.733333 1.766667 1.800000 1.833333 1.866667 1.900000 1.933333 1.966667 2.000000 2.033333 2.066667 2.100000
2.133333 2.166667 2.200000 2.233333 2.266667 2.300000 2.333333 2.366667 2.400000 2.433333 2.466667 2.500000 2.533333 2.566667 2.600000 2.633333
2.666667 2.700000 2.733333 2.766667 2.800000 2.833333 2.866667 2.900000 2.933333 2.966667 3.000000 3.033333 3.066667 3.100000 3.133333 3.166667</float_array>
        <technique_common>
          <accessor source="#Armature-Matrix-animation-input-array" count="96">
            <param name="TIME" type="float"/>
          </accessor>
        </technique_common>
      </source>
      <source id="Armature-Matrix-animation-output-transform">
        <float_array id="Armature-Matrix-animation-output-transform-array" count="1536">

1.000000 0.000000 0.000000 0.000000 0.000000 1.000000 0.000000 0.000000 0.000000 0.000000 1.000000 0.000000 0.000000 0.000000 0.000000 1.000000
1.000000 0.000000 0.000000 0.000000 0.000000 1.000000 0.000000 0.000000 0.000000 0.000000 1.000000 0.000000 0.000000 0.000000 0.000000 1.000000
1.000000 0.000000 0.000000 0.000000 0.000000 1.000000 0.000000 0.000000 0.000000 0.000000 1.000000 0.000000 0.000000 0.000000 0.000000 1.000000
1.000000 0.000000 0.000000 0.000000 0.000000 1.000000 0.000000 0.000000 0.000000 0.000000 1.000000 0.000000 0.000000 0.000000 0.000000 1.000000
1.000000 0.000000 0.000000 0.000000 0.000000 1.000000 0.000000 0.000000 0.000000 0.000000 1.000000 0.000000 0.000000 0.000000 0.000000 1.000000
1.000000 0.000000 0.000000 0.000000 0.000000 1.000000 0.000000 0.000000 0.000000 0.000000 1.000000 0.000000 0.000000 0.000000 0.000000 1.000000
1.000000 0.000000 0.000000 0.000000 0.000000 1.000000 0.000000 0.000000 0.000000 0.000000 1.000000 0.000000 0.000000 0.000000 0.000000 1.000000
1.000000 0.000000 0.000000 0.000000 0.000000 1.000000 0.000000 0.000000 0.000000 0.000000 1.000000 0.000000 0.000000 0.000000 0.000000 1.000000
1.000000 0.000000 0.000000 0.000000 0.000000 1.000000 0.000000 0.000000 0.000000 0.000000 1.000000 0.000000 0.000000 0.000000 0.000000 1.000000
1.000000 0.000000 0.000000 0.000000 0.000000 1.000000 0.000000 0.000000 0.000000 0.000000 1.000000 0.000000 0.000000 0.000000 0.000000 1.000000
1.000000 0.000000 0.000000 0.000000 0.000000 1.000000 0.000000 0.000000 0.000000 0.000000 1.000000 0.000000 0.000000 0.000000 0.000000 1.000000
1.000000 0.000000 0.000000 0.000000 0.000000 1.000000 0.000000 0.000000 0.000000 0.000000 1.000000 0.000000 0.000000 0.000000 0.000000 1.000000
1.000000 0.000000 0.000000 0.000000 0.000000 1.000000 0.000000 0.000000 0.000000 0.000000 1.000000 0.000000 0.000000 0.000000 0.000000 1.000000
1.000000 0.000000 0.000000 0.000000 0.000000 1.000000 0.000000 0.000000 0.000000 0.000000 1.000000 0.000000 0.000000 0.000000 0.000000 1.000000
1.000000 0.000000 0.000000 0.000000 0.000000 1.000000 0.000000 0.000000 0.000000 0.000000 1.000000 0.000000 0.000000 0.000000 0.000000 1.000000
1.000000 0.000000 0.000000 0.000000 0.000000 1.000000 0.000000 0.000000 0.000000 0.000000 1.000000 0.000000 0.000000 0.000000 0.000000 1.000000
1.000000 0.000000 0.000000 0.000000 0.000000 1.000000 0.000000 0.000000 0.000000 0.000000 1.000000 0.000000 0.000000 0.000000 0.000000 1.000000
1.000000 0.000000 0.000000 0.000000 0.000000 1.000000 0.000000 0.000000 0.000000 0.000000 1.000000 0.000000 0.000000 0.000000 0.000000 1.000000
1.000000 0.000000 0.000000 0.000000 0.000000 1.000000 0.000000 0.000000 0.000000 0.000000 1.000000 0.000000 0.000000 0.000000 0.000000 1.000000
1.000000 0.000000 0.000000 0.000000 0.000000 1.000000 0.000000 0.000000 0.000000 0.000000 1.000000 0.000000 0.000000 0.000000 0.000000 1.000000
1.000000 0.000000 0.000000 0.000000 0.000000 1.000000 0.000000 0.000000 0.000000 0.000000 1.000000 0.000000 0.000000 0.000000 0.000000 1.000000
1.000000 0.000000 0.000000 0.000000 0.000000 1.000000 0.000000 0.000000 0.000000 0.000000 1.000000 0.000000 0.000000 0.000000 0.000000 1.000000
1.000000 0.000000 0.000000 0.000000 0.000000 1.000000 0.000000 0.000000 0.000000 0.000000 1.000000 0.000000 0.000000 0.000000 0.000000 1.000000
1.000000 0.000000 0.000000 0.000000 0.000000 1.000000 0.000000 0.000000 0.000000 0.000000 1.000000 0.000000 0.000000 0.000000 0.000000 1.000000
1.000000 0.000000 0.000000 0.000000 0.000000 1.000000 0.000000 0.000000 0.000000 0.000000 1.000000 0.000000 0.000000 0.000000 0.000000 1.000000
1.000000 0.000000 0.000000 0.000000 0.000000 1.000000 0.000000 0.000000 0.000000 0.000000 1.000000 0.000000 0.000000 0.000000 0.000000 1.000000
1.000000 0.000000 0.000000 0.000000 0.000000 1.000000 0.000000 0.000000 0.000000 0.000000 1.000000 0.000000 0.000000 0.000000 0.000000 1.000000
1.000000 0.000000 0.000000 0.000000 0.000000 1.000000 0.000000 0.000000 0.000000 0.000000 1.000000 0.000000 0.000000 0.000000 0.000000 1.000000
1.000000 0.000000 0.000000 0.000000 0.000000 1.000000 0.000000 0.000000 0.000000 0.000000 1.000000 0.000000 0.000000 0.000000 0.000000 1.000000
1.000000 0.000000 0.000000 0.000000 0.000000 1.000000 0.000000 0.000000 0.000000 0.000000 1.000000 0.000000 0.000000 0.000000 0.000000 1.000000
1.000000 0.000000 0.000000 0.000000 0.000000 1.000000 0.000000 0.000000 0.000000 0.000000 1.000000 0.000000 0.000000 0.000000 0.000000 1.000000
1.000000 0.000000 0.000000 0.000000 0.000000 1.000000 0.000000 0.000000 0.000000 0.000000 1.000000 0.000000 0.000000 0.000000 0.000000 1.000000
1.000000 0.000000 0.000000 0.000000 0.000000 1.000000 0.000000 0.000000 0.000000 0.000000 1.000000 0.000000 0.000000 0.000000 0.000000 1.000000
1.000000 0.000000 0.000000 0.000000 0.000000 1.000000 0.000000 0.000000 0.000000 0.000000 1.000000 0.000000 0.000000 0.000000 0.000000 1.000000
1.000000 0.000000 0.000000 0.000000 0.000000 1.000000 0.000000 0.000000 0.000000 0.000000 1.000000 0.000000 0.000000 0.000000 0.000000 1.000000
1.000000 0.000000 0.000000 0.000000 0.000000 1.000000 0.000000 0.000000 0.000000 0.000000 1.000000 0.000000 0.000000 0.000000 0.000000 1.000000
1.000000 0.000000 0.000000 0.000000 0.000000 1.000000 0.000000 0.000000 0.000000 0.000000 1.000000 0.000000 0.000000 0.000000 0.000000 1.000000
1.000000 0.000000 0.000000 0.000000 0.000000 1.000000 0.000000 0.000000 0.000000 0.000000 1.000000 0.000000 0.000000 0.000000 0.000000 1.000000
1.000000 0.000000 0.000000 0.000000 0.000000 1.000000 0.000000 0.000000 0.000000 0.000000 1.000000 0.000000 0.000000 0.000000 0.000000 1.000000
1.000000 0.000000 0.000000 0.000000 0.000000 1.000000 0.000000 0.000000 0.000000 0.000000 1.000000 0.000000 0.000000 0.000000 0.000000 1.000000
1.000000 0.000000 0.000000 0.000000 0.000000 1.000000 0.000000 0.000000 0.000000 0.000000 1.000000 0.000000 0.000000 0.000000 0.000000 1.000000
1.000000 0.000000 0.000000 0.000000 0.000000 1.000000 0.000000 0.000000 0.000000 0.000000 1.000000 0.000000 0.000000 0.000000 0.000000 1.000000
1.000000 0.000000 0.000000 0.000000 0.000000 1.000000 0.000000 0.000000 0.000000 0.000000 1.000000 0.000000 0.000000 0.000000 0.000000 1.000000
1.000000 0.000000 0.000000 0.000000 0.000000 1.000000 0.000000 0.000000 0.000000 0.000000 1.000000 0.000000 0.000000 0.000000 0.000000 1.000000
1.000000 0.000000 0.000000 0.000000 0.000000 1.000000 0.000000 0.000000 0.000000 0.000000 1.000000 0.000000 0.000000 0.000000 0.000000 1.000000
1.000000 0.000000 0.000000 0.000000 0.000000 1.000000 0.000000 0.000000 0.000000 0.000000 1.000000 0.000000 0.000000 0.000000 0.000000 1.000000
1.000000 0.000000 0.000000 0.000000 0.000000 1.000000 0.000000 0.000000 0.000000 0.000000 1.000000 0.000000 0.000000 0.000000 0.000000 1.000000
1.000000 0.000000 0.000000 0.000000 0.000000 1.000000 0.000000 0.000000 0.000000 0.000000 1.000000 0.000000 0.000000 0.000000 0.000000 1.000000
1.000000 0.000000 0.000000 0.000000 0.000000 1.000000 0.000000 0.000000 0.000000 0.000000 1.000000 0.000000 0.000000 0.000000 0.000000 1.000000
1.000000 0.000000 0.000000 0.000000 0.000000 1.000000 0.000000 0.000000 0.000000 0.000000 1.000000 0.000000 0.000000 0.000000 0.000000 1.000000
1.000000 0.000000 0.000000 0.000000 0.000000 1.000000 0.000000 0.000000 0.000000 0.000000 1.000000 0.000000 0.000000 0.000000 0.000000 1.000000
1.000000 0.000000 0.000000 0.000000 0.000000 1.000000 0.000000 0.000000 0.000000 0.000000 1.000000 0.000000 0.000000 0.000000 0.000000 1.000000
1.000000 0.000000 0.000000 0.000000 0.000000 1.000000 0.000000 0.000000 0.000000 0.000000 1.000000 0.000000 0.000000 0.000000 0.000000 1.000000
1.000000 0.000000 0.000000 0.000000 0.000000 1.000000 0.000000 0.000000 0.000000 0.000000 1.000000 0.000000 0.000000 0.000000 0.000000 1.000000
1.000000 0.000000 0.000000 0.000000 0.000000 1.000000 0.000000 0.000000 0.000000 0.000000 1.000000 0.000000 0.000000 0.000000 0.000000 1.000000
1.000000 0.000000 0.000000 0.000000 0.000000 1.000000 0.000000 0.000000 0.000000 0.000000 1.000000 0.000000 0.000000 0.000000 0.000000 1.000000
1.000000 0.000000 0.000000 0.000000 0.000000 1.000000 0.000000 0.000000 0.000000 0.000000 1.000000 0.000000 0.000000 0.000000 0.000000 1.000000
1.000000 0.000000 0.000000 0.000000 0.000000 1.000000 0.000000 0.000000 0.000000 0.000000 1.000000 0.000000 0.000000 0.000000 0.000000 1.000000
1.000000 0.000000 0.000000 0.000000 0.000000 1.000000 0.000000 0.000000 0.000000 0.000000 1.000000 0.000000 0.000000 0.000000 0.000000 1.000000
1.000000 0.000000 0.000000 0.000000 0.000000 1.000000 0.000000 0.000000 0.000000 0.000000 1.000000 0.000000 0.000000 0.000000 0.000000 1.000000
1.000000 0.000000 0.000000 0.000000 0.000000 1.000000 0.000000 0.000000 0.000000 0.000000 1.000000 0.000000 0.000000 0.000000 0.000000 1.000000
1.000000 0.000000 0.000000 0.000000 0.000000 1.000000 0.000000 0.000000 0.000000 0.000000 1.000000 0.000000 0.000000 0.000000 0.000000 1.000000
1.000000 0.000000 0.000000 0.000000 0.000000 1.000000 0.000000 0.000000 0.000000 0.000000 1.000000 0.000000 0.000000 0.000000 0.000000 1.000000
1.000000 0.000000 0.000000 0.000000 0.000000 1.000000 0.000000 0.000000 0.000000 0.000000 1.000000 0.000000 0.000000 0.000000 0.000000 1.000000
1.000000 0.000000 0.000000 0.000000 0.000000 1.000000 0.000000 0.000000 0.000000 0.000000 1.000000 0.000000 0.000000 0.000000 0.000000 1.000000
1.000000 0.000000 0.000000 0.000000 0.000000 1.000000 0.000000 0.000000 0.000000 0.000000 1.000000 0.000000 0.000000 0.000000 0.000000 1.000000
1.000000 0.000000 0.000000 0.000000 0.000000 1.000000 0.000000 0.000000 0.000000 0.000000 1.000000 0.000000 0.000000 0.000000 0.000000 1.000000
1.000000 0.000000 0.000000 0.000000 0.000000 1.000000 0.000000 0.000000 0.000000 0.000000 1.000000 0.000000 0.000000 0.000000 0.000000 1.000000
1.000000 0.000000 0.000000 0.000000 0.000000 1.000000 0.000000 0.000000 0.000000 0.000000 1.000000 0.000000 0.000000 0.000000 0.000000 1.000000
1.000000 0.000000 0.000000 0.000000 0.000000 1.000000 0.000000 0.000000 0.000000 0.000000 1.000000 0.000000 0.000000 0.000000 0.000000 1.000000
1.000000 0.000000 0.000000 0.000000 0.000000 1.000000 0.000000 0.000000 0.000000 0.000000 1.000000 0.000000 0.000000 0.000000 0.000000 1.000000
1.000000 0.000000 0.000000 0.000000 0.000000 1.000000 0.000000 0.000000 0.000000 0.000000 1.000000 0.000000 0.000000 0.000000 0.000000 1.000000
1.000000 0.000000 0.000000 0.000000 0.000000 1.000000 0.000000 0.000000 0.000000 0.000000 1.000000 0.000000 0.000000 0.000000 0.000000 1.000000
1.000000 0.000000 0.000000 0.000000 0.000000 1.000000 0.000000 0.000000 0.000000 0.000000 1.000000 0.000000 0.000000 0.000000 0.000000 1.000000
1.000000 0.000000 0.000000 0.000000 0.000000 1.000000 0.000000 0.000000 0.000000 0.000000 1.000000 0.000000 0.000000 0.000000 0.000000 1.000000
1.000000 0.000000 0.000000 0.000000 0.000000 1.000000 0.000000 0.000000 0.000000 0.000000 1.000000 0.000000 0.000000 0.000000 0.000000 1.000000
1.000000 0.000000 0.000000 0.000000 0.000000 1.000000 0.000000 0.000000 0.000000 0.000000 1.000000 0.000000 0.000000 0.000000 0.000000 1.000000
1.000000 0.000000 0.000000 0.000000 0.000000 1.000000 0.000000 0.000000 0.000000 0.000000 1.000000 0.000000 0.000000 0.000000 0.000000 1.000000
1.000000 0.000000 0.000000 0.000000 0.000000 1.000000 0.000000 0.000000 0.000000 0.000000 1.000000 0.000000 0.000000 0.000000 0.000000 1.000000
1.000000 0.000000 0.000000 0.000000 0.000000 1.000000 0.000000 0.000000 0.000000 0.000000 1.000000 0.000000 0.000000 0.000000 0.000000 1.000000
1.000000 0.000000 0.000000 0.000000 0.000000 1.000000 0.000000 0.000000 0.000000 0.000000 1.000000 0.000000 0.000000 0.000000 0.000000 1.000000
1.000000 0.000000 0.000000 0.000000 0.000000 1.000000 0.000000 0.000000 0.000000 0.000000 1.000000 0.000000 0.000000 0.000000 0.000000 1.000000
1.000000 0.000000 0.000000 0.000000 0.000000 1.000000 0.000000 0.000000 0.000000 0.000000 1.000000 0.000000 0.000000 0.000000 0.000000 1.000000
1.000000 0.000000 0.000000 0.000000 0.000000 1.000000 0.000000 0.000000 0.000000 0.000000 1.000000 0.000000 0.000000 0.000000 0.000000 1.000000
1.000000 0.000000 0.000000 0.000000 0.000000 1.000000 0.000000 0.000000 0.000000 0.000000 1.000000 0.000000 0.000000 0.000000 0.000000 1.000000
1.000000 0.000000 0.000000 0.000000 0.000000 1.000000 0.000000 0.000000 0.000000 0.000000 1.000000 0.000000 0.000000 0.000000 0.000000 1.000000
1.000000 0.000000 0.000000 0.000000 0.000000 1.000000 0.000000 0.000000 0.000000 0.000000 1.000000 0.000000 0.000000 0.000000 0.000000 1.000000
1.000000 0.000000 0.000000 0.000000 0.000000 1.000000 0.000000 0.000000 0.000000 0.000000 1.000000 0.000000 0.000000 0.000000 0.000000 1.000000
1.000000 0.000000 0.000000 0.000000 0.000000 1.000000 0.000000 0.000000 0.000000 0.000000 1.000000 0.000000 0.000000 0.000000 0.000000 1.000000
1.000000 0.000000 0.000000 0.000000 0.000000 1.000000 0.000000 0.000000 0.000000 0.000000 1.000000 0.000000 0.000000 0.000000 0.000000 1.000000
1.000000 0.000000 0.000000 0.000000 0.000000 1.000000 0.000000 0.000000 0.000000 0.000000 1.000000 0.000000 0.000000 0.000000 0.000000 1.000000
1.000000 0.000000 0.000000 0.000000 0.000000 1.000000 0.000000 0.000000 0.000000 0.000000 1.000000 0.000000 0.000000 0.000000 0.000000 1.000000
1.000000 0.000000 0.000000 0.000000 0.000000 1.000000 0.000000 0.000000 0.000000 0.000000 1.000000 0.000000 0.000000 0.000000 0.000000 1.000000
1.000000 0.000000 0.000000 0.000000 0.000000 1.000000 0.000000 0.000000 0.000000 0.000000 1.000000 0.000000 0.000000 0.000000 0.000000 1.000000
1.000000 0.000000 0.000000 0.000000 0.000000 1.000000 0.000000 0.000000 0.000000 0.000000 1.000000 0.000000 0.000000 0.000000 0.000000 1.000000
1.000000 0.000000 0.000000 0.000000 0.000000 1.000000 0.000000 0.000000 0.000000 0.000000 1.000000 0.000000 0.000000 0.000000 0.000000 1.000000</float_array>
        <technique_common>
          <accessor source="#Armature-Matrix-animation-output-transform-array" count="96" stride="16">
            <param type="float4x4"/>
          </accessor>
        </technique_common>
      </source>
      <source id="Armature-Interpolations">
        <Name_array id="Armature-Interpolations-array" count="96">
 LINEAR LINEAR LINEAR LINEAR LINEAR LINEAR LINEAR LINEAR LINEAR LINEAR LINEAR
LINEAR LINEAR LINEAR LINEAR LINEAR LINEAR LINEAR LINEAR LINEAR LINEAR LINEAR LINEAR
LINEAR LINEAR LINEAR LINEAR LINEAR LINEAR LINEAR LINEAR LINEAR LINEAR LINEAR LINEAR
LINEAR LINEAR LINEAR LINEAR LINEAR LINEAR LINEAR LINEAR LINEAR LINEAR LINEAR LINEAR
LINEAR LINEAR LINEAR LINEAR LINEAR LINEAR LINEAR LINEAR LINEAR LINEAR LINEAR LINEAR
LINEAR LINEAR LINEAR LINEAR LINEAR LINEAR LINEAR LINEAR LINEAR LINEAR LINEAR LINEAR
LINEAR LINEAR LINEAR LINEAR LINEAR LINEAR LINEAR LINEAR LINEAR LINEAR LINEAR LINEAR
LINEAR LINEAR LINEAR LINEAR LINEAR LINEAR LINEAR LINEAR LINEAR LINEAR LINEAR LINEAR
LINEAR</Name_array>
        <technique_common>
          <accessor source="#Armature-Interpolations-array" count="96">
            <param type="name"/>
          </accessor>
        </technique_common>
      </source>
      <sampler id="Armature-Matrix-animation-transform">
        <input semantic="INPUT" source="#Armature-Matrix-animation-input"/>
        <input semantic="OUTPUT" source="#Armature-Matrix-animation-output-transform"/>
        <input semantic="INTERPOLATION" source="#Armature-Interpolations"/>
      </sampler>
      <channel source="#Armature-Matrix-animation-transform" target="Armature/matrix"/>
    </animation>
    <animation id="mixamorig_Hips-anim" name="mixamorig_Hips">
      <source id="mixamorig_Hips-Matrix-animation-input">
        <float_array id="mixamorig_Hips-Matrix-animation-input-array" count="96">

0.000000 0.033333 0.066667 0.100000 0.133333 0.166667 0.200000 0.233333 0.266667 0.300000 0.333333 0.366667 0.400000 0.433333 0.466667 0.500000
0.533333 0.566667 0.600000 0.633333 0.666667 0.700000 0.733333 0.766667 0.800000 0.833333 0.866667 0.900000 0.933333 0.966667 1.000000 1.033333
1.066667 1.100000 1.133333 1.166667 1.200000 1.233333 1.266667 1.300000 1.333333 1.366667 1.400000 1.433333 1.466667 1.500000 1.533333 1.566667
1.600000 1.633333 1.666667 1.700000 1.733333 1.766667 1.800000 1.833333 1.866667 1.900000 1.933333 1.966667 2.000000 2.033333 2.066667 2.100000
2.133333 2.166667 2.200000 2.233333 2.266667 2.300000 2.333333 2.366667 2.400000 2.433333 2.466667 2.500000 2.533333 2.566667 2.600000 2.633333
2.666667 2.700000 2.733333 2.766667 2.800000 2.833333 2.866667 2.900000 2.933333 2.966667 3.000000 3.033333 3.066667 3.100000 3.133333 3.166667</float_array>
        <technique_common>
          <accessor source="#mixamorig_Hips-Matrix-animation-input-array" count="96">
            <param name="TIME" type="float"/>
          </accessor>
        </technique_common>
      </source>
      <source id="mixamorig_Hips-Matrix-animation-output-transform">
        <float_array id="mixamorig_Hips-Matrix-animation-output-transform-array" count="1536">

0.999963 0.007965 -0.003299 -8.398294 -0.008063 0.999484 -0.031088 102.752121 0.003050 0.031113 0.999511 4.662159 0.000000 0.000000 0.000000 1.000000
0.999958 0.008784 -0.002529 -8.391695 -0.008854 0.999538 -0.029067 102.695961 0.002273 0.029089 0.999574 4.727513 0.000000 0.000000 0.000000 1.000000
0.999950 0.009855 -0.001639 -8.391471 -0.009895 0.999598 -0.026558 102.629036 0.001377 0.026573 0.999646 4.803562 0.000000 0.000000 0.000000 1.000000
0.999939 0.010972 -0.000811 -8.398590 -0.010988 0.999660 -0.023654 102.552750 0.000551 0.023662 0.999720 4.892050 0.000000 0.000000 0.000000 1.000000
0.999929 0.011903 -0.000117 -8.414330 -0.011903 0.999722 -0.020342 102.465569 -0.000125 0.020342 0.999793 4.989467 0.000000 0.000000 0.000000 1.000000
0.999922 0.012468 0.000162 -8.440838 -0.012464 0.999792 -0.016148 102.357979 -0.000363 0.016144 0.999870 5.080472 0.000000 0.000000 0.000000 1.000000
0.999924 0.012346 -0.000282 -8.482965 -0.012349 0.999869 -0.010445 102.224434 0.000153 0.010448 0.999945 5.147562 0.000000 0.000000 0.000000 1.000000
0.999935 0.011313 -0.001337 -8.549737 -0.011318 0.999929 -0.003747 102.086205 0.001294 0.003762 0.999992 5.197929 0.000000 0.000000 0.000000 1.000000
0.999949 0.009862 -0.002204 -8.650451 -0.009859 0.999950 0.001682 101.991318 0.002220 -0.001660 0.999996 5.272497 0.000000 0.000000 0.000000 1.000000
0.999959 0.008900 -0.001700 -8.785063 -0.008894 0.999954 0.003502 101.982903 0.001731 -0.003486 0.999992 5.415315 0.000000 0.000000 0.000000 1.000000
0.999961 0.008766 0.000971 -8.945621 -0.008767 0.999961 0.001274 102.071350 -0.000960 -0.001283 0.999999 5.638660 0.000000 0.000000 0.000000 1.000000
0.999944 0.008916 0.005729 -9.126400 -0.008894 0.999953 -0.003822 102.234619 -0.005763 0.003771 0.999976 5.919721 0.000000 0.000000 0.000000 1.000000
0.999898 0.008607 0.011376 -9.326697 -0.008486 0.999908 -0.010617 102.438980 -0.011466 0.010519 0.999879 6.218914 0.000000 0.000000 0.000000 1.000000
0.999842 0.007636 0.016045 -9.545275 -0.007338 0.999801 -0.018574 102.657417 -0.016184 0.018454 0.999699 6.502973 0.000000 0.000000 0.000000 1.000000
0.999806 0.006373 0.018616 -9.774364 -0.005864 0.999611 -0.027285 102.880638 -0.018783 0.027170 0.999454 6.763718 0.000000 0.000000 0.000000 1.000000
0.999792 0.005532 0.019640 -9.998207 -0.004819 0.999335 -0.036155 103.079514 -0.019827 0.036053 0.999153 7.017058 0.000000 0.000000 0.000000 1.000000
0.999779 0.005442 0.020292 -10.197942 -0.004529 0.998987 -0.044767 103.245049 -0.020515 0.044665 0.998791 7.283638 0.000000 0.000000 0.000000 1.000000
0.999781 0.005000 0.020316 -10.381175 -0.003916 0.998583 -0.053070 103.389191 -0.020552 0.052979 0.998384 7.588133 0.000000 0.000000 0.000000 1.000000
0.999830 0.003833 0.018008 -10.546859 -0.002730 0.998142 -0.060877 103.507233 -0.018208 0.060817 0.997983 7.939129 0.000000 0.000000 0.000000 1.000000
0.999914 0.002533 0.012882 -10.689900 -0.001658 0.997718 -0.067500 103.601334 -0.013023 0.067473 0.997636 8.337395 0.000000 0.000000 0.000000 1.000000
0.999976 0.001404 0.006853 -10.815488 -0.000906 0.997390 -0.072196 103.663101 -0.006937 0.072188 0.997367 8.767309 0.000000 0.000000 0.000000 1.000000
0.999999 -0.000084 0.001688 -10.930759 0.000210 0.997197 -0.074825 103.674995 -0.001677 0.074826 0.997195 9.189878 0.000000 0.000000 0.000000 1.000000
0.999994 -0.002291 -0.002604 -11.034924 0.002087 0.997125 -0.075742 103.638466 0.002770 0.075736 0.997124 9.550258 0.000000 0.000000 0.000000 1.000000
0.999976 -0.004453 -0.005316 -11.129023 0.004039 0.997140 -0.075474 103.585846 0.005636 0.075451 0.997134 9.802589 0.000000 0.000000 0.000000 1.000000
0.999977 -0.006051 -0.003149 -11.236080 0.005798 0.997163 -0.075047 103.564911 0.003595 0.075027 0.997175 9.928493 0.000000 0.000000 0.000000 1.000000
0.999945 -0.007505 0.007287 -11.390059 0.008038 0.997067 -0.076110 103.603981 -0.006694 0.076164 0.997073 9.945282 0.000000 0.000000 0.000000 1.000000
0.999624 -0.009147 0.025855 -11.600275 0.011188 0.996736 -0.079946 103.685402 -0.025040 0.080205 0.996464 9.906734 0.000000 0.000000 0.000000 1.000000
0.998777 -0.010408 0.048334 -11.840738 0.014557 0.996163 -0.086296 103.769318 -0.047250 0.086894 0.995096 9.890994 0.000000 0.000000 0.000000 1.000000
0.997568 -0.010668 0.068885 -12.085425 0.017059 0.995532 -0.092875 103.824112 -0.067586 0.093824 0.993292 9.960349 0.000000 0.000000 0.000000 1.000000
0.996454 -0.010048 0.083535 -12.328217 0.018063 0.995241 -0.095757 103.840942 -0.082175 0.096926 0.991893 10.118988 0.000000 0.000000 0.000000 1.000000
0.995699 -0.009775 0.092131 -12.568446 0.018191 0.995689 -0.090958 103.810410 -0.090845 0.092243 0.991584 10.310982 0.000000 0.000000 0.000000 1.000000
0.995245 -0.011131 0.096769 -12.790627 0.018636 0.996857 -0.077001 103.712067 -0.095608 0.078438 0.992324 10.456487 0.000000 0.000000 0.000000 1.000000
0.995040 -0.013870 0.098507 -12.961057 0.019583 0.998167 -0.057264 103.547241 -0.097532 0.058909 0.993487 10.501593 0.000000 0.000000 0.000000 1.000000
0.995208 -0.016609 0.096357 -13.053390 0.020518 0.999000 -0.039726 103.368660 -0.095600 0.041512 0.994554 10.459135 0.000000 0.000000 0.000000 1.000000
0.995806 -0.018558 0.089592 -13.067538 0.021507 0.999254 -0.032068 103.216560 -0.088930 0.033861 0.995462 10.396131 0.000000 0.000000 0.000000 1.000000
0.996604 -0.019899 0.079900 -13.029538 0.022756 0.999128 -0.035010 103.096176 -0.079133 0.036709 0.996188 10.364274 0.000000 0.000000 0.000000 1.000000
0.997274 -0.021273 0.070660 -12.976179 0.024248 0.998843 -0.041525 102.998604 -0.069695 0.043125 0.996636 10.341843 0.000000 0.000000 0.000000 1.000000
0.997626 -0.023506 0.064728 -12.951045 0.026408 0.998667 -0.044356 102.939247 -0.063599 0.045960 0.996917 10.253430 0.000000 0.000000 0.000000 1.000000
0.997634 -0.026882 0.063276 -12.987600 0.029671 0.998610 -0.043564 102.937523 -0.062017 0.045338 0.997045 10.060329 0.000000 0.000000 0.000000 1.000000
0.997355 -0.030028 0.066198 -13.072553 0.033026 0.998455 -0.044682 102.988579 -0.064754 0.046750 0.996806 9.818909 0.000000 0.000000 0.000000 1.000000
0.996878 -0.031310 0.072480 -13.156825 0.035010 0.998117 -0.050360 103.067947 -0.070767 0.052740 0.996098 9.619720 0.000000 0.000000 0.000000 1.000000
0.996291 -0.031052 0.080244 -13.213161 0.035736 0.997699 -0.057616 103.146225 -0.078270 0.060270 0.995109 9.496029 0.000000 0.000000 0.000000 1.000000
0.995701 -0.030514 0.087456 -13.253782 0.036119 0.997345 -0.063237 103.203697 -0.085294 0.066124 0.994159 9.428313 0.000000 0.000000 0.000000 1.000000
0.995192 -0.030243 0.093155 -13.298901 0.036588 0.997070 -0.067170 103.232010 -0.090850 0.070255 0.993383 9.402427 0.000000 0.000000 0.000000 1.000000
0.994748 -0.030615 0.097664 -13.353991 0.037453 0.996915 -0.068974 103.212685 -0.095251 0.072269 0.992826 9.409046 0.000000 0.000000 0.000000 1.000000
0.994358 -0.032133 0.101088 -13.412546 0.038889 0.997088 -0.065594 103.126930 -0.098686 0.069156 0.992713 9.402128 0.000000 0.000000 0.000000 1.000000
0.994146 -0.034551 0.102371 -13.463477 0.040488 0.997582 -0.056495 102.997932 -0.100172 0.060309 0.993141 9.329340 0.000000 0.000000 0.000000 1.000000
0.994238 -0.036607 0.100749 -13.491468 0.041615 0.997977 -0.048064 102.885727 -0.098786 0.051979 0.993750 9.222033 0.000000 0.000000 0.000000 1.000000
0.994563 -0.037285 0.097236 -13.489023 0.042106 0.997959 -0.048013 102.831932 -0.095247 0.051846 0.994103 9.183378 0.000000 0.000000 0.000000 1.000000
0.994939 -0.037123 0.093367 -13.471282 0.042454 0.997540 -0.055777 102.854576 -0.091067 0.059459 0.994068 9.248435 0.000000 0.000000 0.000000 1.000000
0.995279 -0.037723 0.089429 -13.460650 0.043523 0.997012 -0.063825 102.950676 -0.086754 0.067415 0.993946 9.323454 0.000000 0.000000 0.000000 1.000000
0.995565 -0.040490 0.084919 -13.477420 0.046380 0.996567 -0.068583 103.125168 -0.081850 0.072217 0.994025 9.314456 0.000000 0.000000 0.000000 1.000000
0.995830 -0.044658 0.079545 -13.508962 0.050566 0.995985 -0.073877 103.349014 -0.075926 0.077591 0.994090 9.242594 0.000000 0.000000 0.000000 1.000000
0.996149 -0.048412 0.073099 -13.521772 0.054467 0.995038 -0.083258 103.583374 -0.068705 0.086919 0.993843 9.192802 0.000000 0.000000 0.000000 1.000000
0.996553 -0.050967 0.065461 -13.499249 0.057054 0.993865 -0.094749 103.800476 -0.060231 0.098157 0.993347 9.208475 0.000000 0.000000 0.000000 1.000000
0.996959 -0.052536 0.057551 -13.461578 0.058330 0.992853 -0.104116 103.972466 -0.051670 0.107156 0.992899 9.270523 0.000000 0.000000 0.000000 1.000000
0.997261 -0.053352 0.051228 -13.442805 0.058707 0.992255 -0.109467 104.077026 -0.044991 0.112174 0.992669 9.345111 0.000000 0.000000 0.000000 1.000000
0.997416 -0.053916 0.047473 -13.456627 0.058910 0.992075 -0.110984 104.102493 -0.041113 0.113494 0.992688 9.403717 0.000000 0.000000 0.000000 1.000000
0.997482 -0.054593 0.045259 -13.488750 0.059241 0.992312 -0.108658 104.061241 -0.038979 0.111066 0.993048 9.410383 0.000000 0.000000 0.000000 1.000000
0.997570 -0.054912 0.042881 -13.521351 0.059072 0.992959 -0.102682 103.986794 -0.036940 0.104966 0.993789 9.333227 0.000000 0.000000 0.000000 1.000000
0.997720 -0.054326 0.040034 -13.554865 0.057928 0.993780 -0.095106 103.910400 -0.034619 0.097209 0.994662 9.181913 0.000000 0.000000 0.000000 1.000000
0.997880 -0.053060 0.037690 -13.596817 0.056241 0.994436 -0.089078 103.854622 -0.032754 0.091009 0.995311 9.005238 0.000000 0.000000 0.000000 1.000000
0.997999 -0.051844 0.036206 -13.639157 0.054807 0.994757 -0.086335 103.826881 -0.031540 0.088147 0.995608 8.839537 0.000000 0.000000 0.000000 1.000000
0.998107 -0.050822 0.034642 -13.658433 0.053648 0.994831 -0.086219 103.824036 -0.030081 0.087914 0.995674 8.681688 0.000000 0.000000 0.000000 1.000000
0.998243 -0.049794 0.032121 -13.642636 0.052419 0.994840 -0.086870 103.829971 -0.027630 0.088401 0.995702 8.506863 0.000000 0.000000 0.000000 1.000000
0.998389 -0.048704 0.029098 -13.600532 0.051066 0.994909 -0.086882 103.831299 -0.024719 0.088228 0.995794 8.301311 0.000000 0.000000 0.000000 1.000000
0.998503 -0.047702 0.026746 -13.544785 0.049840 0.995050 -0.085975 103.821892 -0.022513 0.087179 0.995938 8.073732 0.000000 0.000000 0.000000 1.000000
0.998580 -0.046765 0.025529 -13.475695 0.048770 0.995224 -0.084566 103.800552 -0.021453 0.085691 0.996091 7.843961 0.000000 0.000000 0.000000 1.000000
0.998646 -0.045662 0.024913 -13.387774 0.047588 0.995398 -0.083174 103.768356 -0.021001 0.084247 0.996224 7.626968 0.000000 0.000000 0.000000 1.000000
0.998734 -0.044208 0.024014 -13.280224 0.046041 0.995565 -0.082036 103.729424 -0.020281 0.083038 0.996340 7.425535 0.000000 0.000000 0.000000 1.000000
0.998856 -0.042409 0.022079 -13.155857 0.044066 0.995743 -0.080963 103.691162 -0.018551 0.081843 0.996473 7.236293 0.000000 0.000000 0.000000 1.000000
0.999002 -0.040522 0.018791 -13.021692 0.041895 0.995945 -0.079613 103.657326 -0.015489 0.080321 0.996649 7.061125 0.000000 0.000000 0.000000 1.000000
0.999145 -0.038760 0.014401 -12.886477 0.039767 0.996166 -0.077916 103.620689 -0.011326 0.078422 0.996856 6.905056 0.000000 0.000000 0.000000 1.000000
0.999283 -0.036700 0.009318 -12.751529 0.037304 0.996397 -0.076162 103.566887 -0.006490 0.076455 0.997052 6.767332 0.000000 0.000000 0.000000 1.000000
0.999432 -0.033462 0.004108 -12.608012 0.033675 0.996635 -0.074732 103.487251 -0.001593 0.074827 0.997195 6.644758 0.000000 0.000000 0.000000 1.000000
0.999591 -0.028609 -0.000109 -12.448338 0.028523 0.996884 -0.073550 103.387146 0.002213 0.073517 0.997292 6.542377 0.000000 0.000000 0.000000 1.000000
0.999738 -0.022779 -0.002386 -12.273108 0.022548 0.997143 -0.072092 103.284599 0.004021 0.072019 0.997395 6.468834 0.000000 0.000000 0.000000 1.000000
0.999845 -0.017332 -0.003160 -12.084982 0.017068 0.997390 -0.070159 103.199615 0.004367 0.070094 0.997531 6.421621 0.000000 0.000000 0.000000 1.000000
0.999904 -0.013304 -0.003867 -11.882889 0.013011 0.997601 -0.067994 103.140884 0.004763 0.067938 0.997678 6.385612 0.000000 0.000000 0.000000 1.000000
0.999927 -0.010751 -0.005448 -11.664420 0.010370 0.997788 -0.065663 103.100311 0.006142 0.065601 0.997827 6.346014 0.000000 0.000000 0.000000 1.000000
0.999930 -0.009012 -0.007682 -11.426644 0.008512 0.997984 -0.062894 103.060974 0.008233 0.062824 0.997991 6.295228 0.000000 0.000000 0.000000 1.000000
0.999925 -0.007336 -0.009790 -11.165712 0.006741 0.998204 -0.059523 103.004730 0.010210 0.059453 0.998179 6.229172 0.000000 0.000000 0.000000 1.000000
0.999921 -0.005420 -0.011341 -10.885490 0.004779 0.998429 -0.055825 102.930519 0.011625 0.055767 0.998376 6.146580 0.000000 0.000000 0.000000 1.000000
0.999919 -0.003304 -0.012281 -10.597549 0.002658 0.998629 -0.052269 102.840263 0.012437 0.052232 0.998558 6.047174 0.000000 0.000000 0.000000 1.000000
0.999923 -0.001547 -0.012338 -10.323829 0.000940 0.998797 -0.049021 102.761688 0.012399 0.049005 0.998722 5.935076 0.000000 0.000000 0.000000 1.000000
0.999939 -0.000438 -0.011045 -10.075156 -0.000070 0.998945 -0.045919 102.706512 0.011053 0.045917 0.998884 5.812689 0.000000 0.000000 0.000000 1.000000
0.999963 0.000061 -0.008599 -9.852901 -0.000430 0.999075 -0.043007 102.681717 0.008589 0.043009 0.999038 5.685618 0.000000 0.000000 0.000000 1.000000
0.999981 0.000276 -0.006178 -9.649487 -0.000527 0.999174 -0.040627 102.680916 0.006162 0.040630 0.999155 5.562660 0.000000 0.000000 0.000000 1.000000
0.999987 0.000729 -0.004989 -9.457752 -0.000922 0.999242 -0.038929 102.690697 0.004957 0.038933 0.999230 5.447297 0.000000 0.000000 0.000000 1.000000
0.999985 0.001718 -0.005239 -9.276443 -0.001914 0.999290 -0.037639 102.698936 0.005170 0.037648 0.999278 5.334467 0.000000 0.000000 0.000000 1.000000
0.999976 0.003152 -0.006216 -9.107390 -0.003376 0.999332 -0.036389 102.703392 0.006097 0.036409 0.999318 5.217693 0.000000 0.000000 0.000000 1.000000
0.999964 0.004746 -0.007059 -8.949406 -0.004991 0.999371 -0.035108 102.709908 0.006888 0.035142 0.999359 5.096777 0.000000 0.000000 0.000000 1.000000
0.999955 0.006163 -0.007252 -8.799256 -0.006406 0.999402 -0.033992 102.722794 0.007038 0.034037 0.999396 4.977333 0.000000 0.000000 0.000000 1.000000
0.999953 0.007126 -0.006593 -8.657389 -0.007340 0.999424 -0.033138 102.738586 0.006353 0.033185 0.999429 4.864260 0.000000 0.000000 0.000000 1.000000
0.999958 0.007620 -0.005124 -8.524508 -0.007782 0.999448 -0.032305 102.749649 0.004875 0.032343 0.999465 4.759230 0.000000 0.000000 0.000000 1.000000
0.999963 0.007964 -0.003299 -8.398295 -0.008063 0.999484 -0.031088 102.752106 0.003050 0.031113 0.999511 4.662158 0.000000 0.000000 0.000000 1.000000</float_array>
        <technique_common>
          <accessor source="#mixamorig_Hips-Matrix-animation-output-transform-array" count="96" stride="16">
            <param type="float4x4"/>
          </accessor>
        </technique_common>
      </source>
      <source id="mixamorig_Hips-Interpolations">
        <Name_array id="mixamorig_Hips-Interpolations-array" count="96">
 LINEAR LINEAR LINEAR LINEAR LINEAR LINEAR LINEAR LINEAR LINEAR LINEAR LINEAR
LINEAR LINEAR LINEAR LINEAR LINEAR LINEAR LINEAR LINEAR LINEAR LINEAR LINEAR LINEAR
LINEAR LINEAR LINEAR LINEAR LINEAR LINEAR LINEAR LINEAR LINEAR LINEAR LINEAR LINEAR
LINEAR LINEAR LINEAR LINEAR LINEAR LINEAR LINEAR LINEAR LINEAR LINEAR LINEAR LINEAR
LINEAR LINEAR LINEAR LINEAR LINEAR LINEAR LINEAR LINEAR LINEAR LINEAR LINEAR LINEAR
LINEAR LINEAR LINEAR LINEAR LINEAR LINEAR LINEAR LINEAR LINEAR LINEAR LINEAR LINEAR
LINEAR LINEAR LINEAR LINEAR LINEAR LINEAR LINEAR LINEAR LINEAR LINEAR LINEAR LINEAR
LINEAR LINEAR LINEAR LINEAR LINEAR LINEAR LINEAR LINEAR LINEAR LINEAR LINEAR LINEAR
LINEAR</Name_array>
        <technique_common>
          <accessor source="#mixamorig_Hips-Interpolations-array" count="96">
            <param type="name"/>
          </accessor>
        </technique_common>
      </source>
      <sampler id="mixamorig_Hips-Matrix-animation-transform">
        <input semantic="INPUT" source="#mixamorig_Hips-Matrix-animation-input"/>
        <input semantic="OUTPUT" source="#mixamorig_Hips-Matrix-animation-output-transform"/>
        <input semantic="INTERPOLATION" source="#mixamorig_Hips-Interpolations"/>
      </sampler>
      <channel source="#mixamorig_Hips-Matrix-animation-transform" target="mixamorig_Hips/matrix"/>
    </animation>
    <animation id="mixamorig_Spine-anim" name="mixamorig_Spine">
      <source id="mixamorig_Spine-Matrix-animation-input">
        <float_array id="mixamorig_Spine-Matrix-animation-input-array" count="96">

0.000000 0.033333 0.066667 0.100000 0.133333 0.166667 0.200000 0.233333 0.266667 0.300000 0.333333 0.366667 0.400000 0.433333 0.466667 0.500000
0.533333 0.566667 0.600000 0.633333 0.666667 0.700000 0.733333 0.766667 0.800000 0.833333 0.866667 0.900000 0.933333 0.966667 1.000000 1.033333
1.066667 1.100000 1.133333 1.166667 1.200000 1.233333 1.266667 1.300000 1.333333 1.366667 1.400000 1.433333 1.466667 1.500000 1.533333 1.566667
1.600000 1.633333 1.666667 1.700000 1.733333 1.766667 1.800000 1.833333 1.866667 1.900000 1.933333 1.966667 2.000000 2.033333 2.066667 2.100000
2.133333 2.166667 2.200000 2.233333 2.266667 2.300000 2.333333 2.366667 2.400000 2.433333 2.466667 2.500000 2.533333 2.566667 2.600000 2.633333
2.666667 2.700000 2.733333 2.766667 2.800000 2.833333 2.866667 2.900000 2.933333 2.966667 3.000000 3.033333 3.066667 3.100000 3.133333 3.166667</float_array>
        <technique_common>
          <accessor source="#mixamorig_Spine-Matrix-animation-input-array" count="96">
            <param name="TIME" type="float"/>
          </accessor>
        </technique_common>
      </source>
      <source id="mixamorig_Spine-Matrix-animation-output-transform">
        <float_array id="mixamorig_Spine-Matrix-animation-output-transform-array" count="1536">

0.999982 -0.004914 0.003411 0.000000 0.004979 0.999802 -0.019243 12.246100 -0.003316 0.019259 0.999809 0.234600 0.000000 0.000000 0.000000 1.000000
0.999983 -0.004801 0.003420 -0.000000 0.004865 0.999807 -0.019050 12.246100 -0.003328 0.019066 0.999813 0.234600 0.000000 0.000000 0.000000 1.000000
0.999983 -0.004766 0.003463 -0.000000 0.004831 0.999812 -0.018803 12.246100 -0.003373 0.018819 0.999817 0.234600 0.000000 0.000000 0.000000 1.000000
0.999982 -0.004802 0.003487 0.000000 0.004865 0.999816 -0.018557 12.246100 -0.003397 0.018574 0.999822 0.234600 0.000000 0.000000 0.000000 1.000000
0.999983 -0.004803 0.003441 0.000000 0.004866 0.999817 -0.018518 12.246100 -0.003351 0.018534 0.999823 0.234600 0.000000 0.000000 0.000000 1.000000
0.999984 -0.004514 0.003379 0.000000 0.004577 0.999811 -0.018911 12.246100 -0.003293 0.018926 0.999815 0.234600 0.000000 0.000000 0.000000 1.000000
0.999987 -0.003682 0.003505 0.000000 0.003750 0.999800 -0.019628 12.246100 -0.003432 0.019641 0.999801 0.234600 0.000000 0.000000 0.000000 1.000000
0.999989 -0.002348 0.003988 0.000000 0.002428 0.999797 -0.019985 12.246100 -0.003940 0.019995 0.999792 0.234600 0.000000 0.000000 0.000000 1.000000
0.999988 -0.000908 0.004710 0.000000 0.000997 0.999818 -0.019031 12.246100 -0.004691 0.019035 0.999808 0.234600 0.000000 0.000000 0.000000 1.000000
0.999986 0.000216 0.005274 0.000000 -0.000130 0.999867 -0.016291 12.246100 -0.005277 0.016290 0.999853 0.234600 0.000000 0.000000 0.000000 1.000000
0.999986 0.000939 0.005258 0.000000 -0.000875 0.999925 -0.012250 12.246100 -0.005269 0.012245 0.999911 0.234600 0.000000 0.000000 0.000000 1.000000
0.999989 0.001498 0.004437 0.000000 -0.001462 0.999966 -0.008054 12.246100 -0.004449 0.008047 0.999958 0.234600 0.000000 0.000000 0.000000 1.000000
0.999993 0.002142 0.002933 -0.000000 -0.002129 0.999987 -0.004739 12.246100 -0.002943 0.004733 0.999984 0.234600 0.000000 0.000000 0.000000 1.000000
0.999995 0.002945 0.001264 0.000000 -0.002942 0.999992 -0.002679 12.246100 -0.001272 0.002675 0.999996 0.234600 0.000000 0.000000 0.000000 1.000000
0.999992 0.003892 0.000054 0.000000 -0.003892 0.999991 -0.001649 12.246100 -0.000060 0.001648 0.999999 0.234600 0.000000 0.000000 0.000000 1.000000
0.999989 0.004753 -0.000488 0.000000 -0.004753 0.999988 -0.001110 12.246100 0.000483 0.001112 0.999999 0.234600 0.000000 0.000000 0.000000 1.000000
0.999987 0.005149 -0.000680 0.000000 -0.005149 0.999987 -0.000446 12.246100 0.000678 0.000450 1.000000 0.234600 0.000000 0.000000 0.000000 1.000000
0.999986 0.005301 -0.000807 0.000000 -0.005300 0.999986 0.000828 12.246100 0.000812 -0.000824 0.999999 0.234600 0.000000 0.000000 0.000000 1.000000
0.999986 0.005173 -0.000722 0.000000 -0.005171 0.999983 0.002839 12.246100 0.000737 -0.002835 0.999996 0.234600 0.000000 0.000000 0.000000 1.000000
0.999989 0.004773 -0.000187 0.000000 -0.004772 0.999974 0.005318 12.246100 0.000213 -0.005317 0.999986 0.234600 0.000000 0.000000 0.000000 1.000000
0.999991 0.004190 0.000641 -0.000000 -0.004194 0.999961 0.007819 12.246100 -0.000608 -0.007821 0.999969 0.234600 0.000000 0.000000 0.000000 1.000000
0.999993 0.003376 0.001502 -0.000000 -0.003391 0.999945 0.009957 12.246100 -0.001468 -0.009962 0.999949 0.234600 0.000000 0.000000 0.000000 1.000000
0.999994 0.002494 0.002589 0.000000 -0.002523 0.999931 0.011468 12.246100 -0.002561 -0.011475 0.999931 0.234600 0.000000 0.000000 0.000000 1.000000
