<?xml version="1.0" encoding="utf-8"?>
<COLLADA xmlns="http://www.collada.org/2005/11/COLLADASchema" version="1.4.1">
  <asset>
    <contributor>
      <author>Mixamo</author>
      <authoring_tool>COLLADA Mixamo exporter</authoring_tool>
      <comments/>
    </contributor>
    <created>2024-04-05T10:43:15Z</created>
    <modified>2024-04-05T10:43:15Z</modified>
    <revision/>
    <title/>
    <unit meter="0.010000"/>
    <up_axis>Y_UP</up_axis>
  </asset>
  <library_animations>
    <animation id="Armature-anim" name="Armature">
      <source id="Armature-Matrix-animation-input">
        <float_array id="Armature-Matrix-animation-input-array" count="93">

0.000000 0.033333 0.066667 0.100000 0.133333 0.166667 0.200000 0.233333 0.266667 0.300000 0.333333 0.366667 0.400000 0.433333 0.466667 0.500000
0.533333 0.566667 0.600000 0.633333 0.666667 0.700000 0.733333 0.766667 0.800000 0.833333 0.866667 0.900000 0.933333 0.966667 1.000000 1.033333
1.066667 1.100000 1.133333 1.166667 1.200000 1.233333 1.266667 1.300000 1.333333 1.366667 1.400000 1.433333 1.466667 1.500000 1.533333 1.566667
1.600000 1.633333 1.666667 1.700000 1.733333 1.766667 1.800000 1.833333 1.866667 1.900000 1.933333 1.966667 2.000000 2.033333 2.066667 2.100000
2.133333 2.166667 2.200000 2.233333 2.266667 2.300000 2.333333 2.366667 2.400000 2.433333 2.466667 2.500000 2.533333 2.566667 2.600000 2.633333
2.666667 2.700000 2.733333 2.766667 2.800000 2.833333 2.866667 2.900000 2.933333 2.966667 3.000000 3.033333 3.066667</float_array>
        <technique_common>
          <accessor source="#Armature-Matrix-animation-input-array" count="93">
            <param name="TIME" type="float"/>
          </accessor>
        </technique_common>
      </source>
      <source id="Armature-Matrix-animation-output-transform">
        <float_array id="Armature-Matrix-animation-output-transform-array" count="1488">

1.000000 0.000000 0.000000 0.000000 0.000000 1.000000 0.000000 0.000000 0.000000 0.000000 1.000000 0.000000 0.000000 0.000000 0.000000 1.000000
1.000000 0.000000 0.000000 0.000000 0.000000 1.000000 0.000000 0.000000 0.000000 0.000000 1.000000 0.000000 0.000000 0.000000 0.000000 1.000000
1.000000 0.000000 0.000000 0.000000 0.000000 1.000000 0.000000 0.000000 0.000000 0.000000 1.000000 0.000000 0.000000 0.000000 0.000000 1.000000
1.000000 0.000000 0.000000 0.000000 0.000000 1.000000 0.000000 0.000000 0.000000 0.000000 1.000000 0.000000 0.000000 0.000000 0.000000 1.000000
1.000000 0.000000 0.000000 0.000000 0.000000 1.000000 0.000000 0.000000 0.000000 0.000000 1.000000 0.000000 0.000000 0.000000 0.000000 1.000000
1.000000 0.000000 0.000000 0.000000 0.000000 1.000000 0.000000 0.000000 0.000000 0.000000 1.000000 0.000000 0.000000 0.000000 0.000000 1.000000
1.000000 0.000000 0.000000 0.000000 0.000000 1.000000 0.000000 0.000000 0.000000 0.000000 1.000000 0.000000 0.000000 0.000000 0.000000 1.000000
1.000000 0.000000 0.000000 0.000000 0.000000 1.000000 0.000000 0.000000 0.000000 0.000000 1.000000 0.000000 0.000000 0.000000 0.000000 1.000000
1.000000 0.000000 0.000000 0.000000 0.000000 1.000000 0.000000 0.000000 0.000000 0.000000 1.000000 0.000000 0.000000 0.000000 0.000000 1.000000
1.000000 0.000000 0.000000 0.000000 0.000000 1.000000 0.000000 0.000000 0.000000 0.000000 1.000000 0.000000 0.000000 0.000000 0.000000 1.000000
1.000000 0.000000 0.000000 0.000000 0.000000 1.000000 0.000000 0.000000 0.000000 0.000000 1.000000 0.000000 0.000000 0.000000 0.000000 1.000000
1.000000 0.000000 0.000000 0.000000 0.000000 1.000000 0.000000 0.000000 0.000000 0.000000 1.000000 0.000000 0.000000 0.000000 0.000000 1.000000
1.000000 0.000000 0.000000 0.000000 0.000000 1.000000 0.000000 0.000000 0.000000 0.000000 1.000000 0.000000 0.000000 0.000000 0.000000 1.000000
1.000000 0.000000 0.000000 0.000000 0.000000 1.000000 0.000000 0.000000 0.000000 0.000000 1.000000 0.000000 0.000000 0.000000 0.000000 1.000000
1.000000 0.000000 0.000000 0.000000 0.000000 1.000000 0.000000 0.000000 0.000000 0.000000 1.000000 0.000000 0.000000 0.000000 0.000000 1.000000
1.000000 0.000000 0.000000 0.000000 0.000000 1.000000 0.000000 0.000000 0.000000 0.000000 1.000000 0.000000 0.000000 0.000000 0.000000 1.000000
1.000000 0.000000 0.000000 0.000000 0.000000 1.000000 0.000000 0.000000 0.000000 0.000000 1.000000 0.000000 0.000000 0.000000 0.000000 1.000000
1.000000 0.000000 0.000000 0.000000 0.000000 1.000000 0.000000 0.000000 0.000000 0.000000 1.000000 0.000000 0.000000 0.000000 0.000000 1.000000
1.000000 0.000000 0.000000 0.000000 0.000000 1.000000 0.000000 0.000000 0.000000 0.000000 1.000000 0.000000 0.000000 0.000000 0.000000 1.000000
1.000000 0.000000 0.000000 0.000000 0.000000 1.000000 0.000000 0.000000 0.000000 0.000000 1.000000 0.000000 0.000000 0.000000 0.000000 1.000000
1.000000 0.000000 0.000000 0.000000 0.000000 1.000000 0.000000 0.000000 0.000000 0.000000 1.000000 0.000000 0.000000 0.000000 0.000000 1.000000
1.000000 0.000000 0.000000 0.000000 0.000000 1.000000 0.000000 0.000000 0.000000 0.000000 1.000000 0.000000 0.000000 0.000000 0.000000 1.000000
1.000000 0.000000 0.000000 0.000000 0.000000 1.000000 0.000000 0.000000 0.000000 0.000000 1.000000 0.000000 0.000000 0.000000 0.000000 1.000000
1.000000 0.000000 0.000000 0.000000 0.000000 1.000000 0.000000 0.000000 0.000000 0.000000 1.000000 0.000000 0.000000 0.000000 0.000000 1.000000
1.000000 0.000000 0.000000 0.000000 0.000000 1.000000 0.000000 0.000000 0.000000 0.000000 1.000000 0.000000 0.000000 0.000000 0.000000 1.000000
1.000000 0.000000 0.000000 0.000000 0.000000 1.000000 0.000000 0.000000 0.000000 0.000000 1.000000 0.000000 0.000000 0.000000 0.000000 1.000000
1.000000 0.000000 0.000000 0.000000 0.000000 1.000000 0.000000 0.000000 0.000000 0.000000 1.000000 0.000000 0.000000 0.000000 0.000000 1.000000
1.000000 0.000000 0.000000 0.000000 0.000000 1.000000 0.000000 0.000000 0.000000 0.000000 1.000000 0.000000 0.000000 0.000000 0.000000 1.000000
1.000000 0.000000 0.000000 0.000000 0.000000 1.000000 0.000000 0.000000 0.000000 0.000000 1.000000 0.000000 0.000000 0.000000 0.000000 1.000000
1.000000 0.000000 0.000000 0.000000 0.000000 1.000000 0.000000 0.000000 0.000000 0.000000 1.000000 0.000000 0.000000 0.000000 0.000000 1.000000
1.000000 0.000000 0.000000 0.000000 0.000000 1.000000 0.000000 0.000000 0.000000 0.000000 1.000000 0.000000 0.000000 0.000000 0.000000 1.000000
1.000000 0.000000 0.000000 0.000000 0.000000 1.000000 0.000000 0.000000 0.000000 0.000000 1.000000 0.000000 0.000000 0.000000 0.000000 1.000000
1.000000 0.000000 0.000000 0.000000 0.000000 1.000000 0.000000 0.000000 0.000000 0.000000 1.000000 0.000000 0.000000 0.000000 0.000000 1.000000
1.000000 0.000000 0.000000 0.000000 0.000000 1.000000 0.000000 0.000000 0.000000 0.000000 1.000000 0.000000 0.000000 0.000000 0.000000 1.000000
1.000000 0.000000 0.000000 0.000000 0.000000 1.000000 0.000000 0.000000 0.000000 0.000000 1.000000 0.000000 0.000000 0.000000 0.000000 1.000000
1.000000 0.000000 0.000000 0.000000 0.000000 1.000000 0.000000 0.000000 0.000000 0.000000 1.000000 0.000000 0.000000 0.000000 0.000000 1.000000
1.000000 0.000000 0.000000 0.000000 0.000000 1.000000 0.000000 0.000000 0.000000 0.000000 1.000000 0.000000 0.000000 0.000000 0.000000 1.000000
1.000000 0.000000 0.000000 0.000000 0.000000 1.000000 0.000000 0.000000 0.000000 0.000000 1.000000 0.000000 0.000000 0.000000 0.000000 1.000000
1.000000 0.000000 0.000000 0.000000 0.000000 1.000000 0.000000 0.000000 0.000000 0.000000 1.000000 0.000000 0.000000 0.000000 0.000000 1.000000
1.000000 0.000000 0.000000 0.000000 0.000000 1.000000 0.000000 0.000000 0.000000 0.000000 1.000000 0.000000 0.000000 0.000000 0.000000 1.000000
1.000000 0.000000 0.000000 0.000000 0.000000 1.000000 0.000000 0.000000 0.000000 0.000000 1.000000 0.000000 0.000000 0.000000 0.000000 1.000000
1.000000 0.000000 0.000000 0.000000 0.000000 1.000000 0.000000 0.000000 0.000000 0.000000 1.000000 0.000000 0.000000 0.000000 0.000000 1.000000
1.000000 0.000000 0.000000 0.000000 0.000000 1.000000 0.000000 0.000000 0.000000 0.000000 1.000000 0.000000 0.000000 0.000000 0.000000 1.000000
1.000000 0.000000 0.000000 0.000000 0.000000 1.000000 0.000000 0.000000 0.000000 0.000000 1.000000 0.000000 0.000000 0.000000 0.000000 1.000000
1.000000 0.000000 0.000000 0.000000 0.000000 1.000000 0.000000 0.000000 0.000000 0.000000 1.000000 0.000000 0.000000 0.000000 0.000000 1.000000
1.000000 0.000000 0.000000 0.000000 0.000000 1.000000 0.000000 0.000000 0.000000 0.000000 1.000000 0.000000 0.000000 0.000000 0.000000 1.000000
1.000000 0.000000 0.000000 0.000000 0.000000 1.000000 0.000000 0.000000 0.000000 0.000000 1.000000 0.000000 0.000000 0.000000 0.000000 1.000000
1.000000 0.000000 0.000000 0.000000 0.000000 1.000000 0.000000 0.000000 0.000000 0.000000 1.000000 0.000000 0.000000 0.000000 0.000000 1.000000
1.000000 0.000000 0.000000 0.000000 0.000000 1.000000 0.000000 0.000000 0.000000 0.000000 1.000000 0.000000 0.000000 0.000000 0.000000 1.000000
1.000000 0.000000 0.000000 0.000000 0.000000 1.000000 0.000000 0.000000 0.000000 0.000000 1.000000 0.000000 0.000000 0.000000 0.000000 1.000000
1.000000 0.000000 0.000000 0.000000 0.000000 1.000000 0.000000 0.000000 0.000000 0.000000 1.000000 0.000000 0.000000 0.000000 0.000000 1.000000
1.000000 0.000000 0.000000 0.000000 0.000000 1.000000 0.000000 0.000000 0.000000 0.000000 1.000000 0.000000 0.000000 0.000000 0.000000 1.000000
1.000000 0.000000 0.000000 0.000000 0.000000 1.000000 0.000000 0.000000 0.000000 0.000000 1.000000 0.000000 0.000000 0.000000 0.000000 1.000000
1.000000 0.000000 0.000000 0.000000 0.000000 1.000000 0.000000 0.000000 0.000000 0.000000 1.000000 0.000000 0.000000 0.000000 0.000000 1.000000
1.000000 0.000000 0.000000 0.000000 0.000000 1.000000 0.000000 0.000000 0.000000 0.000000 1.000000 0.000000 0.000000 0.000000 0.000000 1.000000
1.000000 0.000000 0.000000 0.000000 0.000000 1.000000 0.000000 0.000000 0.000000 0.000000 1.000000 0.000000 0.000000 0.000000 0.000000 1.000000
1.000000 0.000000 0.000000 0.000000 0.000000 1.000000 0.000000 0.000000 0.000000 0.000000 1.000000 0.000000 0.000000 0.000000 0.000000 1.000000
1.000000 0.000000 0.000000 0.000000 0.000000 1.000000 0.000000 0.000000 0.000000 0.000000 1.000000 0.000000 0.000000 0.000000 0.000000 1.000000
1.000000 0.000000 0.000000 0.000000 0.000000 1.000000 0.000000 0.000000 0.000000 0.000000 1.000000 0.000000 0.000000 0.000000 0.000000 1.000000
1.000000 0.000000 0.000000 0.000000 0.000000 1.000000 0.000000 0.000000 0.000000 0.000000 1.000000 0.000000 0.000000 0.000000 0.000000 1.000000
1.000000 0.000000 0.000000 0.000000 0.000000 1.000000 0.000000 0.000000 0.000000 0.000000 1.000000 0.000000 0.000000 0.000000 0.000000 1.000000
1.000000 0.000000 0.000000 0.000000 0.000000 1.000000 0.000000 0.000000 0.000000 0.000000 1.000000 0.000000 0.000000 0.000000 0.000000 1.000000
1.000000 0.000000 0.000000 0.000000 0.000000 1.000000 0.000000 0.000000 0.000000 0.000000 1.000000 0.000000 0.000000 0.000000 0.000000 1.000000
1.000000 0.000000 0.000000 0.000000 0.000000 1.000000 0.000000 0.000000 0.000000 0.000000 1.000000 0.000000 0.000000 0.000000 0.000000 1.000000
1.000000 0.000000 0.000000 0.000000 0.000000 1.000000 0.000000 0.000000 0.000000 0.000000 1.000000 0.000000 0.000000 0.000000 0.000000 1.000000
1.000000 0.000000 0.000000 0.000000 0.000000 1.000000 0.000000 0.000000 0.000000 0.000000 1.000000 0.000000 0.000000 0.000000 0.000000 1.000000
1.000000 0.000000 0.000000 0.000000 0.000000 1.000000 0.000000 0.000000 0.000000 0.000000 1.000000 0.000000 0.000000 0.000000 0.000000 1.000000
1.000000 0.000000 0.000000 0.000000 0.000000 1.000000 0.000000 0.000000 0.000000 0.000000 1.000000 0.000000 0.000000 0.000000 0.000000 1.000000
1.000000 0.000000 0.000000 0.000000 0.000000 1.000000 0.000000 0.000000 0.000000 0.000000 1.000000 0.000000 0.000000 0.000000 0.000000 1.000000
1.000000 0.000000 0.000000 0.000000 0.000000 1.000000 0.000000 0.000000 0.000000 0.000000 1.000000 0.000000 0.000000 0.000000 0.000000 1.000000
1.000000 0.000000 0.000000 0.000000 0.000000 1.000000 0.000000 0.000000 0.000000 0.000000 1.000000 0.000000 0.000000 0.000000 0.000000 1.000000
1.000000 0.000000 0.000000 0.000000 0.000000 1.000000 0.000000 0.000000 0.000000 0.000000 1.000000 0.000000 0.000000 0.000000 0.000000 1.000000
1.000000 0.000000 0.000000 0.000000 0.000000 1.000000 0.000000 0.000000 0.000000 0.000000 1.000000 0.000000 0.000000 0.000000 0.000000 1.000000
1.000000 0.000000 0.000000 0.000000 0.000000 1.000000 0.000000 0.000000 0.000000 0.000000 1.000000 0.000000 0.000000 0.000000 0.000000 1.000000
1.000000 0.000000 0.000000 0.000000 0.000000 1.000000 0.000000 0.000000 0.000000 0.000000 1.000000 0.000000 0.000000 0.000000 0.000000 1.000000
1.000000 0.000000 0.000000 0.000000 0.000000 1.000000 0.000000 0.000000 0.000000 0.000000 1.000000 0.000000 0.000000 0.000000 0.000000 1.000000
1.000000 0.000000 0.000000 0.000000 0.000000 1.000000 0.000000 0.000000 0.000000 0.000000 1.000000 0.000000 0.000000 0.000000 0.000000 1.000000
1.000000 0.000000 0.000000 0.000000 0.000000 1.000000 0.000000 0.000000 0.000000 0.000000 1.000000 0.000000 0.000000 0.000000 0.000000 1.000000
1.000000 0.000000 0.000000 0.000000 0.000000 1.000000 0.000000 0.000000 0.000000 0.000000 1.000000 0.000000 0.000000 0.000000 0.000000 1.000000
1.000000 0.000000 0.000000 0.000000 0.000000 1.000000 0.000000 0.000000 0.000000 0.000000 1.000000 0.000000 0.000000 0.000000 0.000000 1.000000
1.000000 0.000000 0.000000 0.000000 0.000000 1.000000 0.000000 0.000000 0.000000 0.000000 1.000000 0.000000 0.000000 0.000000 0.000000 1.000000
1.000000 0.000000 0.000000 0.000000 0.000000 1.000000 0.000000 0.000000 0.000000 0.000000 1.000000 0.000000 0.000000 0.000000 0.000000 1.000000
1.000000 0.000000 0.000000 0.000000 0.000000 1.000000 0.000000 0.000000 0.000000 0.000000 1.000000 0.000000 0.000000 0.000000 0.000000 1.000000
1.000000 0.000000 0.000000 0.000000 0.000000 1.000000 0.000000 0.000000 0.000000 0.000000 1.000000 0.000000 0.000000 0.000000 0.000000 1.000000
1.000000 0.000000 0.000000 0.000000 0.000000 1.000000 0.000000 0.000000 0.000000 0.000000 1.000000 0.000000 0.000000 0.000000 0.000000 1.000000
1.000000 0.000000 0.000000 0.000000 0.000000 1.000000 0.000000 0.000000 0.000000 0.000000 1.000000 0.000000 0.000000 0.000000 0.000000 1.000000
1.000000 0.000000 0.000000 0.000000 0.000000 1.000000 0.000000 0.000000 0.000000 0.000000 1.000000 0.000000 0.000000 0.000000 0.000000 1.000000
1.000000 0.000000 0.000000 0.000000 0.000000 1.000000 0.000000 0.000000 0.000000 0.000000 1.000000 0.000000 0.000000 0.000000 0.000000 1.000000
1.000000 0.000000 0.000000 0.000000 0.000000 1.000000 0.000000 0.000000 0.000000 0.000000 1.000000 0.000000 0.000000 0.000000 0.000000 1.000000
1.000000 0.000000 0.000000 0.000000 0.000000 1.000000 0.000000 0.000000 0.000000 0.000000 1.000000 0.000000 0.000000 0.000000 0.000000 1.000000
1.000000 0.000000 0.000000 0.000000 0.000000 1.000000 0.000000 0.000000 0.000000 0.000000 1.000000 0.000000 0.000000 0.000000 0.000000 1.000000
1.000000 0.000000 0.000000 0.000000 0.000000 1.000000 0.000000 0.000000 0.000000 0.000000 1.000000 0.000000 0.000000 0.000000 0.000000 1.000000
1.000000 0.000000 0.000000 0.000000 0.000000 1.000000 0.000000 0.000000 0.000000 0.000000 1.000000 0.000000 0.000000 0.000000 0.000000 1.000000</float_array>
        <technique_common>
          <accessor source="#Armature-Matrix-animation-output-transform-array" count="93" stride="16">
            <param type="float4x4"/>
          </accessor>
        </technique_common>
      </source>
      <source id="Armature-Interpolations">
        <Name_array id="Armature-Interpolations-array" count="93">
 LINEAR LINEAR LINEAR LINEAR LINEAR LINEAR LINEAR LINEAR LINEAR LINEAR LINEAR
LINEAR LINEAR LINEAR LINEAR LINEAR LINEAR LINEAR LINEAR LINEAR LINEAR LINEAR LINEAR
LINEAR LINEAR LINEAR LINEAR LINEAR LINEAR LINEAR LINEAR LINEAR LINEAR LINEAR LINEAR
LINEAR LINEAR LINEAR LINEAR LINEAR LINEAR LINEAR LINEAR LINEAR LINEAR LINEAR LINEAR
LINEAR LINEAR LINEAR LINEAR LINEAR LINEAR LINEAR LINEAR LINEAR LINEAR LINEAR LINEAR
LINEAR LINEAR LINEAR LINEAR LINEAR LINEAR LINEAR LINEAR LINEAR LINEAR LINEAR LINEAR
LINEAR LINEAR LINEAR LINEAR LINEAR LINEAR LINEAR LINEAR LINEAR LINEAR LINEAR LINEAR
LINEAR LINEAR LINEAR LINEAR LINEAR LINEAR LINEAR LINEAR LINEAR LINEAR</Name_array>
        <technique_common>
          <accessor source="#Armature-Interpolations-array" count="93">
            <param type="name"/>
          </accessor>
        </technique_common>
      </source>
      <sampler id="Armature-Matrix-animation-transform">
        <input semantic="INPUT" source="#Armature-Matrix-animation-input"/>
        <input semantic="OUTPUT" source="#Armature-Matrix-animation-output-transform"/>
        <input semantic="INTERPOLATION" source="#Armature-Interpolations"/>
      </sampler>
      <channel source="#Armature-Matrix-animation-transform" target="Armature/matrix"/>
    </animation>
    <animation id="mixamorig_Hips-anim" name="mixamorig_Hips">
      <source id="mixamorig_Hips-Matrix-animation-input">
        <float_array id="mixamorig_Hips-Matrix-animation-input-array" count="93">

0.000000 0.033333 0.066667 0.100000 0.133333 0.166667 0.200000 0.233333 0.266667 0.300000 0.333333 0.366667 0.400000 0.433333 0.466667 0.500000
0.533333 0.566667 0.600000 0.633333 0.666667 0.700000 0.733333 0.766667 0.800000 0.833333 0.866667 0.900000 0.933333 0.966667 1.000000 1.033333
1.066667 1.100000 1.133333 1.166667 1.200000 1.233333 1.266667 1.300000 1.333333 1.366667 1.400000 1.433333 1.466667 1.500000 1.533333 1.566667
1.600000 1.633333 1.666667 1.700000 1.733333 1.766667 1.800000 1.833333 1.866667 1.900000 1.933333 1.966667 2.000000 2.033333 2.066667 2.100000
2.133333 2.166667 2.200000 2.233333 2.266667 2.300000 2.333333 2.366667 2.400000 2.433333 2.466667 2.500000 2.533333 2.566667 2.600000 2.633333
2.666667 2.700000 2.733333 2.766667 2.800000 2.833333 2.866667 2.900000 2.933333 2.966667 3.000000 3.033333 3.066667</float_array>
        <technique_common>
          <accessor source="#mixamorig_Hips-Matrix-animation-input-array" count="93">
            <param name="TIME" type="float"/>
          </accessor>
        </technique_common>
      </source>
      <source id="mixamorig_Hips-Matrix-animation-output-transform">
        <float_array id="mixamorig_Hips-Matrix-animation-output-transform-array" count="1488">

0.884093 0.001179 -0.467309 -8.417708 0.466895 -0.044402 0.883197 9.317769 -0.019708 -0.999013 -0.039806 -2.899958 0.000000 0.000000 0.000000 1.000000
0.884280 0.001224 -0.466955 -8.407149 0.466542 -0.044472 0.883381 9.310724 -0.019686 -0.999010 -0.039897 -2.899015 0.000000 0.000000 0.000000 1.000000
0.884430 0.001230 -0.466671 -8.399360 0.466256 -0.044566 0.883526 9.306034 -0.019711 -0.999006 -0.039989 -2.897936 0.000000 0.000000 0.000000 1.000000
0.884491 0.001182 -0.466555 -8.396033 0.466134 -0.044787 0.883580 9.306408 -0.019851 -0.998996 -0.040164 -2.900542 0.000000 0.000000 0.000000 1.000000
0.884550 0.000917 -0.466445 -8.394576 0.466003 -0.045306 0.883623 9.307782 -0.020322 -0.998973 -0.040503 -2.902617 0.000000 0.000000 0.000000 1.000000
0.884633 0.000182 -0.466289 -8.383115 0.465799 -0.046185 0.883685 9.302402 -0.021374 -0.998933 -0.040942 -2.903887 0.000000 0.000000 0.000000 1.000000
0.884685 -0.001184 -0.466188 -8.357601 0.465620 -0.047169 0.883727 9.294458 -0.023036 -0.998886 -0.041178 -2.909594 0.000000 0.000000 0.000000 1.000000
0.884726 -0.002847 -0.466104 -8.340022 0.465440 -0.048274 0.883762 9.301752 -0.025017 -0.998830 -0.041384 -2.911008 0.000000 0.000000 0.000000 1.000000
0.885202 -0.004316 -0.465186 -8.345958 0.464406 -0.050447 0.884185 9.314208 -0.027283 -0.998717 -0.042652 -2.858335 0.000000 0.000000 0.000000 1.000000
0.887825 -0.006288 -0.460138 -8.296067 0.459196 -0.053298 0.886735 9.267170 -0.030101 -0.998559 -0.044432 -2.678507 0.000000 0.000000 0.000000 1.000000
0.893734 -0.011173 -0.448457 -8.005327 0.447350 -0.052287 0.892829 9.126812 -0.033424 -0.998570 -0.041732 -2.384978 0.000000 0.000000 0.000000 1.000000
0.901220 -0.021031 -0.432852 -7.399693 0.431850 -0.039811 0.901067 8.966228 -0.036182 -0.998986 -0.026796 -2.215107 0.000000 0.000000 0.000000 1.000000
0.907206 -0.034036 -0.419308 -6.719543 0.419104 -0.013255 0.907841 8.884968 -0.036457 -0.999333 0.002240 -2.492668 0.000000 0.000000 0.000000 1.000000
0.910137 -0.046092 -0.411736 -5.998508 0.412265 0.002202 0.911061 9.167240 -0.041086 -0.998935 0.021006 -2.980473 0.000000 0.000000 0.000000 1.000000
0.911846 -0.050340 -0.407435 -5.053002 0.407877 -0.001621 0.913035 9.830030 -0.046623 -0.998731 0.019054 -2.990951 0.000000 0.000000 0.000000 1.000000
0.916217 -0.055009 -0.396889 -4.056042 0.397192 -0.005771 0.917717 10.322886 -0.052773 -0.998469 0.016561 -3.331464 0.000000 0.000000 0.000000 1.000000
0.927625 -0.060115 -0.368645 -3.027519 0.370070 0.014193 0.928896 10.325644 -0.050608 -0.998091 0.035412 -3.987200 0.000000 0.000000 0.000000 1.000000
0.946334 -0.067594 -0.316044 -2.333898 0.320665 0.074343 0.944271 9.796127 -0.040332 -0.994939 0.092029 -4.973826 0.000000 0.000000 0.000000 1.000000
0.964613 -0.078076 -0.251843 -1.789835 0.261082 0.149376 0.953689 9.375631 -0.036841 -0.985693 0.164474 -5.384188 0.000000 0.000000 0.000000 1.000000
0.975600 -0.089729 -0.200384 -1.257298 0.215853 0.225048 0.950137 9.354418 -0.040159 -0.970207 0.238925 -4.888320 0.000000 0.000000 0.000000 1.000000
0.980635 -0.100574 -0.168049 -0.696957 0.190570 0.292194 0.937180 9.633013 -0.045153 -0.951056 0.305702 -3.930028 0.000000 0.000000 0.000000 1.000000
0.984273 -0.102044 -0.144204 -0.076387 0.171239 0.350517 0.920769 10.065892 -0.043413 -0.930981 0.362478 -2.744175 0.000000 0.000000 0.000000 1.000000
0.988301 -0.095794 -0.118677 0.497300 0.147608 0.404982 0.902331 10.426056 -0.038376 -0.909293 0.414384 -1.555229 0.000000 0.000000 0.000000 1.000000
0.991810 -0.090704 -0.089916 0.877921 0.121749 0.458728 0.880196 10.587721 -0.038590 -0.883935 0.466014 -0.546508 0.000000 0.000000 0.000000 1.000000
0.993699 -0.093197 -0.062270 0.990459 0.101413 0.510954 0.853605 10.589437 -0.047736 -0.854541 0.517186 0.122193 0.000000 0.000000 0.000000 1.000000
0.994054 -0.101826 -0.038580 0.875984 0.089343 0.560168 0.823547 10.582266 -0.062247 -0.822097 0.565934 0.475558 0.000000 0.000000 0.000000 1.000000
0.993718 -0.110465 -0.017931 0.635094 0.081587 0.605427 0.791708 10.650585 -0.076600 -0.788198 0.610636 0.693113 0.000000 0.000000 0.000000 1.000000
0.993252 -0.115967 0.001193 0.337296 0.074404 0.645081 0.760483 10.742046 -0.088961 -0.755263 0.649357 0.956889 0.000000 0.000000 0.000000 1.000000
0.992885 -0.117896 0.016755 0.033682 0.067965 0.676584 0.733222 10.754696 -0.097780 -0.726866 0.679782 1.313876 0.000000 0.000000 0.000000 1.000000
0.992880 -0.116559 0.024562 -0.223293 0.064657 0.700524 0.710694 10.673327 -0.100044 -0.704046 0.703072 1.677515 0.000000 0.000000 0.000000 1.000000
0.993250 -0.113172 0.025434 -0.393116 0.064451 0.720761 0.690181 10.566421 -0.096441 -0.683883 0.723190 1.895589 0.000000 0.000000 0.000000 1.000000
0.993763 -0.108636 0.025164 -0.436400 0.063918 0.739833 0.669747 10.511747 -0.091376 -0.663962 0.742163 1.922452 0.000000 0.000000 0.000000 1.000000
0.994145 -0.104775 0.026406 -0.336681 0.062494 0.756913 0.650521 10.563848 -0.088145 -0.645062 0.759029 1.886489 0.000000 0.000000 0.000000 1.000000
0.993860 -0.106994 0.028200 -0.157484 0.065032 0.771038 0.633460 10.723166 -0.089519 -0.627737 0.773261 1.832871 0.000000 0.000000 0.000000 1.000000
0.992257 -0.120410 0.030443 0.026688 0.076109 0.783205 0.617088 10.922181 -0.098147 -0.609993 0.786305 1.747689 0.000000 0.000000 0.000000 1.000000
0.988994 -0.143861 0.034557 0.153376 0.094663 0.794773 0.599479 11.119297 -0.113707 -0.589610 0.799644 1.612800 0.000000 0.000000 0.000000 1.000000
0.984312 -0.171376 0.041946 0.135514 0.115764 0.806730 0.579470 11.357128 -0.133146 -0.565523 0.813914 1.464816 0.000000 0.000000 0.000000 1.000000
0.978849 -0.198149 0.050910 -0.119436 0.137196 0.820374 0.555126 11.618210 -0.151762 -0.536399 0.830207 1.414918 0.000000 0.000000 0.000000 1.000000
0.972499 -0.225097 0.059810 -0.643106 0.161398 0.836456 0.523729 11.848145 -0.167918 -0.499673 0.849783 1.581326 0.000000 0.000000 0.000000 1.000000
0.965942 -0.251080 0.062570 -1.342602 0.190698 0.854191 0.483727 12.104763 -0.174901 -0.455320 0.872979 1.856716 0.000000 0.000000 0.000000 1.000000
0.961223 -0.271203 0.049991 -2.095494 0.223214 0.871591 0.436468 12.517366 -0.161943 -0.408385 0.898330 1.959864 0.000000 0.000000 0.000000 1.000000
0.958866 -0.283430 0.015591 -2.887093 0.255646 0.886132 0.386543 13.167757 -0.123374 -0.366657 0.922140 1.741223 0.000000 0.000000 0.000000 1.000000
0.955464 -0.292336 -0.040363 -3.386184 0.288349 0.895694 0.338507 14.072817 -0.062805 -0.335070 0.940098 1.775382 0.000000 0.000000 0.000000 1.000000
0.945937 -0.309053 -0.098431 -3.598403 0.324331 0.898083 0.297080 15.236433 -0.003414 -0.312944 0.949766 1.879458 0.000000 0.000000 0.000000 1.000000
0.930402 -0.334315 -0.150284 -3.717127 0.363690 0.893032 0.264996 16.988441 0.045616 -0.301210 0.952466 1.865586 0.000000 0.000000 0.000000 1.000000
0.912872 -0.356412 -0.199084 -3.817566 0.398437 0.884075 0.244254 19.572987 0.088951 -0.302295 0.949055 1.859124 0.000000 0.000000 0.000000 1.000000
0.898544 -0.369606 -0.236664 -4.113463 0.421931 0.875906 0.234014 22.944180 0.120802 -0.310128 0.942989 1.801728 0.000000 0.000000 0.000000 1.000000
0.888902 -0.379039 -0.257261 -4.652588 0.436124 0.872057 0.222062 26.936466 0.140176 -0.309589 0.940481 1.544384 0.000000 0.000000 0.000000 1.000000
0.879736 -0.391440 -0.269886 -5.268650 0.447271 0.873879 0.190485 31.368465 0.161284 -0.288289 0.943863 0.904319 0.000000 0.000000 0.000000 1.000000
0.866893 -0.409644 -0.284058 -5.691898 0.458383 0.879006 0.131276 36.068008 0.195912 -0.244010 0.949778 -0.245903 0.000000 0.000000 0.000000 1.000000
0.849652 -0.436475 -0.295941 -5.861298 0.470196 0.881122 0.050400 41.018570 0.238762 -0.181972 0.953876 -1.957481 0.000000 0.000000 0.000000 1.000000
0.829199 -0.472943 -0.297915 -5.895693 0.482701 0.874630 -0.044964 46.245010 0.281831 -0.106520 0.953533 -3.898723 0.000000 0.000000 0.000000 1.000000
0.808728 -0.513991 -0.285957 -6.068660 0.490958 0.857634 -0.153047 51.616714 0.323912 -0.016620 0.945941 -5.682319 0.000000 0.000000 0.000000 1.000000
0.793354 -0.548476 -0.264127 -6.493194 0.484529 0.831587 -0.271468 56.741211 0.368538 0.087393 0.925496 -7.087392 0.000000 0.000000 0.000000 1.000000
0.785480 -0.568469 -0.244673 -7.028567 0.455637 0.798721 -0.392989 61.216805 0.418827 0.197202 0.886394 -8.095792 0.000000 0.000000 0.000000 1.000000
0.782503 -0.575613 -0.237400 -7.524788 0.404725 0.759954 -0.508594 64.844208 0.473166 0.301894 0.827631 -8.801339 0.000000 0.000000 0.000000 1.000000
0.780147 -0.579482 -0.235735 -8.075703 0.346059 0.713655 -0.609048 67.595360 0.521166 0.393569 0.757291 -9.433072 0.000000 0.000000 0.000000 1.000000
0.779698 -0.582556 -0.229564 -8.724602 0.292913 0.663378 -0.688572 69.507042 0.553420 0.469636 0.687873 -10.165983 0.000000 0.000000 0.000000 1.000000
0.784553 -0.581488 -0.215285 -9.299688 0.252599 0.616811 -0.745479 70.772606 0.566277 0.530487 0.630804 -10.938783 0.000000 0.000000 0.000000 1.000000
0.793738 -0.575639 -0.196520 -9.569923 0.227264 0.580346 -0.782016 71.644356 0.564209 0.576054 0.591465 -11.509903 0.000000 0.000000 0.000000 1.000000
0.803230 -0.567497 -0.181022 -9.374981 0.213979 0.558505 -0.801427 72.406464 0.555909 0.604995 0.570041 -11.687332 0.000000 0.000000 0.000000 1.000000
0.810052 -0.558566 -0.178383 -8.650877 0.205982 0.555908 -0.805318 73.322266 0.548988 0.615606 0.565369 -11.438150 0.000000 0.000000 0.000000 1.000000
0.812741 -0.549390 -0.193964 -7.435286 0.196896 0.572323 -0.796039 74.436981 0.548346 0.608783 0.573324 -10.784924 0.000000 0.000000 0.000000 1.000000
0.812428 -0.540624 -0.218373 -5.903852 0.187626 0.597014 -0.779981 75.608208 0.552048 0.592706 0.586466 -9.775076 0.000000 0.000000 0.000000 1.000000
0.813007 -0.532707 -0.235038 -4.315200 0.184616 0.618686 -0.763639 76.716827 0.552211 0.577452 0.601342 -8.539665 0.000000 0.000000 0.000000 1.000000
0.819849 -0.518958 -0.241930 -2.847029 0.184398 0.639320 -0.746503 77.714424 0.542074 0.567408 0.619841 -7.250699 0.000000 0.000000 0.000000 1.000000
0.834203 -0.488198 -0.256454 -1.526064 0.170288 0.670368 -0.722225 78.590279 0.524507 0.558811 0.642357 -6.038368 0.000000 0.000000 0.000000 1.000000
0.849284 -0.437676 -0.295224 -0.346406 0.131505 0.716958 -0.684600 79.335144 0.511296 0.542596 0.666457 -4.945697 0.000000 0.000000 0.000000 1.000000
0.856840 -0.374579 -0.354283 0.660415 0.074400 0.769787 -0.633950 80.040817 0.510187 0.516835 0.687452 -3.892453 0.000000 0.000000 0.000000 1.000000
0.855658 -0.311452 -0.413335 1.400652 0.015966 0.814158 -0.580424 80.802711 0.517295 0.490046 0.701614 -2.813214 0.000000 0.000000 0.000000 1.000000
0.851128 -0.258252 -0.457042 1.844182 -0.030624 0.844716 -0.534338 81.669556 0.524065 0.468786 0.711052 -1.733421 0.000000 0.000000 0.000000 1.000000
0.849365 -0.216596 -0.481316 2.078201 -0.060736 0.865752 -0.496775 82.596115 0.524299 0.451176 0.722184 -0.668895 0.000000 0.000000 0.000000 1.000000
0.853777 -0.182076 -0.487763 2.162456 -0.076795 0.882567 -0.463872 83.482681 0.514944 0.433501 0.739533 0.400593 0.000000 0.000000 0.000000 1.000000
0.864552 -0.149456 -0.479804 2.029024 -0.084843 0.897640 -0.432487 84.185684 0.495329 0.414615 0.763376 1.443281 0.000000 0.000000 0.000000 1.000000
0.878175 -0.119719 -0.463115 1.590425 -0.088223 0.911027 -0.402799 84.606972 0.470133 0.394585 0.789479 2.347267 0.000000 0.000000 0.000000 1.000000
0.889732 -0.098024 -0.445835 0.921604 -0.087237 0.922159 -0.376846 84.779076 0.448071 0.374185 0.811923 3.012642 0.000000 0.000000 0.000000 1.000000
0.896867 -0.086196 -0.433820 0.255046 -0.082272 0.931198 -0.355108 84.847511 0.434581 0.354176 0.828069 3.401411 0.000000 0.000000 0.000000 1.000000
0.900196 -0.081170 -0.427853 -0.210141 -0.074601 0.939210 -0.335142 84.885269 0.429047 0.333612 0.839417 3.504723 0.000000 0.000000 0.000000 1.000000
0.900873 -0.080450 -0.426562 -0.427443 -0.064683 0.946825 -0.315179 84.813248 0.429236 0.311527 0.847766 3.302769 0.000000 0.000000 0.000000 1.000000
0.899145 -0.085831 -0.429153 -0.437732 -0.052559 0.952307 -0.300582 84.574020 0.434484 0.292823 0.851750 2.794651 0.000000 0.000000 0.000000 1.000000
0.895277 -0.099883 -0.434169 -0.308820 -0.039739 0.952755 -0.301131 84.235397 0.443734 0.286849 0.849010 2.040914 0.000000 0.000000 0.000000 1.000000
0.890955 -0.119836 -0.437993 -0.113161 -0.028965 0.947587 -0.318182 83.897202 0.453166 0.296173 0.840787 1.177850 0.000000 0.000000 0.000000 1.000000
0.887970 -0.139136 -0.438349 0.102782 -0.021002 0.939876 -0.340868 83.550858 0.459421 0.311887 0.831660 0.345036 0.000000 0.000000 0.000000 1.000000
0.886140 -0.153736 -0.437173 0.315995 -0.014690 0.933576 -0.358079 83.083961 0.463184 0.323730 0.825021 -0.395926 0.000000 0.000000 0.000000 1.000000
0.884570 -0.163209 -0.436920 0.497626 -0.010391 0.929648 -0.368303 82.432159 0.466292 0.330330 0.820643 -1.030376 0.000000 0.000000 0.000000 1.000000
0.883820 -0.168947 -0.436256 0.610683 -0.008537 0.926536 -0.376110 81.694786 0.467750 0.336138 0.817448 -1.549440 0.000000 0.000000 0.000000 1.000000
0.884787 -0.172341 -0.432955 0.667361 -0.007811 0.923483 -0.383561 81.013405 0.465930 0.342751 0.815740 -1.934845 0.000000 0.000000 0.000000 1.000000
0.887391 -0.174043 -0.426903 0.717903 -0.006505 0.921183 -0.389076 80.454002 0.460971 0.348040 0.816317 -2.185178 0.000000 0.000000 0.000000 1.000000
0.891033 -0.173968 -0.419280 0.792606 -0.004719 0.920048 -0.391777 80.010139 0.453914 0.351065 0.818972 -2.322015 0.000000 0.000000 0.000000 1.000000
0.894997 -0.172090 -0.411539 0.882530 -0.003692 0.919697 -0.392613 79.671577 0.446056 0.352907 0.822491 -2.371308 0.000000 0.000000 0.000000 1.000000
0.898983 -0.169040 -0.404048 0.977008 -0.003582 0.919651 -0.392721 79.455109 0.437968 0.354497 0.826145 -2.346120 0.000000 0.000000 0.000000 1.000000
0.903217 -0.165719 -0.395899 1.095153 -0.003415 0.919642 -0.392743 79.368835 0.429171 0.356084 0.830070 -2.251159 0.000000 0.000000 0.000000 1.000000
0.907693 -0.161903 -0.387145 1.274953 -0.003460 0.919655 -0.392712 79.401154 0.419621 0.357801 0.834204 -2.098263 0.000000 0.000000 0.000000 1.000000</float_array>
        <technique_common>
          <accessor source="#mixamorig_Hips-Matrix-animation-output-transform-array" count="93" stride="16">
            <param type="float4x4"/>
          </accessor>
        </technique_common>
      </source>
      <source id="mixamorig_Hips-Interpolations">
        <Name_array id="mixamorig_Hips-Interpolations-array" count="93">
 LINEAR LINEAR LINEAR LINEAR LINEAR LINEAR LINEAR LINEAR LINEAR LINEAR LINEAR
LINEAR LINEAR LINEAR LINEAR LINEAR LINEAR LINEAR LINEAR LINEAR LINEAR LINEAR LINEAR
LINEAR LINEAR LINEAR LINEAR LINEAR LINEAR LINEAR LINEAR LINEAR LINEAR LINEAR LINEAR
LINEAR LINEAR LINEAR LINEAR LINEAR LINEAR LINEAR LINEAR LINEAR LINEAR LINEAR LINEAR
LINEAR LINEAR LINEAR LINEAR LINEAR LINEAR LINEAR LINEAR LINEAR LINEAR LINEAR LINEAR
LINEAR LINEAR LINEAR LINEAR LINEAR LINEAR LINEAR LINEAR LINEAR LINEAR LINEAR LINEAR
LINEAR LINEAR LINEAR LINEAR LINEAR LINEAR LINEAR LINEAR LINEAR LINEAR LINEAR LINEAR
LINEAR LINEAR LINEAR LINEAR LINEAR LINEAR LINEAR LINEAR LINEAR LINEAR</Name_array>
        <technique_common>
          <accessor source="#mixamorig_Hips-Interpolations-array" count="93">
            <param type="name"/>
          </accessor>
        </technique_common>
      </source>
      <sampler id="mixamorig_Hips-Matrix-animation-transform">
        <input semantic="INPUT" source="#mixamorig_Hips-Matrix-animation-input"/>
        <input semantic="OUTPUT" source="#mixamorig_Hips-Matrix-animation-output-transform"/>
        <input semantic="INTERPOLATION" source="#mixamorig_Hips-Interpolations"/>
      </sampler>
      <channel source="#mixamorig_Hips-Matrix-animation-transform" target="mixamorig_Hips/matrix"/>
    </animation>
    <animation id="mixamorig_Spine-anim" name="mixamorig_Spine">
      <source id="mixamorig_Spine-Matrix-animation-input">
        <float_array id="mixamorig_Spine-Matrix-animation-input-array" count="93">

0.000000 0.033333 0.066667 0.100000 0.133333 0.166667 0.200000 0.233333 0.266667 0.300000 0.333333 0.366667 0.400000 0.433333 0.466667 0.500000
0.533333 0.566667 0.600000 0.633333 0.666667 0.700000 0.733333 0.766667 0.800000 0.833333 0.866667 0.900000 0.933333 0.966667 1.000000 1.033333
1.066667 1.100000 1.133333 1.166667 1.200000 1.233333 1.266667 1.300000 1.333333 1.366667 1.400000 1.433333 1.466667 1.500000 1.533333 1.566667
1.600000 1.633333 1.666667 1.700000 1.733333 1.766667 1.800000 1.833333 1.866667 1.900000 1.933333 1.966667 2.000000 2.033333 2.066667 2.100000
2.133333 2.166667 2.200000 2.233333 2.266667 2.300000 2.333333 2.366667 2.400000 2.433333 2.466667 2.500000 2.533333 2.566667 2.600000 2.633333
2.666667 2.700000 2.733333 2.766667 2.800000 2.833333 2.866667 2.900000 2.933333 2.966667 3.000000 3.033333 3.066667</float_array>
        <technique_common>
          <accessor source="#mixamorig_Spine-Matrix-animation-input-array" count="93">
            <param name="TIME" type="float"/>
          </accessor>
        </technique_common>
      </source>
      <source id="mixamorig_Spine-Matrix-animation-output-transform">
        <float_array id="mixamorig_Spine-Matrix-animation-output-transform-array" count="1488">

0.931910 -0.036913 0.360806 -0.000000 0.068104 0.994921 -0.074116 12.246100 -0.356237 0.093642 0.929691 0.234600 0.000000 0.000000 0.000000 1.000000
0.932211 -0.036436 0.360076 -0.000000 0.068455 0.994711 -0.076571 12.246100 -0.355382 0.096029 0.929775 0.234600 0.000000 0.000000 0.000000 1.000000
0.933082 -0.035706 0.357887 -0.000000 0.068786 0.994408 -0.080127 12.246100 -0.353025 0.099383 0.930321 0.234600 0.000000 0.000000 0.000000 1.000000
0.934330 -0.034688 0.354717 -0.000000 0.068962 0.994039 -0.084440 12.246100 -0.349674 0.103357 0.931153 0.234600 0.000000 0.000000 0.000000 1.000000
0.935858 -0.033192 0.350810 0.000000 0.068785 0.993610 -0.089488 12.246100 -0.345598 0.107879 0.932161 0.234600 0.000000 0.000000 0.000000 1.000000
0.937532 -0.031036 0.346513 0.000000 0.068088 0.993120 -0.095269 12.246100 -0.341172 0.112911 0.933195 0.234600 0.000000 0.000000 0.000000 1.000000
0.939244 -0.028225 0.342089 -0.000000 0.066777 0.992597 -0.101446 12.246100 -0.336693 0.118126 0.934176 0.234600 0.000000 0.000000 0.000000 1.000000
0.941038 -0.025060 0.337370 0.000000 0.065020 0.992058 -0.107672 12.246100 -0.331993 0.123259 0.935194 0.234600 0.000000 0.000000 0.000000 1.000000
0.943374 -0.021606 0.331025 0.000000 0.063058 0.991362 -0.114999 12.246100 -0.325681 0.129361 0.936588 0.234600 0.000000 0.000000 0.000000 1.000000
0.947209 -0.017248 0.320154 0.000000 0.060739 0.990123 -0.126361 12.246100 -0.314812 0.139136 0.938901 0.234600 0.000000 0.000000 0.000000 1.000000
0.953571 -0.011243 0.300959 -0.000000 0.056987 0.987986 -0.143652 12.246100 -0.295729 0.154134 0.942755 0.234600 0.000000 0.000000 0.000000 1.000000
0.963053 -0.003430 0.269292 0.000000 0.049488 0.985146 -0.164433 12.246100 -0.264728 0.171684 0.948917 0.234600 0.000000 0.000000 0.000000 1.000000
0.974898 0.004449 0.222607 0.000000 0.037838 0.981946 -0.185339 12.246100 -0.219412 0.189110 0.957129 0.234600 0.000000 0.000000 0.000000 1.000000
0.985736 0.009494 0.168029 0.000000 0.025637 0.978284 -0.205676 12.246100 -0.166333 0.207050 0.964087 0.234600 0.000000 0.000000 0.000000 1.000000
0.992976 0.006497 0.118134 -0.000000 0.020842 0.973272 -0.228709 12.246100 -0.116462 0.229565 0.966300 0.234600 0.000000 0.000000 0.000000 1.000000
0.996377 0.007205 0.084741 0.000000 0.014829 0.966422 -0.256530 12.246100 -0.083744 0.256857 0.962814 0.234600 0.000000 0.000000 0.000000 1.000000
0.996955 0.016556 0.076206 -0.000000 0.005888 0.958435 -0.285251 12.246100 -0.077761 0.284831 0.955418 0.234600 0.000000 0.000000 0.000000 1.000000
0.996126 0.035554 0.080435 0.000000 -0.008692 0.949957 -0.312258 12.246100 -0.087512 0.310349 0.946586 0.234600 0.000000 0.000000 0.000000 1.000000
0.995905 0.046932 0.077267 0.000000 -0.018581 0.942706 -0.333108 12.246100 -0.088473 0.330308 0.939718 0.234600 0.000000 0.000000 0.000000 1.000000
0.998361 0.032395 0.047184 -0.000000 -0.014049 0.937881 -0.346671 12.246100 -0.055483 0.345440 0.936799 0.234600 0.000000 0.000000 0.000000 1.000000
0.999977 0.005605 -0.003888 -0.000000 -0.006618 0.935322 -0.353736 12.246100 0.001654 0.353753 0.935337 0.234600 0.000000 0.000000 0.000000 1.000000
0.999009 -0.015868 -0.041585 0.000000 -0.000014 0.934179 -0.356805 12.246100 0.044509 0.356451 0.933253 0.234600 0.000000 0.000000 0.000000 1.000000
0.998589 -0.026941 -0.045764 0.000000 0.008627 0.932616 -0.360766 12.246100 0.052400 0.359862 0.931533 0.234600 0.000000 0.000000 0.000000 1.000000
0.999221 -0.029660 -0.026039 0.000000 0.018028 0.929886 -0.367406 12.246100 0.035110 0.366650 0.929696 0.234600 0.000000 0.000000 0.000000 1.000000
0.999590 -0.027761 -0.006948 0.000000 0.023121 0.926499 -0.375587 12.246100 0.016864 0.375272 0.926761 0.234600 0.000000 0.000000 0.000000 1.000000
0.999729 -0.023192 -0.001819 0.000000 0.020740 0.923989 -0.381856 12.246100 0.010537 0.381715 0.924220 0.234600 0.000000 0.000000 0.000000 1.000000
0.999834 -0.017396 -0.005472 -0.000000 0.013962 0.923230 -0.383994 12.246100 0.011732 0.383853 0.923320 0.234600 0.000000 0.000000 0.000000 1.000000
0.999850 -0.012548 -0.011956 -0.000000 0.006971 0.922724 -0.385398 12.246100 0.015868 0.385256 0.922673 0.234600 0.000000 0.000000 0.000000 1.000000
0.999746 -0.010100 -0.020134 -0.000000 0.001425 0.920417 -0.390935 12.246100 0.022480 0.390808 0.920198 0.234600 0.000000 0.000000 0.000000 1.000000
0.999588 -0.008380 -0.027457 0.000000 -0.003303 0.916523 -0.399969 12.246100 0.028517 0.399895 0.916117 0.234600 0.000000 0.000000 0.000000 1.000000
